2.79919 1
2.79988 1
2.80039 1
2.80108 1
2.80159 1
2.80228 1
2.80279 1
2.80347 1
2.80398 1
2.80465 1
2.80516 1
2.80567 1
2.80634 1
2.80685 1
2.80735 1
2.80802 1
2.80852 1
2.80902 1
2.80952 1
2.81018 1
2.81068 1
2.81117 1
2.81167 1
2.81216 1
2.81282 1
2.81331 1
2.81381 1
2.8143 1
2.81479 1
2.81527 1
2.81576 1
2.81625 1
2.81674 1
2.81738 1
2.81787 1
2.81835 1
2.81883 1
2.81932 1
2.8198 1
2.82028 1
2.82076 1
2.82124 1
2.82171 1
2.82219 1
2.82251 1
2.82298 1
2.82346 1
2.82393 1
2.8244 1
2.82487 1
2.82534 1
2.82581 1
2.82628 1
2.82659 1
2.82706 1
2.82752 1
2.82799 1
2.82845 1
2.82891 1
2.82922 1
2.82968 1
2.83014 1
2.8306 1
2.8309 1
2.83136 1
2.83182 1
2.83212 1
2.83257 1
2.83303 1
2.83348 1
2.83378 1
2.83423 1
2.83468 1
2.83498 1
2.83543 1
2.83573 1
2.83617 1
2.83662 1
2.83691 1
2.83736 1
2.8378 1
2.8381 1
2.83854 1
2.83883 1
2.83927 1
2.83956 1
2.84 1
2.84044 1
2.84073 1
2.84117 1
2.84146 1
2.84189 1
2.84218 1
2.84262 1
2.8429 1
2.84334 1
2.84362 1
2.84405 1
2.84434 1
2.84477 1
2.84506 1
2.84548 1
2.84577 1
2.84605 1
2.84648 1
2.84676 1
2.84719 1
2.84747 1
2.84789 1
2.84818 1
2.84846 1
2.84888 1
2.84916 1
2.84958 1
2.84986 1
2.85014 1
2.85056 1
2.85084 1
2.85125 1
2.85153 1
2.85181 1
2.85222 1
2.8525 1
2.85277 1
2.85319 1
2.85346 1
2.85374 1
2.85415 1
2.85442 1
2.8547 1
2.85511 1
2.85538 1
2.85565 1
2.85606 1
2.85633 1
2.85661 1
2.85701 1
2.85728 1
2.85755 1
2.85782 1
2.85823 1
2.8585 1
2.85877 1
2.85917 1
2.85944 1
2.85971 1
2.85998 1
2.86038 1
2.86065 1
2.86091 1
2.86118 1
2.86158 1
2.86185 1
2.86211 1
2.86238 1
2.86278 1
2.86304 1
2.86331 1
2.86357 1
2.86384 1
2.86424 1
2.8645 1
2.86476 1
2.86503 1
2.86542 1
2.86569 1
2.86595 1
2.86621 1
2.86647 1
2.86687 1
2.86713 1
2.86739 1
2.86765 1
2.86791 1
2.8683 1
2.86856 1
2.86883 1
2.86909 1
2.86935 1
2.8696 1
2.86999 1
2.87025 1
2.87051 1
2.87077 1
2.87103 1
2.87129 1
2.87167 1
2.87193 1
2.87219 1
2.87245 1
2.8727 1
2.87296 1
2.87335 1
2.8736 1
2.87386 1
2.87411 1
2.87437 1
2.87463 1
2.87488 1
2.87514 1
2.87552 1
2.87577 1
2.87603 1
2.87628 1
2.87653 1
2.87679 1
2.87704 1
2.87729 1
2.87767 1
2.87793 1
2.87818 1
2.87843 1
2.87868 1
2.87893 1
2.87919 1
2.87944 1
2.87969 1
2.87994 1
2.88031 1
2.88057 1
2.88082 1
2.88107 1
2.88131 1
2.88156 1
2.88181 1
2.88206 1
2.88231 1
2.88256 1
2.88281 1
2.88306 1
2.8833 1
2.88368 1
2.88392 1
2.88417 1
2.88442 1
2.88467 1
2.88491 1
2.88516 1
2.8854 1
2.88565 1
2.8859 1
2.88614 1
2.88639 1
2.88663 1
2.88688 1
2.88712 1
2.88737 1
2.88761 1
2.88786 1
2.8881 1
2.88834 1
2.88859 1
2.88883 1
2.88907 1
2.88932 1
2.88968 1
2.88992 1
2.89016 1
2.89041 1
2.89065 1
2.89089 1
2.89113 1
2.89137 1
2.89161 1
2.89185 1
2.8921 1
2.89234 1
2.89258 1
2.89282 1
2.89306 1
2.8933 1
2.89355 1
2.89379 1
2.89405 1
2.89429 1
2.89455 1
2.89479 1
2.89505 1
2.89529 1
2.89554 1
2.89578 1
2.89604 1
2.89628 1
2.89666 1
2.89691 1
2.89715 1
2.8974 1
2.89764 1
2.8979 1
2.89814 1
2.89839 1
2.89863 1
2.89889 1
2.89913 1
2.89938 1
2.89962 1
2.89987 1
2.90011 1
2.90036 1
2.9006 1
2.90097 1
2.90121 1
2.90146 1
2.9017 1
2.90195 1
2.90219 1
2.90244 1
2.90268 1
2.90293 1
2.90317 1
2.90342 1
2.90366 1
2.90391 1
2.90415 1
2.90439 1
2.90463 1
2.90488 1
2.90512 1
2.90536 1
2.9056 1
2.90584 1
2.90608 1
2.90633 1
2.90657 1
2.90681 1
2.90705 1
2.90729 1
2.90753 1
2.90777 1
2.90801 1
2.90825 1
2.90849 1
2.90873 1
2.90897 1
2.90921 1
2.90945 1
2.90969 1
2.90993 1
2.91017 1
2.91041 1
2.91065 1
2.91089 1
2.91113 1
2.91137 1
2.91161 1
2.91185 1
2.91209 1
2.91233 1
2.91257 1
2.91282 1
2.91306 1
2.9133 1
2.91354 1
2.91378 1
2.91402 1
2.91426 1
2.9145 1
2.91474 1
2.91498 1
2.91522 1
2.91546 1
2.9157 1
2.91594 1
2.91618 1
2.91642 1
2.91666 1
2.9169 1
2.91714 1
2.91738 1
2.91762 1
2.91786 1
2.9181 1
2.91834 1
2.91858 1
2.91882 1
2.91906 1
2.9193 1
2.91954 1
2.91978 1
2.92002 1
2.92026 1
2.9205 1
2.92074 1
2.92098 1
2.92122 1
2.92146 1
2.9217 1
2.92194 1
2.92218 1
2.92242 1
2.92266 1
2.9229 1
2.92315 1
2.92339 1
2.92363 1
2.92387 1
2.92411 1
2.92435 1
2.92459 1
2.92483 1
2.92507 1
2.92531 1
2.92555 1
2.92579 1
2.92603 1
2.92627 1
2.92651 1
2.92675 1
2.92699 1
2.92723 1
2.92747 1
2.92771 1
2.92795 1
2.92819 1
2.92843 1
2.92867 1
2.92891 1
2.92915 1
2.92939 1
2.92963 1
2.92987 1
2.93011 1
2.93035 1
2.93059 1
2.93083 1
2.93107 1
2.93131 1
2.93155 1
2.93179 1
2.93203 1
2.93227 1
2.93251 1
2.93275 1
2.933 1
2.93324 1
2.93348 1
2.93372 1
2.93396 1
2.9342 1
2.93444 1
2.93468 1
2.93492 1
2.93516 1
2.9354 1
2.93564 1
2.93588 1
2.93612 1
2.93636 1
2.9366 1
2.93684 1
2.93708 1
2.93732 1
2.93756 1
2.9378 1
2.93804 1
2.93828 1
2.93852 1
2.93876 1
2.939 1
2.93924 1
2.93948 1
2.93972 1
2.93996 1
2.9402 1
2.94044 1
2.94068 1
2.94092 1
2.94116 1
2.9414 1
2.94164 1
2.94188 1
2.94212 1
2.94237 1
2.94261 1
2.94285 1
2.94309 1
2.94333 1
2.94357 1
2.94381 1
2.94405 1
2.94429 1
2.94453 1
2.94477 1
2.94501 1
2.94525 1
2.94549 1
2.94573 1
2.94597 1
2.94621 1
2.94645 1
2.94669 1
2.94693 1
2.94717 1
2.94741 1
2.94765 1
2.94789 1
2.94813 1
2.94837 1
2.94861 1
2.94885 1
2.94909 1
2.94933 1
2.94957 1
2.94981 1
2.95005 1
2.95029 1
2.95053 1
2.95077 1
2.95101 1
2.95125 1
2.95149 1
2.95174 1
2.95198 1
2.95222 1
2.95246 1
2.9527 1
2.95294 1
2.95318 1
2.95342 1
2.95366 1
2.9539 1
2.95414 1
2.95438 1
2.95462 1
2.95486 1
2.9551 1
2.95534 1
2.95558 1
2.95582 1
2.95606 1
2.9563 1
2.95654 1
2.95678 1
2.95702 1
2.95726 1
2.9575 1
2.95774 1
2.95798 1
2.95822 1
2.95846 1
2.9587 1
2.95894 1
2.95918 1
2.95942 1
2.95966 1
2.9599 1
2.96014 1
2.96038 1
2.96063 1
2.96087 1
2.96111 1
2.96135 1
2.96159 1
2.96183 1
2.96207 1
2.96231 1
2.96255 1
2.96279 1
2.96303 1
2.96327 1
2.96351 1
2.96375 1
2.96399 1
2.96423 1
2.96447 1
2.96471 1
2.96495 1
2.96519 1
2.96543 1
2.96567 1
2.96591 1
2.96615 1
2.96639 1
2.96663 1
2.96687 1
2.96711 1
2.96735 1
2.96759 1
2.96783 1
2.96807 1
2.96831 1
2.96855 1
2.96879 1
2.96903 1
2.96927 1
2.96952 1
2.96976 1
2.97 1
2.97024 1
2.97048 1
2.97072 1
2.97096 1
2.9712 1
2.97144 1
2.97168 1
2.97192 1
2.97216 1
2.9724 1
2.97264 1
2.97288 1
2.97312 1
2.97336 1
2.9736 1
2.97384 1
2.97408 1
2.97432 1
2.97456 1
2.9748 1
2.97504 1
2.97528 1
2.97552 1
2.97576 1
2.976 1
2.97624 1
2.97648 1
2.97672 1
2.97696 1
2.9772 1
2.97744 1
2.97768 1
2.97792 1
2.97816 1
2.97841 1
2.97865 1
2.97889 1
2.97913 1
2.97937 1
2.97961 1
2.97985 1
2.98009 1
2.98033 1
2.98057 1
2.98081 1
2.98105 1
2.98129 1
2.98153 1
2.98177 1
2.98201 1
2.98225 1
2.98249 1
2.98273 1
2.98297 1
2.98321 1
2.98345 1
2.98369 1
2.98393 1
2.98417 1
2.98441 1
2.98465 1
2.98489 1
2.98513 1
2.98537 1
2.98561 1
2.98585 1
2.98609 1
2.98633 1
2.98657 1
2.98682 1
2.98706 1
2.9873 1
2.98754 1
2.98778 1
2.98802 1
2.98826 1
2.9885 1
2.98874 1
2.98898 1
2.98922 1
2.98946 1
2.9897 1
2.98994 1
2.99018 1
2.99042 1
2.99066 1
2.9909 1
2.99114 1
2.99138 1
2.99162 1
2.99186 1
2.9921 1
2.99234 1
2.99258 1
2.99282 1
2.99306 1
2.9933 1
2.99354 1
2.99378 1
2.99402 1
2.99426 1
2.9945 1
2.99474 1
2.99498 1
2.99523 1
2.99547 1
2.99571 1
2.99595 1
2.99619 1
2.99643 1
2.99667 1
2.99691 1
2.99715 1
2.99739 1
2.99763 1
2.99787 1
2.99811 1
2.99835 1
2.99859 1
2.99883 1
2.99907 1
2.99931 1
2.99955 1
2.99979 1
3.00003 1
3.00027 1
3.00051 1
3.00075 1
3.00099 1
3.00123 1
3.00147 1
3.00171 1
3.00195 1
3.00219 1
3.00243 1
3.00267 1
3.00291 1
3.00315 1
3.0034 1
3.00364 1
3.00388 1
3.00412 1
3.00436 1
3.0046 1
3.00484 1
3.00508 1
3.00532 1
3.00556 1
3.0058 1
3.00604 1
3.00628 1
3.00652 1
3.00676 1
3.007 1
3.00724 1
3.00748 1
3.00772 1
3.00796 1
3.0082 1
3.00844 1
3.00868 1
3.00892 1
3.00916 1
3.0094 1
3.00964 1
3.00988 1
3.01012 1
3.01036 1
3.0106 1
3.01084 1
3.01108 1
3.01132 1
3.01156 1
3.01181 1
3.01205 1
3.01229 1
3.01253 1
3.01277 1
3.01301 1
3.01325 1
3.01349 1
3.01373 1
3.01397 1
3.01421 1
3.01445 1
3.01469 1
3.01493 1
3.01517 1
3.01541 1
3.01565 1
3.01589 1
3.01613 1
3.0702 1
3.07044 1
3.07068 1
3.07092 1
3.07116 1
3.0714 1
3.07164 1
3.07188 1
3.07212 1
3.07236 1
3.07261 1
3.07285 1
3.07309 1
3.07333 1
3.07357 1
3.07381 1
3.07405 1
3.07429 1
3.07453 1
3.07477 1
3.07501 1
3.07525 1
3.07549 1
3.07573 1
3.07597 1
3.07621 1
3.07645 1
3.07669 1
3.07693 1
3.07717 1
3.07741 1
3.07765 1
3.07789 1
3.07813 1
3.07837 1
3.07861 1
3.07885 1
3.07909 1
3.07933 1
3.07957 1
3.07981 1
3.08005 1
3.0803 1
3.08054 1
3.08078 1
3.08102 1
3.08126 1
3.0815 1
3.08174 1
3.08198 1
3.08222 1
3.08246 1
3.0827 1
3.08294 1
3.08318 1
3.08342 1
3.08366 1
3.0839 1
3.08414 1
3.08438 1
3.08462 1
3.08486 1
3.0851 1
3.08534 1
3.08558 1
3.08582 1
3.08606 1
3.0863 1
3.08654 1
3.08678 1
3.08702 1
3.08726 1
3.0875 1
3.08774 1
3.08798 1
3.08823 1
3.08847 1
3.08871 1
3.08895 1
3.08919 1
3.08943 1
3.08967 1
3.08991 1
3.09015 1
3.09039 1
3.09063 1
3.09087 1
3.09111 1
3.09135 1
3.09159 1
3.09183 1
3.09207 1
3.09231 1
3.09255 1
3.09279 1
3.09303 1
3.09327 1
3.09351 1
3.09375 1
3.09399 1
3.09423 1
3.09447 1
3.09471 1
3.09495 1
3.09519 1
3.09543 1
3.09567 1
3.09592 1
3.09616 1
3.0964 1
3.09664 1
3.09688 1
3.09712 1
3.09736 1
3.0976 1
3.09784 1
3.09808 1
3.09832 1
3.09856 1
3.0988 1
3.09904 1
3.09928 1
3.09952 1
3.09976 1
3.1 1
3.10024 1
3.10048 1
3.10072 1
3.10096 1
3.1012 1
3.10144 1
3.10168 1
3.10192 1
3.10216 1
3.1024 1
3.10264 1
3.10288 1
3.10312 1
3.10336 1
3.10361 1
3.10385 1
3.10409 1
3.10433 1
3.10457 1
3.10481 1
3.10505 1
3.10529 1
3.10553 1
3.10577 1
3.10601 1
3.10625 1
3.10649 1
3.10673 1
3.10697 1
3.10721 1
3.10745 1
3.10769 1
3.10793 1
3.10817 1
3.10841 1
3.10865 1
3.10889 1
3.10913 1
3.10937 1
3.10961 1
3.10985 1
3.11009 1
3.11033 1
3.11057 1
3.11081 1
3.11105 1
3.1113 1
3.11154 1
3.11178 1
3.11202 1
3.11226 1
3.1125 1
3.11274 1
3.11298 1
3.11322 1
3.11346 1
3.1137 1
3.11394 1
3.11418 1
3.11442 1
3.11466 1
3.1149 1
3.11514 1
3.11538 1
3.11562 1
3.11586 1
3.1161 1
3.11634 1
3.11658 1
3.11682 1
3.11706 1
3.1173 1
3.11754 1
3.11778 1
3.11802 1
3.11826 1
3.1185 1
3.11875 1
3.11899 1
3.11923 1
3.11947 1
3.11971 1
3.11995 1
3.12019 1
3.12043 1
3.12067 1
3.12091 1
3.12115 1
3.12139 1
3.12163 1
3.12187 1
3.12211 1
3.12235 1
3.12259 1
3.12283 1
3.12307 1
3.12331 1
3.12355 1
3.12379 1
3.12403 1
3.12427 1
3.12451 1
3.12475 1
3.12499 1
3.12523 1
3.12547 1
3.12571 1
3.12595 1
3.1262 1
3.12644 1
3.12668 1
3.12692 1
3.12716 1
3.1274 1
3.12764 1
3.12788 1
3.12812 1
3.12836 1
3.1286 1
3.12884 1
3.12908 1
3.12932 1
3.12956 1
3.1298 1
3.13004 1
3.13028 1
3.13052 1
3.13076 1
3.131 1
3.13124 1
3.13148 1
3.13172 1
3.13196 1
3.1322 1
3.13244 1
3.13268 1
3.13292 1
3.13316 1
3.1334 1
3.13364 1
3.13389 1
3.13413 1
3.13437 1
3.13461 1
3.13485 1
3.13509 1
3.13533 1
3.13557 1
3.13581 1
3.13605 1
3.13629 1
3.13653 1
3.13677 1
3.13701 1
3.13725 1
3.13749 1
3.13773 1
3.13797 1
3.13821 1
3.13845 1
3.13869 1
3.13893 1
3.13917 1
3.13941 1
3.13965 1
3.13989 1
3.14013 1
3.14037 1
3.14061 1
3.14085 1
3.14109 1
3.14134 1
3.14158 1
3.14182 1
3.14206 1
3.1423 1
3.14254 1
3.14278 1
3.14302 1
3.14326 1
3.1435 1
3.14374 1
3.14398 1
3.14422 1
3.14446 1
3.1447 1
3.14494 1
3.14518 1
3.14542 1
3.14566 1
3.1459 1
3.14614 1
3.14638 1
3.14662 1
3.14686 1
3.1471 1
3.14734 1
3.14758 1
3.14782 1
3.14806 1
3.1483 1
3.14854 1
3.14879 1
3.14903 1
3.14927 1
3.14951 1
3.14975 1
3.14999 1
3.15023 1
3.15047 1
3.15071 1
3.15095 1
3.15119 1
3.15143 1
3.15167 1
3.15191 1
3.15215 1
3.15239 1
3.15263 1
3.15287 1
3.15311 1
3.15335 1
3.15359 1
3.15383 1
3.15407 1
3.15431 1
3.15455 1
3.15479 1
3.15503 1
3.15527 1
3.15551 1
3.15575 1
3.15599 1
3.15624 1
3.15648 1
3.15672 1
3.15696 1
3.1572 1
3.15744 1
3.15768 1
3.15792 1
3.15816 1
3.1584 1
3.15864 1
3.15888 1
3.15912 1
3.15936 1
3.1596 1
3.15984 1
3.16008 1
3.16032 1
3.16056 1
3.1608 1
3.16104 1
3.16128 1
3.16152 1
3.16176 1
3.162 1
3.16224 1
3.16248 1
3.16272 1
3.16296 1
3.1632 1
3.16344 1
3.16368 1
3.16393 1
3.16417 1
3.16441 1
3.16465 1
3.16489 1
3.16513 1
3.16537 1
3.16561 1
3.16585 1
3.16609 1
3.16633 1
3.16657 1
3.16681 1
3.16705 1
3.16729 1
3.16753 1
3.16777 1
3.16801 1
3.16825 1
3.16849 1
3.16873 1
3.16897 1
3.16921 1
3.16945 1
3.16969 1
3.16993 1
3.17017 1
3.17041 1
3.17065 1
3.17089 1
3.17113 1
3.17138 1
3.17162 1
3.17186 1
3.1721 1
3.17234 1
3.17258 1
3.17282 1
3.17306 1
3.1733 1
3.17354 1
3.17378 1
3.17402 1
3.17426 1
3.1745 1
3.17474 1
3.17498 1
3.17522 1
3.17546 1
3.1757 1
3.17594 1
3.17618 1
3.17642 1
3.17666 1
3.1769 1
3.17714 1
3.17738 1
3.17762 1
3.17786 1
3.1781 1
3.17834 1
3.17858 1
3.17883 1
3.17907 1
3.17931 1
3.17955 1
3.17979 1
3.18003 1
3.18027 1
3.18051 1
3.18075 1
3.18099 1
3.18123 1
3.18147 1
3.18171 1
3.18195 1
3.18219 1
3.18243 1
3.18267 1
3.18291 1
3.18315 1
3.18339 1
3.18363 1
3.18387 1
3.18411 1
3.18435 1
3.18459 1
3.18483 1
3.18507 1
3.18531 1
3.18555 1
3.18579 1
3.18603 1
3.18628 1
3.18652 1
3.18676 1
3.187 1
3.18724 1
3.18748 1
3.18772 1
3.18796 1
3.1882 1
3.18844 1
3.18868 1
3.18892 1
3.18916 1
3.1894 1
3.18964 1
3.18988 1
3.19012 1
3.19036 1
3.1906 1
3.19084 1
3.19108 1
3.19132 1
3.19156 1
3.1918 1
3.19204 1
3.19228 1
3.19252 1
3.19276 1
3.193 1
3.19324 1
3.19348 1
3.19372 1
3.19397 1
3.19421 1
3.19445 1
3.19469 1
3.19493 1
3.19517 1
3.19541 1
3.19565 1
3.19589 1
3.19613 1
3.19637 1
3.19661 1
3.19685 1
3.19709 1
3.19733 1
3.19757 1
3.19781 1
3.19805 1
3.19829 1
3.19853 1
3.19877 1
3.19901 1
3.19925 1
3.19949 1
3.19973 1
3.19997 1
3.20021 1
3.20045 1
3.20069 1
3.20093 1
3.20117 1
3.20142 1
3.20166 1
3.2019 1
3.20214 1
3.20238 1
3.20262 1
3.20286 1
3.2031 1
3.20334 1
3.20358 1
3.20382 1
3.20406 1
3.2043 1
3.20454 1
3.20478 1
3.20502 1
3.20526 1
3.2055 1
3.20574 1
3.20598 1
3.20622 1
3.20646 1
3.2067 1
3.20694 1
3.20718 1
3.20742 1
3.20766 1
3.2079 1
3.20814 1
3.20838 1
3.20862 1
3.20887 1
3.20911 1
3.20935 1
3.20959 1
3.20983 1
3.21007 1
3.21031 1
3.21055 1
3.21079 1
3.21103 1
3.21127 1
3.21151 1
3.21175 1
3.21199 1
3.21223 1
3.21247 1
3.21271 1
3.21295 1
3.21319 1
3.21343 1
3.21367 1
3.21391 1
3.21415 1
3.21439 1
3.21463 1
3.21487 1
3.21511 1
3.21535 1
3.21559 1
3.21583 1
3.21607 1
3.21632 1
3.21656 1
3.2168 1
3.21704 1
3.21728 1
3.21752 1
3.21776 1
3.218 1
3.21824 1
3.21848 1
3.21872 1
3.21896 1
3.2192 1
3.21944 1
3.21968 1
3.21992 1
3.22016 1
3.2204 1
3.22064 1
3.22088 1
3.22112 1
3.22136 1
3.2216 1
3.22184 1
3.22208 1
3.22232 1
3.22256 1
3.2228 1
3.22304 1
3.22328 1
3.22352 1
3.22376 1
3.22401 1
3.22425 1
3.22449 1
3.22473 1
3.22497 1
3.22521 1
3.22545 1
3.22569 1
3.22593 1
3.22617 1
3.22641 1
3.22665 1
3.22689 1
3.22713 1
3.22737 1
3.22761 1
3.22785 1
3.22809 1
3.22833 1
3.22857 1
3.22881 1
3.22905 1
3.22929 1
3.22953 1
3.22977 1
3.23001 1
3.23025 1
3.23049 1
3.23073 1
3.23097 1
3.23121 1
3.23146 1
3.2317 1
3.23194 1
3.23218 1
3.23266 1
3.2329 1
3.23338 1
3.23386 1
3.2341 1
3.23458 1
3.23506 1
3.2353 1
3.23578 1
3.23626 1
3.2365 1
3.23698 1
3.23746 1
3.2377 1
3.23818 1
3.23866 1
3.23915 1
3.23939 1
3.23987 1
3.24035 1
3.24083 1
3.24107 1
3.24155 1
3.24203 1
3.24251 1
3.24299 1
3.24323 1
3.24371 1
3.24419 1
3.24467 1
3.24515 1
3.24563 1
3.24587 1
3.24636 1
3.24684 1
3.24732 1
3.2478 1
3.24828 1
3.24876 1
3.24924 1
3.24972 1
3.2502 1
3.25044 1
3.25092 1
3.2514 1
3.25188 1
3.25236 1
3.25284 1
3.25332 1
3.2538 1
3.25429 1
3.25477 1
3.25525 1
3.25597 1
3.25645 1
3.25693 1
3.25741 1
3.25789 1
3.25837 1
3.25885 1
3.25933 1
3.26005 1
3.26053 1
3.26101 1
3.2615 1
3.26198 1
3.2627 1
3.26318 1
3.26366 1
3.26438 1
3.26486 1
3.26558 1
3.26606 1
3.26654 1
3.26726 1
3.26774 1
3.26846 1
3.26919 1
3.26967 1
3.27039 1
3.27087 1
3.27159 1
3.27231 1
3.27303 1
3.27351 1
3.27423 1
3.27495 1
3.27567 1
3.2764 1
3.27712 1
3.27784 1
3.27856 1
3.27952 1
3.28024 1
3.28096 1
3.28192 1
3.28264 1
3.2836 1
3.28433 1
3.28529 1
3.28625 1
3.28721 1
3.28817 1
3.28913 1
3.29009 1
3.29129 1
3.29226 1
3.29346 1
3.29466 1
3.29586 1
3.2973 1
3.2985 1
3.29995 1
3.30139 1
3.30307 1
3.30475 1
3.30644 1
3.3086 1
3.31076 1
3.3134 1
3.31677 1
3.32278 1
3.32975 1
3.33407 1
3.4487 1
3.44943 1
3.45015 1
3.45039 1
3.45063 1
3.45087 1
3.45111 1
3.45135 1
3.45159 1
3.45183 1
3.45207 1
3.45231 1
3.45255 1
3.45279 1
3.45303 1
3.45327 1
3.45351 1
3.45375 1
3.45399 1
3.45423 1
3.45447 1
3.45471 1
3.45495 1
3.45519 1
3.45543 1
3.45567 1
3.45591 1
3.45615 1
3.45639 1
3.45664 1
3.45688 1
3.45712 1
3.45736 1
3.4576 1
3.45784 1
3.45808 1
3.45832 1
3.45856 1
3.4588 1
3.45904 1
3.45928 1
3.45952 1
3.45976 1
3.46 1
3.46024 1
3.46048 1
3.46072 1
3.46096 1
3.4612 1
3.46144 1
3.46168 1
3.46192 1
3.46216 1
3.4624 1
3.46264 1
3.46288 1
3.46312 1
3.46336 1
3.4636 1
3.46384 1
3.46408 1
3.46433 1
3.46457 1
3.46481 1
3.46505 1
3.46529 1
3.46553 1
3.46577 1
3.46601 1
3.46625 1
3.46649 1
3.46673 1
3.46697 1
3.46721 1
3.46745 1
3.46769 1
3.46793 1
3.46817 1
3.46841 1
3.46865 1
3.46889 1
3.46913 1
3.46937 1
3.46961 1
3.46985 1
3.47009 1
3.47033 1
3.47057 1
3.47081 1
3.47105 1
3.47129 1
3.47153 1
3.47178 1
3.47202 1
3.47226 1
3.4725 1
3.47274 1
3.47298 1
3.47322 1
3.47346 1
3.4737 1
3.47394 1
3.47418 1
3.47442 1
3.47466 1
3.4749 1
3.47514 1
3.47538 1
3.47562 1
3.47586 1
3.4761 1
3.47634 1
3.47658 1
3.47682 1
3.47706 1
3.4773 1
3.47754 1
3.47778 1
3.47802 1
3.47826 1
3.4785 1
3.47874 1
3.47898 1
3.47923 1
3.47947 1
3.47971 1
3.47995 1
3.48019 1
3.48043 1
3.48067 1
3.48091 1
3.48115 1
3.48139 1
3.48163 1
3.48187 1
3.48211 1
3.48235 1
3.48259 1
3.48283 1
3.48307 1
3.48331 1
3.48355 1
3.48379 1
3.48403 1
3.48427 1
3.48451 1
3.48475 1
3.48499 1
3.48523 1
3.48547 1
3.48571 1
3.48595 1
3.48619 1
3.48643 1
3.48668 1
3.48692 1
3.48716 1
3.4874 1
3.48764 1
3.48788 1
3.48812 1
3.48836 1
3.4886 1
3.48884 1
3.48908 1
3.48932 1
3.48956 1
3.4898 1
3.49004 1
3.49028 1
3.49052 1
3.49076 1
3.491 1
3.49124 1
3.49148 1
3.49172 1
3.49196 1
3.4922 1
3.49244 1
3.49268 1
3.49292 1
3.49316 1
3.4934 1
3.49364 1
3.49388 1
3.49412 1
3.49437 1
3.49461 1
3.49485 1
3.49509 1
3.49533 1
3.49557 1
3.49581 1
3.49605 1
3.49629 1
3.49653 1
3.49677 1
3.49701 1
3.49725 1
3.49749 1
3.49773 1
3.49797 1
3.49821 1
3.49845 1
3.49869 1
3.49893 1
3.49917 1
3.49941 1
3.49965 1
3.49989 1
3.50013 1
3.50037 1
3.50061 1
3.50085 1
3.50109 1
3.50133 1
3.50157 1
3.50182 1
3.50206 1
3.5023 1
3.50254 1
3.50278 1
3.50302 1
3.50326 1
3.5035 1
3.50374 1
3.50398 1
3.50422 1
3.50446 1
3.5047 1
3.50494 1
3.50518 1
3.5679 1
3.56814 1
3.56838 1
3.56862 1
3.56886 1
3.5691 1
3.56935 1
3.56959 1
3.56983 1
3.57007 1
3.57031 1
3.57055 1
3.57079 1
3.57103 1
3.57127 1
3.57151 1
3.57175 1
3.57199 1
3.57223 1
3.57247 1
3.57271 1
3.57295 1
3.57319 1
3.57343 1
3.57367 1
3.57391 1
3.57415 1
3.57439 1
3.57463 1
3.57487 1
3.57511 1
3.57535 1
3.57559 1
3.57583 1
3.57607 1
3.57631 1
3.57655 1
3.5768 1
3.57704 1
3.57728 1
3.57752 1
3.57776 1
3.578 1
3.57824 1
3.57848 1
3.57872 1
3.57896 1
3.5792 1
3.57944 1
3.57968 1
3.57992 1
3.58016 1
3.5804 1
3.58064 1
3.58088 1
3.58112 1
3.58136 1
3.5816 1
3.58184 1
3.58208 1
3.58232 1
3.58256 1
3.5828 1
3.58304 1
3.58328 1
3.58352 1
3.58376 1
3.584 1
3.58424 1
3.58449 1
3.58473 1
3.58497 1
3.58521 1
3.58545 1
3.58569 1
3.58593 1
3.58617 1
3.58641 1
3.58665 1
3.58689 1
3.58713 1
3.58737 1
3.58761 1
3.58785 1
3.58809 1
3.58833 1
3.58857 1
3.58881 1
3.58905 1
3.58929 1
3.58953 1
3.58977 1
3.59001 1
3.59025 1
3.59049 1
3.59073 1
3.59097 1
3.59121 1
3.59145 1
3.59169 1
3.59194 1
3.59218 1
3.59242 1
3.59266 1
3.5929 1
3.59314 1
3.59338 1
3.59362 1
3.59386 1
3.5941 1
3.59434 1
3.59458 1
3.59482 1
3.59506 1
3.5953 1
3.59554 1
3.59578 1
3.59602 1
3.59626 1
3.5965 1
3.59674 1
3.59698 1
3.59722 1
3.59746 1
3.5977 1
3.59794 1
3.59818 1
3.59842 1
3.59866 1
3.5989 1
3.59914 1
3.59939 1
3.59963 1
3.59987 1
3.60011 1
3.60035 1
3.60059 1
3.60083 1
3.60107 1
3.60131 1
3.60155 1
3.60179 1
3.60203 1
3.60227 1
3.60251 1
3.60275 1
3.60299 1
3.60323 1
3.60347 1
3.60371 1
3.60395 1
3.60419 1
3.60443 1
3.60467 1
3.60491 1
3.60515 1
3.60539 1
3.60563 1
3.60587 1
3.60611 1
3.60635 1
3.60659 1
3.60684 1
3.60708 1
3.60732 1
3.60756 1
3.6078 1
3.60804 1
3.60828 1
3.60852 1
3.60876 1
3.609 1
3.60924 1
3.60948 1
3.60972 1
3.60996 1
3.6102 1
3.61044 1
3.61068 1
3.61092 1
3.61116 1
3.6114 1
3.61164 1
3.61188 1
3.61212 1
3.61236 1
3.6126 1
3.61284 1
3.61308 1
3.61332 1
3.61356 1
3.6138 1
3.61404 1
3.61428 1
3.61453 1
3.61477 1
3.61501 1
3.61525 1
3.61549 1
3.61573 1
3.61597 1
3.61621 1
3.61645 1
3.61669 1
3.61693 1
3.61717 1
3.61741 1
3.61765 1
3.61789 1
3.61813 1
3.61837 1
3.61861 1
3.61885 1
3.61909 1
3.61933 1
3.61957 1
3.61981 1
3.62005 1
3.62029 1
3.62053 1
3.62077 1
3.62101 1
3.62125 1
3.62149 1
3.62173 1
3.62198 1
3.62222 1
3.62246 1
3.6227 1
3.62294 1
3.62318 1
3.62342 1
3.62366 1
3.6239 1
3.62414 1
3.62438 1
3.62462 1
3.62486 1
3.6251 1
3.62534 1
3.62558 1
3.62582 1
3.62606 1
3.6263 1
3.62654 1
3.62678 1
3.62702 1
3.62726 1
3.6275 1
3.62774 1
3.62798 1
3.62822 1
3.62846 1
3.6287 1
3.62894 1
3.62918 1
3.62943 1
3.62967 1
3.62991 1
3.63015 1
3.63039 1
3.63063 1
3.63087 1
3.63111 1
3.63135 1
3.63159 1
3.63183 1
3.63207 1
3.63231 1
3.63255 1
3.63279 1
3.63303 1
3.63327 1
3.63351 1
3.63375 1
3.63399 1
3.63423 1
3.63447 1
3.63471 1
3.63495 1
3.63519 1
3.63543 1
3.63567 1
3.63591 1
3.63615 1
3.63639 1
3.63663 1
3.63688 1
3.63712 1
3.63736 1
3.6376 1
3.63784 1
3.63808 1
3.63832 1
3.63856 1
3.6388 1
3.63904 1
3.63928 1
3.63952 1
3.63976 1
3.64 1
3.64024 1
3.64048 1
3.64072 1
3.64096 1
3.6412 1
3.64144 1
3.64168 1
3.64192 1
3.64216 1
3.6424 1
3.64264 1
3.64288 1
3.64312 1
3.64336 1
3.6436 1
3.64384 1
3.64408 1
3.64432 1
3.64457 1
3.64481 1
3.64505 1
3.64529 1
3.64553 1
3.64577 1
3.64601 1
3.64625 1
3.64649 1
3.64673 1
3.64697 1
3.64721 1
3.64745 1
3.64769 1
3.64793 1
3.64817 1
3.64841 1
3.64865 1
3.64889 1
3.64913 1
3.64937 1
3.64961 1
3.64985 1
3.65009 1
3.65033 1
3.65057 1
3.65081 1
3.65105 1
3.65129 1
3.65153 1
3.65177 1
3.65202 1
3.65226 1
3.6525 1
3.65274 1
3.65298 1
3.65322 1
3.65346 1
3.6537 1
3.65394 1
3.65418 1
3.65442 1
3.65466 1
3.6549 1
3.65514 1
3.65538 1
3.65562 1
3.65586 1
3.6561 1
3.65634 1
3.65658 1
3.65682 1
3.65706 1
3.6573 1
3.65754 1
3.65778 1
3.65802 1
3.65826 1
3.6585 1
3.65874 1
3.65898 1
3.65922 1
3.65947 1
3.65971 1
3.65995 1
3.66019 1
3.66043 1
3.66067 1
3.66091 1
3.66115 1
3.66139 1
3.66163 1
3.66187 1
3.66211 1
3.66235 1
3.66259 1
3.66283 1
3.66307 1
3.66331 1
3.66355 1
3.66379 1
3.66403 1
3.66427 1
3.66451 1
3.66475 1
5.7023 1
5.70327 1
5.70424 1
5.70522 1
5.70619 1
5.70735 1
5.70832 1
5.70929 1
5.71027 1
5.71143 1
5.7124 1
5.71337 1
5.71434 1
5.71531 1
5.71648 1
5.71745 1
5.71842 1
5.71939 1
5.72036 1
5.72153 1
5.7225 1
5.72347 1
5.72444 1
5.72541 1
5.72658 1
5.72755 1
5.72852 1
5.72949 1
5.73066 1
5.73163 1
5.7326 1
5.73357 1
5.73454 1
5.7357 1
5.73668 1
5.73765 1
5.73862 1
5.73959 1
5.74075 1
5.74173 1
5.7427 1
5.74367 1
5.74464 1
5.7458 1
5.74677 1
5.74775 1
5.74872 1
5.74988 1
5.75085 1
5.75182 1
5.75279 1
5.75377 1
5.75493 1
5.7559 1
5.75687 1
5.75784 1
5.75881 1
5.75998 1
5.76095 1
5.76192 1
5.76289 1
5.76386 1
5.76503 1
5.766 1
5.76697 1
5.76794 1
5.76911 1
5.77008 1
5.77105 1
5.77202 1
5.77299 1
5.77416 1
5.77513 1
5.7761 1
5.77707 1
5.77804 1
5.77921 1
5.78018 1
5.78115 1
5.78212 1
5.78309 1
5.78425 1
5.78523 1
5.7862 1
5.78717 1
5.78833 1
5.7893 1
5.79027 1
5.79125 1
5.79222 1
5.79338 1
5.79435 1
5.79532 1
5.79629 1
5.79727 1
5.79843 1
5.7994 1
5.80037 1
5.80134 1
5.80231 1
5.80348 1
5.80445 1
5.80542 1
5.80639 1
5.80756 1
5.80853 1
5.8095 1
5.81047 1
5.81144 1
5.81261 1
5.81358 1
5.81455 1
5.81552 1
5.81649 1
5.81766 1
5.81863 1
5.8196 1
5.82057 1
5.82154 1
5.82271 1
5.82368 1
5.82465 1
5.82562 1
5.82678 1
5.82775 1
5.82873 1
5.8297 1
5.83067 1
5.83183 1
5.8328 1
5.83377 1
7.30265 1
7.30362 1
7.30459 1
7.30576 1
7.30673 1
7.3077 1
7.30867 1
7.30964 1
7.3108 1
7.31177 1
7.31274 1
7.31371 1
7.31468 1
7.31565 1
7.31682 1
7.31779 1
7.31876 1
7.31973 1
7.3207 1
7.32186 1
7.32283 1
7.3238 1
7.32477 1
7.32574 1
7.3269 1
7.32787 1
7.32884 1
7.32981 1
7.33078 1
7.33175 1
7.33292 1
7.33389 1
7.33486 1
7.33583 1
7.3368 1
7.33796 1
7.33893 1
7.3399 1
7.34087 1
7.34184 1
7.34301 1
7.34398 1
7.34495 1
7.34591 1
7.34688 1
7.34785 1
7.34902 1
7.34999 1
7.35096 1
7.35193 1
7.3529 1
7.35406 1
7.35503 1
7.356 1
7.35697 1
7.35794 1
7.35911 1
7.36008 1
7.36105 1
7.36202 1
7.36299 1
7.36396 1
7.36512 1
7.36609 1
7.36706 1
7.36803 1
7.369 1
7.37016 1
7.37113 1
7.3721 1
7.37307 1
7.37404 1
7.37521 1
7.37618 1
7.37715 1
7.37812 1
7.37909 1
7.38006 1
7.38122 1
7.38219 1
7.38316 1
7.38413 1
7.3851 1
7.38627 1
7.38724 1
7.38821 1
7.38918 1
7.39015 1
7.39131 1
7.39228 1
7.39325 1
7.39422 1
7.39519 1
7.39616 1
7.39732 1
7.39829 1
7.39926 1
7.40023 1
7.4012 1
7.40237 1
7.40334 1
7.40431 1
7.40528 1
7.40625 1
7.40741 1
7.40838 1
7.40935 1
7.41032 1
7.41129 1
7.41226 1
7.41342 1
7.41439 1
7.41536 1
7.41633 1
7.4173 1
7.41847 1
7.41944 1
7.42041 1
7.42138 1
7.42235 1
7.42351 1
7.42448 1
7.42545 1
7.42642 1
7.42739 1
7.42836 1
7.42953 1
7.4305 1
7.43147 1
7.43244 1
7.43341 1
7.43457 1
7.43554 1
7.43651 1
7.43748 1
7.43845 1
7.43961 1
7.44058 1
7.44155 1
7.44252 1
7.44349 1
7.44446 1
7.44563 1
7.4466 1
7.44757 1
7.44854 1
7.44951 1
8.85367 1
8.85464 1
8.85561 1
8.85677 1
8.85774 1
8.85871 1
8.85968 1
8.86065 1
8.86182 1
8.86279 1
8.86376 1
8.86473 1
8.8657 1
8.86667 1
8.86783 1
8.8688 1
8.86977 1
8.87074 1
8.87171 1
8.87287 1
8.87384 1
8.87481 1
8.87578 1
8.87675 1
8.87772 1
8.87889 1
8.87986 1
8.88083 1
8.8818 1
8.88277 1
8.88393 1
8.8849 1
8.88587 1
8.88684 1
8.88781 1
8.88897 1
8.88994 1
8.89091 1
8.89188 1
8.89285 1
8.89382 1
8.89499 1
8.89596 1
8.89693 1
8.8979 1
8.89887 1
8.90003 1
8.901 1
8.90197 1
8.90294 1
8.90391 1
8.90508 1
8.90604 1
8.90701 1
8.90798 1
8.90895 1
8.90992 1
8.91109 1
8.91206 1
8.91303 1
8.914 1
8.91497 1
8.91613 1
8.9171 1
8.91807 1
8.91904 1
8.92001 1
8.92118 1
8.92215 1
8.92312 1
8.92409 1
8.92506 1
8.92603 1
8.92719 1
8.92816 1
8.92913 1
8.9301 1
8.93107 1
8.93223 1
8.9332 1
8.93417 1
8.93514 1
8.93611 1
8.93728 1
8.93825 1
8.93922 1
8.94019 1
8.94116 1
8.94213 1
8.94329 1
8.94426 1
8.94523 1
8.9462 1
8.94717 1
8.94833 1
8.9493 1
8.95027 1
8.95124 1
8.95221 1
8.95318 1
8.95435 1
8.95532 1
8.95629 1
8.95726 1
8.95823 1
8.95939 1
8.96036 1
8.96133 1
8.9623 1
8.96327 1
8.96443 1
8.9654 1
8.96637 1
8.96734 1
8.96831 1
8.96928 1
8.97045 1
8.97142 1
8.97239 1
8.97336 1
8.97433 1
8.97549 1
8.97646 1
8.97743 1
8.9784 1
8.97937 1
8.98054 1
8.98151 1
8.98248 1
8.98345 1
8.98442 1
8.98539 1
8.98655 1
8.98752 1
8.98849 1
8.98946 1
8.99043 1
8.99159 1
8.99256 1
8.99353 1
8.9945 1
8.99547 1
8.99664 1
8.99761 1
8.99858 1
8.99955 1
9.00052 1
10.4047 1
10.4056 1
10.4066 1
10.4078 1
10.4087 1
10.4097 1
10.4107 1
10.4117 1
10.4128 1
10.4138 1
10.4148 1
10.4157 1
10.4167 1
10.4177 1
10.4188 1
10.4198 1
10.4208 1
10.4217 1
10.4227 1
10.4239 1
10.4248 1
10.4258 1
10.4268 1
10.4278 1
10.4287 1
10.4299 1
10.4309 1
10.4318 1
10.4328 1
10.4338 1
10.4349 1
10.4359 1
10.4369 1
10.4378 1
10.4388 1
10.44 1
10.4409 1
10.4419 1
10.4429 1
10.4439 1
10.4448 1
10.446 1
10.447 1
10.4479 1
10.4489 1
10.4499 1
10.451 1
10.452 1
10.453 1
10.4539 1
10.4549 1
10.4561 1
10.457 1
10.458 1
10.459 1
10.46 1
10.4609 1
10.4621 1
10.4631 1
10.464 1
10.465 1
10.466 1
10.4671 1
10.4681 1
10.4691 1
10.47 1
10.471 1
10.4722 1
10.4731 1
10.4741 1
10.4751 1
10.4761 1
10.477 1
10.4782 1
10.4792 1
10.4801 1
10.4811 1
10.4821 1
10.4832 1
10.4842 1
10.4852 1
10.4861 1
10.4871 1
10.4883 1
10.4892 1
10.4902 1
10.4912 1
10.4922 1
10.4931 1
10.4943 1
10.4953 1
10.4962 1
10.4972 1
10.4982 1
10.4993 1
10.5003 1
10.5013 1
10.5022 1
10.5032 1
10.5042 1
10.5053 1
10.5063 1
10.5073 1
10.5083 1
10.5092 1
10.5104 1
10.5114 1
10.5123 1
10.5133 1
10.5143 1
10.5154 1
10.5164 1
10.5174 1
10.5183 1
10.5193 1
10.5203 1
10.5214 1
10.5224 1
10.5234 1
10.5244 1
10.5253 1
10.5265 1
10.5275 1
10.5284 1
10.5294 1
10.5304 1
10.5315 1
10.5325 1
10.5335 1
10.5344 1
10.5354 1
10.5364 1
10.5376 1
10.5385 1
10.5395 1
10.5405 1
10.5414 1
10.5426 1
10.5436 1
10.5445 1
10.5455 1
10.5465 1
10.5476 1
10.5486 1
10.5496 1
10.5505 1
10.5515 1
12.3186 1
12.3196 1
12.3205 1
12.3217 1
12.3227 1
12.3237 1
12.3246 1
12.3256 1
12.3268 1
12.3277 1
12.3287 1
12.3297 1
12.3306 1
12.3316 1
12.3328 1
12.3337 1
12.3347 1
12.3357 1
12.3367 1
12.3378 1
12.3388 1
12.3398 1
12.3407 1
12.3417 1
12.3427 1
12.3438 1
12.3448 1
12.3458 1
12.3467 1
12.3477 1
12.3489 1
12.3498 1
12.3508 1
12.3518 1
12.3528 1
12.3539 1
12.3549 1
12.3559 1
12.3568 1
12.3578 1
12.3588 1
12.3599 1
12.3609 1
12.3619 1
12.3628 1
12.3638 1
12.365 1
12.3659 1
12.3669 1
12.3679 1
12.3689 1
12.37 1
12.371 1
12.372 1
12.3729 1
12.3739 1
12.3749 1
12.376 1
12.377 1
12.378 1
12.3789 1
12.3799 1
12.3811 1
12.382 1
12.383 1
12.384 1
12.385 1
12.3861 1
12.3871 1
12.3881 1
12.389 1
12.39 1
12.391 1
12.3921 1
12.3931 1
12.3941 1
12.395 1
12.396 1
12.3972 1
12.3981 1
12.3991 1
12.4001 1
12.4011 1
12.4022 1
12.4032 1
12.4042 1
12.4051 1
12.4061 1
12.4071 1
12.4082 1
12.4092 1
12.4102 1
12.4111 1
12.4121 1
12.4133 1
12.4142 1
12.4152 1
12.4162 1
12.4172 1
12.4181 1
12.4193 1
12.4203 1
12.4212 1
12.4222 1
12.4232 1
12.4243 1
12.4253 1
12.4263 1
12.4272 1
12.4282 1
12.4294 1
12.4303 1
12.4313 1
12.4323 1
12.4333 1
12.4342 1
12.4354 1
12.4364 1
12.4373 1
12.4383 1
12.4393 1
12.4404 1
12.4414 1
12.4424 1
12.4433 1
12.4443 1
12.4455 1
12.4464 1
12.4474 1
12.4484 1
12.4494 1
12.4503 1
12.4515 1
12.4525 1
12.4534 1
12.4544 1
12.4554 1
12.4565 1
12.4575 1
12.4585 1
12.4594 1
12.4604 1
12.4616 1
12.4625 1
12.4635 1
12.4645 1
12.4655 1
12.4664 1
13.8718 1
13.8728 1
13.8737 1
13.8749 1
13.8759 1
13.8768 1
13.8778 1
13.8788 1
13.8799 1
13.8809 1
13.8819 1
13.8829 1
13.8838 1
13.8848 1
13.886 1
13.8869 1
13.8879 1
13.8889 1
13.8898 1
13.891 1
13.892 1
13.8929 1
13.8939 1
13.8949 1
13.8958 1
13.897 1
13.898 1
13.899 1
13.8999 1
13.9009 1
13.9021 1
13.903 1
13.904 1
13.905 1
13.9059 1
13.9071 1
13.9081 1
13.909 1
13.91 1
13.911 1
13.9119 1
13.9131 1
13.9141 1
13.9151 1
13.916 1
13.917 1
13.9182 1
13.9191 1
13.9201 1
13.9211 1
13.922 1
13.9232 1
13.9242 1
13.9251 1
13.9261 1
13.9271 1
13.928 1
13.9292 1
13.9302 1
13.9312 1
13.9321 1
13.9331 1
13.9343 1
13.9352 1
13.9362 1
13.9372 1
13.9381 1
13.9393 1
13.9403 1
13.9412 1
13.9422 1
13.9432 1
13.9441 1
13.9453 1
13.9463 1
13.9473 1
13.9482 1
13.9492 1
13.9504 1
13.9513 1
13.9523 1
13.9533 1
13.9542 1
13.9554 1
13.9564 1
13.9573 1
13.9583 1
13.9593 1
13.9603 1
13.9614 1
13.9624 1
13.9634 1
13.9643 1
13.9653 1
13.9665 1
13.9674 1
13.9684 1
13.9694 1
13.9703 1
13.9713 1
13.9725 1
13.9734 1
13.9744 1
13.9754 1
13.9764 1
13.9775 1
13.9785 1
13.9795 1
13.9804 1
13.9814 1
13.9826 1
13.9835 1
13.9845 1
13.9855 1
13.9864 1
13.9874 1
13.9886 1
13.9895 1
13.9905 1
13.9915 1
13.9925 1
13.9936 1
13.9946 1
13.9956 1
13.9965 1
13.9975 1
13.9987 1
13.9996 1
14.0006 1
14.0016 1
14.0025 1
14.0035 1
14.0047 1
14.0056 1
14.0066 1
14.0076 1
14.0086 1
14.0097 1
14.0107 1
14.0117 1
14.0126 1
14.0136 1
14.0148 1
14.0157 1
14.0167 1
14.0177 1
14.0186 1
14.0196 1
15.425 1
15.4259 1
15.4269 1
15.4281 1
15.4291 1
15.43 1
15.431 1
15.432 1
15.4331 1
15.4341 1
15.4351 1
15.436 1
15.437 1
15.438 1
15.4391 1
15.4401 1
15.4411 1
15.442 1
15.443 1
15.4442 1
15.4452 1
15.4461 1
15.4471 1
15.4481 1
15.449 1
15.4502 1
15.4512 1
15.4521 1
15.4531 1
15.4541 1
15.4552 1
15.4562 1
15.4572 1
15.4581 1
15.4591 1
15.4603 1
15.4613 1
15.4622 1
15.4632 1
15.4642 1
15.4651 1
15.4663 1
15.4673 1
15.4682 1
15.4692 1
15.4702 1
15.4713 1
15.4723 1
15.4733 1
15.4742 1
15.4752 1
15.4764 1
15.4774 1
15.4783 1
15.4793 1
15.4803 1
15.4812 1
15.4824 1
15.4834 1
15.4843 1
15.4853 1
15.4863 1
15.4874 1
15.4884 1
15.4894 1
15.4904 1
15.4913 1
15.4925 1
15.4935 1
15.4944 1
15.4954 1
15.4964 1
15.4973 1
15.4985 1
15.4995 1
15.5004 1
15.5014 1
15.5024 1
15.5035 1
15.5045 1
15.5055 1
15.5065 1
15.5074 1
15.5086 1
15.5096 1
15.5105 1
15.5115 1
15.5125 1
15.5134 1
15.5146 1
15.5156 1
15.5165 1
15.5175 1
15.5185 1
15.5196 1
15.5206 1
15.5216 1
15.5226 1
15.5235 1
15.5245 1
15.5257 1
15.5266 1
15.5276 1
15.5286 1
15.5295 1
15.5307 1
15.5317 1
15.5326 1
15.5336 1
15.5346 1
15.5357 1
15.5367 1
15.5377 1
15.5387 1
15.5396 1
15.5406 1
15.5418 1
15.5427 1
15.5437 1
15.5447 1
15.5456 1
15.5468 1
15.5478 1
15.5487 1
15.5497 1
15.5507 1
15.5518 1
15.5528 1
15.5538 1
15.5548 1
15.5557 1
15.5567 1
15.5579 1
15.5588 1
15.5598 1
15.5608 1
15.5617 1
15.5629 1
15.5639 1
15.5648 1
15.5658 1
15.5668 1
15.5679 1
15.5689 1
15.5699 1
15.5709 1
15.5718 1
15.5728 1
16.9782 1
16.9791 1
16.9801 1
16.9813 1
16.9822 1
16.9832 1
16.9842 1
16.9851 1
16.9863 1
16.9873 1
16.9882 1
16.9892 1
16.9902 1
16.9912 1
16.9923 1
16.9933 1
16.9943 1
16.9952 1
16.9962 1
16.9974 1
16.9983 1
16.9993 1
17.0003 1
17.0012 1
17.0022 1
17.0034 1
17.0043 1
17.0053 1
17.0063 1
17.0073 1
17.0084 1
17.0094 1
17.0104 1
17.0113 1
17.0123 1
17.0135 1
17.0144 1
17.0154 1
17.0164 1
17.0173 1
17.0183 1
17.0195 1
17.0204 1
17.0214 1
17.0224 1
17.0234 1
17.0245 1
17.0255 1
17.0265 1
17.0274 1
17.0284 1
17.0296 1
17.0305 1
17.0315 1
17.0325 1
17.0334 1
17.0344 1
17.0356 1
17.0366 1
17.0375 1
17.0385 1
17.0395 1
17.0406 1
17.0416 1
17.0426 1
17.0435 1
17.0445 1
17.0457 1
17.0466 1
17.0476 1
17.0486 1
17.0495 1
17.0505 1
17.0517 1
17.0527 1
17.0536 1
17.0546 1
17.0556 1
17.0567 1
17.0577 1
17.0587 1
17.0596 1
17.0606 1
17.0618 1
17.0627 1
17.0637 1
17.0647 1
17.0656 1
17.0666 1
17.0678 1
17.0688 1
17.0697 1
17.0707 1
17.0717 1
17.0728 1
17.0738 1
17.0748 1
17.0757 1
17.0767 1
17.0777 1
17.0788 1
17.0798 1
17.0808 1
17.0817 1
17.0827 1
17.0839 1
17.0849 1
17.0858 1
17.0868 1
17.0878 1
17.0889 1
17.0899 1
17.0909 1
17.0918 1
17.0928 1
17.0938 1
17.0949 1
17.0959 1
17.0969 1
17.0978 1
17.0988 1
17.1 1
17.101 1
17.1019 1
17.1029 1
17.1039 1
17.105 1
17.106 1
17.107 1
17.1079 1
17.1089 1
17.1099 1
17.111 1
17.112 1
17.113 1
17.114 1
17.1149 1
17.1161 1
17.1171 1
17.118 1
17.119 1
17.12 1
17.1211 1
17.1221 1
17.1231 1
17.124 1
17.125 1
17.126 1
18.5313 1
18.5323 1
18.5333 1
18.5344 1
18.5354 1
18.5364 1
18.5374 1
18.5383 1
18.5395 1
18.5405 1
18.5414 1
18.5424 1
18.5434 1
18.5443 1
18.5455 1
18.5465 1
18.5474 1
18.5484 1
18.5494 1
18.5505 1
18.5515 1
18.5525 1
18.5535 1
18.5544 1
18.5554 1
18.5566 1
18.5575 1
18.5585 1
18.5595 1
18.5604 1
18.5616 1
18.5626 1
18.5635 1
18.5645 1
18.5655 1
18.5666 1
18.5676 1
18.5686 1
18.5696 1
18.5705 1
18.5715 1
18.5727 1
18.5736 1
18.5746 1
18.5756 1
18.5765 1
18.5777 1
18.5787 1
18.5796 1
18.5806 1
18.5816 1
18.5828 1
18.5837 1
18.5847 1
18.5857 1
18.5866 1
18.5876 1
18.5888 1
18.5897 1
18.5907 1
18.5917 1
18.5926 1
18.5938 1
18.5948 1
18.5957 1
18.5967 1
18.5977 1
18.5989 1
18.5998 1
18.6008 1
18.6018 1
18.6027 1
18.6037 1
18.6049 1
18.6058 1
18.6068 1
18.6078 1
18.6087 1
18.6099 1
18.6109 1
18.6118 1
18.6128 1
18.6138 1
18.615 1
18.6159 1
18.6169 1
18.6179 1
18.6188 1
18.6198 1
18.621 1
18.6219 1
18.6229 1
18.6239 1
18.6248 1
18.626 1
18.627 1
18.6279 1
18.6289 1
18.6299 1
18.6309 1
18.632 1
18.633 1
18.634 1
18.6349 1
18.6359 1
18.6371 1
18.638 1
18.639 1
18.64 1
18.6409 1
18.6421 1
18.6431 1
18.6441 1
18.645 1
18.646 1
18.647 1
18.6481 1
18.6491 1
18.6501 1
18.651 1
18.652 1
18.6532 1
18.6541 1
18.6551 1
18.6561 1
18.657 1
18.6582 1
18.6592 1
18.6602 1
18.6611 1
18.6621 1
18.6631 1
18.6642 1
18.6652 1
18.6662 1
18.6671 1
18.6681 1
18.6693 1
18.6702 1
18.6712 1
18.6722 1
18.6731 1
18.6743 1
18.6753 1
18.6763 1
18.6772 1
18.6782 1
18.6792 1
20.0845 1
20.0855 1
20.0865 1
20.0876 1
20.0886 1
20.0896 1
20.0905 1
20.0915 1
20.0927 1
20.0936 1
20.0946 1
20.0956 1
20.0966 1
20.0975 1
20.0987 1
20.0997 1
20.1006 1
20.1016 1
20.1026 1
20.1037 1
20.1047 1
20.1057 1
20.1066 1
20.1076 1
20.1086 1
20.1097 1
20.1107 1
20.1117 1
20.1127 1
20.1136 1
20.1148 1
20.1158 1
20.1167 1
20.1177 1
20.1187 1
20.1198 1
20.1208 1
20.1218 1
20.1227 1
20.1237 1
20.1247 1
20.1258 1
20.1268 1
20.1278 1
20.1288 1
20.1297 1
20.1309 1
20.1319 1
20.1328 1
20.1338 1
20.1348 1
20.1359 1
20.1369 1
20.1379 1
20.1388 1
20.1398 1
20.1408 1
20.1419 1
20.1429 1
20.1439 1
20.1449 1
20.1458 1
20.147 1
20.148 1
20.1489 1
20.1499 1
20.1509 1
20.152 1
20.153 1
20.154 1
20.1549 1
20.1559 1
20.1569 1
20.158 1
20.159 1
20.16 1
20.161 1
20.1619 1
20.1631 1
20.1641 1
20.165 1
20.166 1
20.167 1
20.1681 1
20.1691 1
20.1701 1
20.171 1
20.172 1
20.173 1
20.1741 1
20.1751 1
20.1761 1
20.1771 1
20.178 1
20.1792 1
20.1802 1
20.1811 1
20.1821 1
20.1831 1
20.184 1
20.1852 1
20.1862 1
20.1871 1
20.1881 1
20.1891 1
20.1903 1
20.1912 1
20.1922 1
20.1932 1
20.1941 1
20.1953 1
20.1963 1
20.1972 1
20.1982 1
20.1992 1
20.2001 1
20.2013 1
20.2023 1
20.2032 1
20.2042 1
20.2052 1
20.2064 1
20.2073 1
20.2083 1
20.2093 1
20.2102 1
20.2114 1
20.2124 1
20.2133 1
20.2143 1
20.2153 1
20.2162 1
20.2174 1
20.2184 1
20.2193 1
20.2203 1
20.2213 1
20.2225 1
20.2234 1
20.2244 1
20.2254 1
20.2263 1
20.2275 1
20.2285 1
20.2294 1
20.2304 1
20.2314 1
20.2323 1
21.6377 1
21.6387 1
21.6397 1
21.6408 1
21.6418 1
21.6428 1
21.6437 1
21.6447 1
21.6459 1
21.6468 1
21.6478 1
21.6488 1
21.6497 1
21.6507 1
21.6519 1
21.6528 1
21.6538 1
21.6548 1
21.6558 1
21.6569 1
21.6579 1
21.6589 1
21.6598 1
21.6608 1
21.6618 1
21.6629 1
21.6639 1
21.6649 1
21.6658 1
21.6668 1
21.668 1
21.6689 1
21.6699 1
21.6709 1
21.6719 1
21.673 1
21.674 1
21.675 1
21.6759 1
21.6769 1
21.6779 1
21.679 1
21.68 1
21.681 1
21.6819 1
21.6829 1
21.6841 1
21.685 1
21.686 1
21.687 1
21.688 1
21.6891 1
21.6901 1
21.6911 1
21.692 1
21.693 1
21.694 1
21.6951 1
21.6961 1
21.6971 1
21.698 1
21.699 1
21.7002 1
21.7011 1
21.7021 1
21.7031 1
21.7041 1
21.7052 1
21.7062 1
21.7072 1
21.7081 1
21.7091 1
21.7101 1
21.7112 1
21.7122 1
21.7132 1
21.7141 1
21.7151 1
21.7163 1
21.7172 1
21.7182 1
21.7192 1
21.7202 1
21.7213 1
21.7223 1
21.7233 1
21.7242 1
21.7252 1
21.7262 1
21.7273 1
21.7283 1
21.7293 1
21.7302 1
21.7312 1
21.7324 1
21.7333 1
21.7343 1
21.7353 1
21.7363 1
21.7372 1
21.7384 1
21.7394 1
21.7403 1
21.7413 1
21.7423 1
21.7434 1
21.7444 1
21.7454 1
21.7463 1
21.7473 1
21.7485 1
21.7494 1
21.7504 1
21.7514 1
21.7524 1
21.7533 1
21.7545 1
21.7555 1
21.7564 1
21.7574 1
21.7584 1
21.7595 1
21.7605 1
21.7615 1
21.7624 1
21.7634 1
21.7646 1
21.7655 1
21.7665 1
21.7675 1
21.7685 1
21.7694 1
21.7706 1
21.7716 1
21.7725 1
21.7735 1
21.7745 1
21.7756 1
21.7766 1
21.7776 1
21.7785 1
21.7795 1
21.7807 1
21.7816 1
21.7826 1
21.7836 1
21.7846 1
21.7855 1
22.9347 1
22.9357 1
22.9366 1
22.9378 1
22.9388 1
22.9397 1
22.9407 1
22.9417 1
22.9428 1
22.9438 1
22.9448 1
22.9458 1
22.9467 1
22.9477 1
22.9489 1
22.9498 1
22.9508 1
22.9518 1
22.9527 1
22.9539 1
22.9549 1
22.9558 1
22.9568 1
22.9578 1
22.9588 1
22.9599 1
22.9609 1
22.9619 1
22.9628 1
22.9638 1
22.965 1
22.9659 1
22.9669 1
22.9679 1
22.9688 1
22.97 1
22.971 1
22.9719 1
22.9729 1
22.9739 1
22.9749 1
22.976 1
22.977 1
22.978 1
22.9789 1
22.9799 1
22.9811 1
22.982 1
22.983 1
22.984 1
22.9849 1
22.9861 1
22.9871 1
22.988 1
22.989 1
22.99 1
22.991 1
22.9921 1
22.9931 1
22.9941 1
22.995 1
22.996 1
22.9972 1
22.9981 1
22.9991 1
23.0001 1
23.001 1
23.0022 1
23.0032 1
23.0041 1
23.0051 1
23.0061 1
23.0071 1
23.0082 1
23.0092 1
23.0102 1
23.0111 1
23.0121 1
23.0133 1
23.0142 1
23.0152 1
23.0162 1
23.0171 1
23.0183 1
23.0193 1
23.0202 1
23.0212 1
23.0222 1
23.0232 1
23.0243 1
23.0253 1
23.0263 1
23.0272 1
23.0282 1
23.0294 1
23.0303 1
23.0313 1
23.0323 1
23.0332 1
23.0342 1
23.0354 1
23.0364 1
23.0373 1
23.0383 1
23.0393 1
23.0404 1
23.0414 1
23.0424 1
23.0433 1
23.0443 1
23.0455 1
23.0464 1
23.0474 1
23.0484 1
23.0493 1
23.0503 1
23.0515 1
23.0525 1
23.0534 1
23.0544 1
23.0554 1
23.0565 1
23.0575 1
23.0585 1
23.0594 1
23.0604 1
23.0616 1
23.0625 1
23.0635 1
23.0645 1
23.0654 1
23.0664 1
23.0676 1
23.0686 1
23.0695 1
23.0705 1
23.0715 1
23.0726 1
23.0736 1
23.0746 1
23.0755 1
23.0765 1
23.0777 1
23.0786 1
23.0796 1
23.0806 1
23.0815 1
23.0825 1
24.4879 1
24.4889 1
24.4898 1
24.491 1
24.492 1
24.4929 1
24.4939 1
24.4949 1
24.496 1
24.497 1
24.498 1
24.4989 1
24.4999 1
24.5009 1
24.502 1
24.503 1
24.504 1
24.505 1
24.5059 1
24.5071 1
24.5081 1
24.509 1
24.51 1
24.511 1
24.5119 1
24.5131 1
24.5141 1
24.515 1
24.516 1
24.517 1
24.5181 1
24.5191 1
24.5201 1
24.5211 1
24.522 1
24.5232 1
24.5242 1
24.5251 1
24.5261 1
24.5271 1
24.528 1
24.5292 1
24.5302 1
24.5311 1
24.5321 1
24.5331 1
24.5342 1
24.5352 1
24.5362 1
24.5372 1
24.5381 1
24.5393 1
24.5403 1
24.5412 1
24.5422 1
24.5432 1
24.5441 1
24.5453 1
24.5463 1
24.5472 1
24.5482 1
24.5492 1
24.5503 1
24.5513 1
24.5523 1
24.5533 1
24.5542 1
24.5554 1
24.5564 1
24.5573 1
24.5583 1
24.5593 1
24.5602 1
24.5614 1
24.5624 1
24.5633 1
24.5643 1
24.5653 1
24.5664 1
24.5674 1
24.5684 1
24.5694 1
24.5703 1
24.5715 1
24.5725 1
24.5734 1
24.5744 1
24.5754 1
24.5763 1
24.5775 1
24.5785 1
24.5794 1
24.5804 1
24.5814 1
24.5826 1
24.5835 1
24.5845 1
24.5855 1
24.5864 1
24.5874 1
24.5886 1
24.5895 1
24.5905 1
24.5915 1
24.5924 1
24.5936 1
24.5946 1
24.5955 1
24.5965 1
24.5975 1
24.5987 1
24.5996 1
24.6006 1
24.6016 1
24.6025 1
24.6035 1
24.6047 1
24.6056 1
24.6066 1
24.6076 1
24.6085 1
24.6097 1
24.6107 1
24.6116 1
24.6126 1
24.6136 1
24.6148 1
24.6157 1
24.6167 1
24.6177 1
24.6186 1
24.6196 1
24.6208 1
24.6217 1
24.6227 1
24.6237 1
24.6246 1
24.6258 1
24.6268 1
24.6277 1
24.6287 1
24.6297 1
24.6309 1
24.6318 1
24.6328 1
24.6338 1
24.6347 1
24.6357 1
26.0411 1
26.042 1
26.043 1
26.0442 1
26.0451 1
26.0461 1
26.0471 1
26.0481 1
26.0492 1
26.0502 1
26.0512 1
26.0521 1
26.0531 1
26.0541 1
26.0552 1
26.0562 1
26.0572 1
26.0581 1
26.0591 1
26.0603 1
26.0612 1
26.0622 1
26.0632 1
26.0642 1
26.0651 1
26.0663 1
26.0673 1
26.0682 1
26.0692 1
26.0702 1
26.0713 1
26.0723 1
26.0733 1
26.0742 1
26.0752 1
26.0764 1
26.0773 1
26.0783 1
26.0793 1
26.0803 1
26.0812 1
26.0824 1
26.0834 1
26.0843 1
26.0853 1
26.0863 1
26.0874 1
26.0884 1
26.0894 1
26.0903 1
26.0913 1
26.0925 1
26.0934 1
26.0944 1
26.0954 1
26.0964 1
26.0973 1
26.0985 1
26.0995 1
26.1004 1
26.1014 1
26.1024 1
26.1035 1
26.1045 1
26.1055 1
26.1064 1
26.1074 1
26.1086 1
26.1095 1
26.1105 1
26.1115 1
26.1125 1
26.1134 1
26.1146 1
26.1156 1
26.1165 1
26.1175 1
26.1185 1
26.1196 1
26.1206 1
26.1216 1
26.1225 1
26.1235 1
26.1247 1
26.1256 1
26.1266 1
26.1276 1
26.1286 1
26.1295 1
26.1307 1
26.1317 1
26.1326 1
26.1336 1
26.1346 1
26.1357 1
26.1367 1
26.1377 1
26.1386 1
26.1396 1
26.1406 1
26.1417 1
26.1427 1
26.1437 1
26.1447 1
26.1456 1
26.1468 1
26.1478 1
26.1487 1
26.1497 1
26.1507 1
26.1518 1
26.1528 1
26.1538 1
26.1547 1
26.1557 1
26.1567 1
26.1578 1
26.1588 1
26.1598 1
26.1608 1
26.1617 1
26.1629 1
26.1639 1
26.1648 1
26.1658 1
26.1668 1
26.1679 1
26.1689 1
26.1699 1
26.1708 1
26.1718 1
26.1728 1
26.1739 1
26.1749 1
26.1759 1
26.1769 1
26.1778 1
26.179 1
26.18 1
26.1809 1
26.1819 1
26.1829 1
26.184 1
26.185 1
26.186 1
26.1869 1
26.1879 1
26.1889 1
27.5943 1
27.5952 1
27.5962 1
27.5974 1
27.5983 1
27.5993 1
27.6003 1
27.6012 1
27.6024 1
27.6034 1
27.6043 1
27.6053 1
27.6063 1
27.6072 1
27.6084 1
27.6094 1
27.6104 1
27.6113 1
27.6123 1
27.6135 1
27.6144 1
27.6154 1
27.6164 1
27.6173 1
27.6183 1
27.6195 1
27.6204 1
27.6214 1
27.6224 1
27.6234 1
27.6245 1
27.6255 1
27.6265 1
27.6274 1
27.6284 1
27.6296 1
27.6305 1
27.6315 1
27.6325 1
27.6334 1
27.6344 1
27.6356 1
27.6365 1
27.6375 1
27.6385 1
27.6395 1
27.6406 1
27.6416 1
27.6426 1
27.6435 1
27.6445 1
27.6457 1
27.6466 1
27.6476 1
27.6486 1
27.6495 1
27.6505 1
27.6517 1
27.6526 1
27.6536 1
27.6546 1
27.6556 1
27.6567 1
27.6577 1
27.6587 1
27.6596 1
27.6606 1
27.6618 1
27.6627 1
27.6637 1
27.6647 1
27.6656 1
27.6666 1
27.6678 1
27.6687 1
27.6697 1
27.6707 1
27.6717 1
27.6728 1
27.6738 1
27.6748 1
27.6757 1
27.6767 1
27.6779 1
27.6788 1
27.6798 1
27.6808 1
27.6817 1
27.6827 1
27.6839 1
27.6848 1
27.6858 1
27.6868 1
27.6878 1
27.6889 1
27.6899 1
27.6909 1
27.6918 1
27.6928 1
27.6938 1
27.6949 1
27.6959 1
27.6969 1
27.6978 1
27.6988 1
27.7 1
27.7009 1
27.7019 1
27.7029 1
27.7039 1
27.705 1
27.706 1
27.707 1
27.7079 1
27.7089 1
27.7099 1
27.711 1
27.712 1
27.713 1
27.7139 1
27.7149 1
27.7161 1
27.717 1
27.718 1
27.719 1
27.72 1
27.7211 1
27.7221 1
27.7231 1
27.724 1
27.725 1
27.726 1
27.7271 1
27.7281 1
27.7291 1
27.73 1
27.731 1
27.7322 1
27.7331 1
27.7341 1
27.7351 1
27.7361 1
27.7372 1
27.7382 1
27.7392 1
27.7401 1
27.7411 1
27.7421 1
29.1474 1
29.1484 1
29.1494 1
29.1505 1
29.1515 1
29.1525 1
29.1535 1
29.1544 1
29.1556 1
29.1566 1
29.1575 1
29.1585 1
29.1595 1
29.1604 1
29.1616 1
29.1626 1
29.1635 1
29.1645 1
29.1655 1
29.1666 1
29.1676 1
29.1686 1
29.1696 1
29.1705 1
29.1715 1
29.1727 1
29.1736 1
29.1746 1
29.1756 1
29.1765 1
29.1777 1
29.1787 1
29.1796 1
29.1806 1
29.1816 1
29.1827 1
29.1837 1
29.1847 1
29.1857 1
29.1866 1
29.1876 1
29.1888 1
29.1897 1
29.1907 1
29.1917 1
29.1926 1
29.1938 1
29.1948 1
29.1957 1
29.1967 1
29.1977 1
29.1988 1
29.1998 1
29.2008 1
29.2018 1
29.2027 1
29.2037 1
29.2049 1
29.2058 1
29.2068 1
29.2078 1
29.2087 1
29.2099 1
29.2109 1
29.2118 1
29.2128 1
29.2138 1
29.2149 1
29.2159 1
29.2169 1
29.2179 1
29.2188 1
29.2198 1
29.221 1
29.2219 1
29.2229 1
29.2239 1
29.2248 1
29.226 1
29.227 1
29.2279 1
29.2289 1
29.2299 1
29.231 1
29.232 1
29.233 1
29.234 1
29.2349 1
29.2359 1
29.2371 1
29.238 1
29.239 1
29.24 1
29.2409 1
29.2421 1
29.2431 1
29.244 1
29.245 1
29.246 1
29.247 1
29.2481 1
29.2491 1
29.2501 1
29.251 1
29.252 1
29.2532 1
29.2541 1
29.2551 1
29.2561 1
29.257 1
29.2582 1
29.2592 1
29.2601 1
29.2611 1
29.2621 1
29.2631 1
29.2642 1
29.2652 1
29.2662 1
29.2671 1
29.2681 1
29.2693 1
29.2702 1
29.2712 1
29.2722 1
29.2731 1
29.2743 1
29.2753 1
29.2762 1
29.2772 1
29.2782 1
29.2792 1
29.2803 1
29.2813 1
29.2823 1
29.2832 1
29.2842 1
29.2854 1
29.2863 1
29.2873 1
29.2883 1
29.2892 1
29.2904 1
29.2914 1
29.2923 1
29.2933 1
29.2943 1
29.2953 1
30.7006 1
30.7016 1
30.7026 1
30.7037 1
30.7047 1
30.7057 1
30.7066 1
30.7076 1
30.7088 1
30.7097 1
30.7107 1
30.7117 1
30.7126 1
30.7136 1
30.7148 1
30.7158 1
30.7167 1
30.7177 1
30.7187 1
30.7198 1
30.7208 1
30.7218 1
30.7227 1
30.7237 1
30.7247 1
30.7258 1
30.7268 1
30.7278 1
30.7287 1
30.7297 1
30.7309 1
30.7319 1
30.7328 1
30.7338 1
30.7348 1
30.7359 1
30.7369 1
30.7379 1
30.7388 1
30.7398 1
30.7408 1
30.7419 1
30.7429 1
30.7439 1
30.7448 1
30.7458 1
30.747 1
30.748 1
30.7489 1
30.7499 1
30.7509 1
30.752 1
30.753 1
30.754 1
30.7549 1
30.7559 1
30.7569 1
30.758 1
30.759 1
30.76 1
30.7609 1
30.7619 1
30.7631 1
30.7641 1
30.765 1
30.766 1
30.767 1
30.7681 1
30.7691 1
30.7701 1
30.771 1
30.772 1
30.773 1
30.7741 1
30.7751 1
30.7761 1
30.7771 1
30.778 1
30.7792 1
30.7802 1
30.7811 1
30.7821 1
30.7831 1
30.7842 1
30.7852 1
30.7862 1
30.7871 1
30.7881 1
30.7891 1
30.7902 1
30.7912 1
30.7922 1
30.7932 1
30.7941 1
30.7953 1
30.7963 1
30.7972 1
30.7982 1
30.7992 1
30.8001 1
30.8013 1
30.8023 1
30.8032 1
30.8042 1
30.8052 1
30.8063 1
30.8073 1
30.8083 1
30.8093 1
30.8102 1
30.8114 1
30.8124 1
30.8133 1
30.8143 1
30.8153 1
30.8162 1
30.8174 1
30.8184 1
30.8193 1
30.8203 1
30.8213 1
30.8224 1
30.8234 1
30.8244 1
30.8254 1
30.8263 1
30.8275 1
30.8285 1
30.8294 1
30.8304 1
30.8314 1
30.8323 1
30.8335 1
30.8345 1
30.8354 1
30.8364 1
30.8374 1
30.8385 1
30.8395 1
30.8405 1
30.8415 1
30.8424 1
30.8436 1
30.8446 1
30.8455 1
30.8465 1
30.8475 1
30.8484 1
32.2538 1
32.2548 1
32.2557 1
32.2569 1
32.2579 1
32.2588 1
32.2598 1
32.2608 1
32.262 1
32.2629 1
32.2639 1
32.2649 1
32.2658 1
32.2668 1
32.268 1
32.2689 1
32.2699 1
32.2709 1
32.2718 1
32.273 1
32.274 1
32.2749 1
32.2759 1
32.2769 1
32.2779 1
32.279 1
32.28 1
32.281 1
32.2819 1
32.2829 1
32.2841 1
32.285 1
32.286 1
32.287 1
32.2879 1
32.2891 1
32.2901 1
32.291 1
32.292 1
32.293 1
32.294 1
32.2951 1
32.2961 1
32.2971 1
32.298 1
32.299 1
32.3002 1
32.3011 1
32.3021 1
32.3031 1
32.304 1
32.3052 1
32.3062 1
32.3072 1
32.3081 1
32.3091 1
32.3101 1
32.3112 1
32.3122 1
32.3132 1
32.3141 1
32.3151 1
32.3163 1
32.3172 1
32.3182 1
32.3192 1
32.3201 1
32.3213 1
32.3223 1
32.3233 1
32.3242 1
32.3252 1
32.3262 1
32.3273 1
32.3283 1
32.3293 1
32.3302 1
32.3312 1
32.3324 1
32.3333 1
32.3343 1
32.3353 1
32.3362 1
32.3374 1
32.3384 1
32.3394 1
32.3403 1
32.3413 1
32.3423 1
32.3434 1
32.3444 1
32.3454 1
32.3463 1
32.3473 1
32.3485 1
32.3494 1
32.3504 1
32.3514 1
32.3523 1
32.3533 1
32.3545 1
32.3555 1
32.3564 1
32.3574 1
32.3584 1
32.3595 1
32.3605 1
32.3615 1
32.3624 1
32.3634 1
32.3646 1
32.3655 1
32.3665 1
32.3675 1
32.3684 1
32.3694 1
32.3706 1
32.3716 1
32.3725 1
32.3735 1
32.3745 1
32.3756 1
32.3766 1
32.3776 1
32.3785 1
32.3795 1
32.3807 1
32.3816 1
32.3826 1
32.3836 1
32.3846 1
32.3855 1
32.3867 1
32.3877 1
32.3886 1
32.3896 1
32.3906 1
32.3917 1
32.3927 1
32.3937 1
32.3946 1
32.3956 1
32.3968 1
32.3977 1
32.3987 1
32.3997 1
32.4007 1
32.4016 1
33.807 1
33.808 1
33.8089 1
33.8101 1
33.8111 1
33.812 1
33.813 1
33.814 1
33.8151 1
33.8161 1
33.8171 1
33.818 1
33.819 1
33.82 1
33.8211 1
33.8221 1
33.8231 1
33.8241 1
33.825 1
33.8262 1
33.8272 1
33.8281 1
33.8291 1
33.8301 1
33.831 1
33.8322 1
33.8332 1
33.8341 1
33.8351 1
33.8361 1
33.8372 1
33.8382 1
33.8392 1
33.8402 1
33.8411 1
33.8423 1
33.8433 1
33.8442 1
33.8452 1
33.8462 1
33.8471 1
33.8483 1
33.8493 1
33.8502 1
33.8512 1
33.8522 1
33.8534 1
33.8543 1
33.8553 1
33.8563 1
33.8572 1
33.8584 1
33.8594 1
33.8603 1
33.8613 1
33.8623 1
33.8632 1
33.8644 1
33.8654 1
33.8663 1
33.8673 1
33.8683 1
33.8695 1
33.8704 1
33.8714 1
33.8724 1
33.8733 1
33.8745 1
33.8755 1
33.8764 1
33.8774 1
33.8784 1
33.8793 1
33.8805 1
33.8815 1
33.8824 1
33.8834 1
33.8844 1
33.8856 1
33.8865 1
33.8875 1
33.8885 1
33.8894 1
33.8906 1
33.8916 1
33.8925 1
33.8935 1
33.8945 1
33.8954 1
33.8966 1
33.8976 1
33.8985 1
33.8995 1
33.9005 1
33.9017 1
33.9026 1
33.9036 1
33.9046 1
33.9055 1
33.9065 1
33.9077 1
33.9086 1
33.9096 1
33.9106 1
33.9115 1
33.9127 1
33.9137 1
33.9146 1
33.9156 1
33.9166 1
33.9178 1
33.9187 1
33.9197 1
33.9207 1
33.9216 1
33.9226 1
33.9238 1
33.9247 1
33.9257 1
33.9267 1
33.9276 1
33.9288 1
33.9298 1
33.9308 1
33.9317 1
33.9327 1
33.9339 1
33.9348 1
33.9358 1
33.9368 1
33.9377 1
33.9387 1
33.9399 1
33.9408 1
33.9418 1
33.9428 1
33.9437 1
33.9449 1
33.9459 1
33.9469 1
33.9478 1
33.9488 1
33.95 1
33.9509 1
33.9519 1
33.9529 1
33.9538 1
33.9548 1
35.3602 1
35.3611 1
35.3621 1
35.3633 1
35.3642 1
35.3652 1
35.3662 1
35.3672 1
35.3683 1
35.3693 1
35.3703 1
35.3712 1
35.3722 1
35.3732 1
35.3743 1
35.3753 1
35.3763 1
35.3772 1
35.3782 1
35.3794 1
35.3803 1
35.3813 1
35.3823 1
35.3833 1
35.3842 1
35.3854 1
35.3864 1
35.3873 1
35.3883 1
35.3893 1
35.3904 1
35.3914 1
35.3924 1
35.3933 1
35.3943 1
35.3955 1
35.3964 1
35.3974 1
35.3984 1
35.3994 1
35.4003 1
35.4015 1
35.4025 1
35.4034 1
35.4044 1
35.4054 1
35.4065 1
35.4075 1
35.4085 1
35.4094 1
35.4104 1
35.4116 1
35.4125 1
35.4135 1
35.4145 1
35.4155 1
35.4164 1
35.4176 1
35.4186 1
35.4195 1
35.4205 1
35.4215 1
35.4226 1
35.4236 1
35.4246 1
35.4255 1
35.4265 1
35.4277 1
35.4286 1
35.4296 1
35.4306 1
35.4316 1
35.4325 1
35.4337 1
35.4347 1
35.4356 1
35.4366 1
35.4376 1
35.4387 1
35.4397 1
35.4407 1
35.4416 1
35.4426 1
35.4438 1
35.4447 1
35.4457 1
35.4467 1
35.4477 1
35.4486 1
35.4498 1
35.4508 1
35.4517 1
35.4527 1
35.4537 1
35.4548 1
35.4558 1
35.4568 1
35.4577 1
35.4587 1
35.4597 1
35.4609 1
35.4618 1
35.4628 1
35.4638 1
35.4647 1
35.4659 1
35.4669 1
35.4678 1
35.4688 1
35.4698 1
35.4709 1
35.4719 1
35.4729 1
35.4738 1
35.4748 1
35.4758 1
35.477 1
35.4779 1
35.4789 1
35.4799 1
35.4808 1
35.482 1
35.483 1
35.4839 1
35.4849 1
35.4859 1
35.487 1
35.488 1
35.489 1
35.4899 1
35.4909 1
35.4919 1
35.4931 1
35.494 1
35.495 1
35.496 1
35.4969 1
35.4981 1
35.4991 1
35.5 1
35.501 1
35.502 1
35.5031 1
35.5041 1
35.5051 1
35.506 1
35.507 1
35.508 1
36.9134 1
36.9143 1
36.9153 1
36.9165 1
36.9174 1
36.9184 1
36.9194 1
36.9203 1
36.9215 1
36.9225 1
36.9234 1
36.9244 1
36.9254 1
36.9264 1
36.9275 1
36.9285 1
36.9295 1
36.9304 1
36.9314 1
36.9326 1
36.9335 1
36.9345 1
36.9355 1
36.9364 1
36.9374 1
36.9386 1
36.9395 1
36.9405 1
36.9415 1
36.9425 1
36.9436 1
36.9446 1
36.9456 1
36.9465 1
36.9475 1
36.9487 1
36.9496 1
36.9506 1
36.9516 1
36.9525 1
36.9535 1
36.9547 1
36.9556 1
36.9566 1
36.9576 1
36.9586 1
36.9597 1
36.9607 1
36.9617 1
36.9626 1
36.9636 1
36.9648 1
36.9657 1
36.9667 1
36.9677 1
36.9686 1
36.9696 1
36.9708 1
36.9717 1
36.9727 1
36.9737 1
36.9747 1
36.9758 1
36.9768 1
36.9778 1
36.9787 1
36.9797 1
36.9809 1
36.9818 1
36.9828 1
36.9838 1
36.9847 1
36.9857 1
36.9869 1
36.9878 1
36.9888 1
36.9898 1
36.9908 1
36.9919 1
36.9929 1
36.9939 1
36.9948 1
36.9958 1
36.997 1
36.9979 1
36.9989 1
36.9999 1
37.0008 1
37.0018 1
37.003 1
37.0039 1
37.0049 1
37.0059 1
37.0069 1
37.008 1
37.009 1
37.01 1
37.0109 1
37.0119 1
37.0129 1
37.014 1
37.015 1
37.016 1
37.0169 1
37.0179 1
37.0191 1
37.02 1
37.021 1
37.022 1
37.023 1
37.0241 1
37.0251 1
37.0261 1
37.027 1
37.028 1
37.029 1
37.0301 1
37.0311 1
37.0321 1
37.033 1
37.034 1
37.0352 1
37.0361 1
37.0371 1
37.0381 1
37.0391 1
37.0402 1
37.0412 1
37.0422 1
37.0431 1
37.0441 1
37.0451 1
37.0462 1
37.0472 1
37.0482 1
37.0491 1
37.0501 1
37.0513 1
37.0522 1
37.0532 1
37.0542 1
37.0552 1
37.0563 1
37.0573 1
37.0583 1
37.0592 1
37.0602 1
37.0612 1
38.4665 1
38.4675 1
38.4685 1
38.4696 1
38.4706 1
38.4716 1
38.4726 1
38.4735 1
38.4747 1
38.4757 1
38.4766 1
38.4776 1
38.4786 1
38.4795 1
38.4807 1
38.4817 1
38.4826 1
38.4836 1
38.4846 1
38.4857 1
38.4867 1
38.4877 1
38.4887 1
38.4896 1
38.4906 1
38.4918 1
38.4927 1
38.4937 1
38.4947 1
38.4956 1
38.4968 1
38.4978 1
38.4987 1
38.4997 1
38.5007 1
38.5018 1
38.5028 1
38.5038 1
38.5048 1
38.5057 1
38.5067 1
38.5079 1
38.5088 1
38.5098 1
38.5108 1
38.5117 1
38.5129 1
38.5139 1
38.5148 1
38.5158 1
38.5168 1
38.5179 1
38.5189 1
38.5199 1
38.5209 1
38.5218 1
38.5228 1
38.524 1
38.5249 1
38.5259 1
38.5269 1
38.5278 1
38.529 1
38.53 1
38.5309 1
38.5319 1
38.5329 1
38.534 1
38.535 1
38.536 1
38.537 1
38.5379 1
38.5389 1
38.5401 1
38.541 1
38.542 1
38.543 1
38.5439 1
38.5451 1
38.5461 1
38.547 1
38.548 1
38.549 1
38.5501 1
38.5511 1
38.5521 1
38.5531 1
38.554 1
38.555 1
38.5562 1
38.5571 1
38.5581 1
38.5591 1
38.56 1
38.5612 1
38.5622 1
38.5631 1
38.5641 1
38.5651 1
38.5661 1
38.5672 1
38.5682 1
38.5692 1
38.5701 1
38.5711 1
38.5723 1
38.5732 1
38.5742 1
38.5752 1
38.5761 1
38.5773 1
38.5783 1
38.5792 1
38.5802 1
38.5812 1
38.5822 1
38.5833 1
38.5843 1
38.5853 1
38.5862 1
38.5872 1
38.5884 1
38.5893 1
38.5903 1
38.5913 1
38.5922 1
38.5934 1
38.5944 1
38.5953 1
38.5963 1
38.5973 1
38.5983 1
38.5994 1
38.6004 1
38.6014 1
38.6023 1
38.6033 1
38.6045 1
38.6054 1
38.6064 1
38.6074 1
38.6083 1
38.6095 1
38.6105 1
38.6114 1
38.6124 1
38.6134 1
38.6144 1
40.0197 1
40.0207 1
40.0217 1
40.0228 1
40.0238 1
40.0248 1
40.0257 1
40.0267 1
40.0279 1
40.0288 1
40.0298 1
40.0308 1
40.0317 1
40.0327 1
40.0339 1
40.0349 1
40.0358 1
40.0368 1
40.0378 1
40.0389 1
40.0399 1
40.0409 1
40.0418 1
40.0428 1
40.0438 1
40.0449 1
40.0459 1
40.0469 1
40.0479 1
40.0488 1
40.05 1
40.051 1
40.0519 1
40.0529 1
40.0539 1
40.055 1
40.056 1
40.057 1
40.0579 1
40.0589 1
40.0599 1
40.061 1
40.062 1
40.063 1
40.064 1
40.0649 1
40.0661 1
40.0671 1
40.068 1
40.069 1
40.07 1
40.0711 1
40.0721 1
40.0731 1
40.074 1
40.075 1
40.076 1
40.0771 1
40.0781 1
40.0791 1
40.0801 1
40.081 1
40.0822 1
40.0832 1
40.0841 1
40.0851 1
40.0861 1
40.0872 1
40.0882 1
40.0892 1
40.0901 1
40.0911 1
40.0921 1
40.0932 1
40.0942 1
40.0952 1
40.0962 1
40.0971 1
40.0983 1
40.0993 1
40.1002 1
40.1012 1
40.1022 1
40.1033 1
40.1043 1
40.1053 1
40.1062 1
40.1072 1
40.1082 1
40.1093 1
40.1103 1
40.1113 1
40.1123 1
40.1132 1
40.1144 1
40.1154 1
40.1163 1
40.1173 1
40.1183 1
40.1192 1
40.1204 1
40.1214 1
40.1223 1
40.1233 1
40.1243 1
40.1254 1
40.1264 1
40.1274 1
40.1284 1
40.1293 1
40.1305 1
40.1315 1
40.1324 1
40.1334 1
40.1344 1
40.1353 1
40.1365 1
40.1375 1
40.1384 1
40.1394 1
40.1404 1
40.1415 1
40.1425 1
40.1435 1
40.1445 1
40.1454 1
40.1466 1
40.1476 1
40.1485 1
40.1495 1
40.1505 1
40.1514 1
40.1526 1
40.1536 1
40.1545 1
40.1555 1
40.1565 1
40.1576 1
40.1586 1
40.1596 1
40.1606 1
40.1615 1
40.1627 1
40.1637 1
40.1646 1
40.1656 1
40.1666 1
40.1675 1
41.5729 1
41.5739 1
41.5748 1
41.576 1
41.577 1
41.5779 1
41.5789 1
41.5799 1
41.5811 1
41.582 1
41.583 1
41.584 1
41.5849 1
41.5859 1
41.5871 1
41.588 1
41.589 1
41.59 1
41.5909 1
41.5921 1
41.5931 1
41.5941 1
41.595 1
41.596 1
41.597 1
41.5981 1
41.5991 1
41.6001 1
41.601 1
41.602 1
41.6032 1
41.6041 1
41.6051 1
41.6061 1
41.607 1
41.6082 1
41.6092 1
41.6102 1
41.6111 1
41.6121 1
41.6131 1
41.6142 1
41.6152 1
41.6162 1
41.6171 1
41.6181 1
41.6193 1
41.6202 1
41.6212 1
41.6222 1
41.6231 1
41.6243 1
41.6253 1
41.6263 1
41.6272 1
41.6282 1
41.6292 1
41.6303 1
41.6313 1
41.6323 1
41.6332 1
41.6342 1
41.6354 1
41.6363 1
41.6373 1
41.6383 1
41.6392 1
41.6404 1
41.6414 1
41.6424 1
41.6433 1
41.6443 1
41.6453 1
41.6464 1
41.6474 1
41.6484 1
41.6493 1
41.6503 1
41.6515 1
41.6524 1
41.6534 1
41.6544 1
41.6554 1
41.6565 1
41.6575 1
41.6585 1
41.6594 1
41.6604 1
41.6614 1
41.6625 1
41.6635 1
41.6645 1
41.6654 1
41.6664 1
41.6676 1
41.6685 1
41.6695 1
41.6705 1
41.6715 1
41.6724 1
41.6736 1
41.6746 1
41.6755 1
41.6765 1
41.6775 1
41.6786 1
41.6796 1
41.6806 1
41.6815 1
41.6825 1
41.6837 1
41.6846 1
41.6856 1
41.6866 1
41.6876 1
41.6885 1
41.6897 1
41.6907 1
41.6916 1
41.6926 1
41.6936 1
41.6947 1
41.6957 1
41.6967 1
41.6976 1
41.6986 1
41.6998 1
41.7007 1
41.7017 1
41.7027 1
41.7037 1
41.7046 1
41.7058 1
41.7068 1
41.7077 1
41.7087 1
41.7097 1
41.7108 1
41.7118 1
41.7128 1
41.7137 1
41.7147 1
41.7159 1
41.7168 1
41.7178 1
41.7188 1
41.7198 1
41.7207 1
43.1261 1
43.1271 1
43.128 1
43.1292 1
43.1302 1
43.1311 1
43.1321 1
43.1331 1
43.1342 1
43.1352 1
43.1362 1
43.1371 1
43.1381 1
43.1391 1
43.1403 1
43.1412 1
43.1422 1
43.1432 1
43.1441 1
43.1453 1
43.1463 1
43.1472 1
43.1482 1
43.1492 1
43.1501 1
43.1513 1
43.1523 1
43.1532 1
43.1542 1
43.1552 1
43.1564 1
43.1573 1
43.1583 1
43.1593 1
43.1602 1
43.1614 1
43.1624 1
43.1633 1
43.1643 1
43.1653 1
43.1662 1
43.1674 1
43.1684 1
43.1693 1
43.1703 1
43.1713 1
43.1725 1
43.1734 1
43.1744 1
43.1754 1
43.1763 1
43.1775 1
43.1785 1
43.1794 1
43.1804 1
43.1814 1
43.1823 1
43.1835 1
43.1845 1
43.1854 1
43.1864 1
43.1874 1
43.1886 1
43.1895 1
43.1905 1
43.1915 1
43.1924 1
43.1936 1
43.1946 1
43.1955 1
43.1965 1
43.1975 1
43.1984 1
43.1996 1
43.2006 1
43.2016 1
43.2025 1
43.2035 1
43.2047 1
43.2056 1
43.2066 1
43.2076 1
43.2085 1
43.2097 1
43.2107 1
43.2116 1
43.2126 1
43.2136 1
43.2145 1
43.2157 1
43.2167 1
43.2177 1
43.2186 1
43.2196 1
43.2208 1
43.2217 1
43.2227 1
43.2237 1
43.2246 1
43.2256 1
43.2268 1
43.2277 1
43.2287 1
43.2297 1
43.2306 1
43.2318 1
43.2328 1
43.2338 1
43.2347 1
43.2357 1
43.2369 1
43.2378 1
43.2388 1
43.2398 1
43.2407 1
43.2417 1
43.2429 1
43.2438 1
43.2448 1
43.2458 1
43.2467 1
43.2479 1
43.2489 1
43.2499 1
43.2508 1
43.2518 1
43.253 1
43.2539 1
43.2549 1
43.2559 1
43.2568 1
43.2578 1
43.259 1
43.2599 1
43.2609 1
43.2619 1
43.2629 1
43.264 1
43.265 1
43.266 1
43.2669 1
43.2679 1
43.2691 1
43.27 1
43.271 1
43.272 1
43.2729 1
43.2739 1
44.6793 1
44.6802 1
44.6812 1
44.6824 1
44.6833 1
44.6843 1
44.6853 1
44.6863 1
44.6874 1
44.6884 1
44.6894 1
44.6903 1
44.6913 1
44.6923 1
44.6934 1
44.6944 1
44.6954 1
44.6963 1
44.6973 1
44.6985 1
44.6994 1
44.7004 1
44.7014 1
44.7024 1
44.7033 1
44.7045 1
44.7055 1
44.7064 1
44.7074 1
44.7084 1
44.7095 1
44.7105 1
44.7115 1
44.7124 1
44.7134 1
44.7146 1
44.7155 1
44.7165 1
44.7175 1
44.7185 1
44.7194 1
44.7206 1
44.7216 1
44.7225 1
44.7235 1
44.7245 1
44.7256 1
44.7266 1
44.7276 1
44.7285 1
44.7295 1
44.7307 1
44.7316 1
44.7326 1
44.7336 1
44.7346 1
44.7355 1
44.7367 1
44.7377 1
44.7386 1
44.7396 1
44.7406 1
44.7417 1
44.7427 1
44.7437 1
44.7446 1
44.7456 1
44.7468 1
44.7478 1
44.7487 1
44.7497 1
44.7507 1
44.7516 1
44.7528 1
44.7538 1
44.7547 1
44.7557 1
44.7567 1
44.7578 1
44.7588 1
44.7598 1
44.7607 1
44.7617 1
44.7629 1
44.7639 1
44.7648 1
44.7658 1
44.7668 1
44.7677 1
44.7689 1
44.7699 1
44.7708 1
44.7718 1
44.7728 1
44.7739 1
44.7749 1
44.7759 1
44.7768 1
44.7778 1
44.7788 1
44.78 1
44.7809 1
44.7819 1
44.7829 1
44.7838 1
44.785 1
44.786 1
44.7869 1
44.7879 1
44.7889 1
44.79 1
44.791 1
44.792 1
44.7929 1
44.7939 1
44.7949 1
44.7961 1
44.797 1
44.798 1
44.799 1
44.7999 1
44.8011 1
44.8021 1
44.803 1
44.804 1
44.805 1
44.8061 1
44.8071 1
44.8081 1
44.8091 1
44.81 1
44.811 1
44.8122 1
44.8131 1
44.8141 1
44.8151 1
44.816 1
44.8172 1
44.8182 1
44.8191 1
44.8201 1
44.8211 1
44.8222 1
44.8232 1
44.8242 1
44.8252 1
44.8261 1
44.8271 1
46.2325 1
46.2334 1
46.2344 1
46.2356 1
46.2365 1
46.2375 1
46.2385 1
46.2394 1
46.2406 1
46.2416 1
46.2425 1
46.2435 1
46.2445 1
46.2455 1
46.2466 1
46.2476 1
46.2486 1
46.2495 1
46.2505 1
46.2517 1
46.2526 1
46.2536 1
46.2546 1
46.2555 1
46.2565 1
46.2577 1
46.2586 1
46.2596 1
46.2606 1
46.2616 1
46.2627 1
46.2637 1
46.2647 1
46.2656 1
46.2666 1
46.2678 1
46.2687 1
46.2697 1
46.2707 1
46.2716 1
46.2726 1
46.2738 1
46.2747 1
46.2757 1
46.2767 1
46.2777 1
46.2788 1
46.2798 1
46.2808 1
46.2817 1
46.2827 1
46.2839 1
46.2848 1
46.2858 1
46.2868 1
46.2877 1
46.2887 1
46.2899 1
46.2908 1
46.2918 1
46.2928 1
46.2938 1
46.2949 1
46.2959 1
46.2969 1
46.2978 1
46.2988 1
46.3 1
46.3009 1
46.3019 1
46.3029 1
46.3038 1
46.3048 1
46.306 1
46.3069 1
46.3079 1
46.3089 1
46.3099 1
46.311 1
46.312 1
46.313 1
46.3139 1
46.3149 1
46.3161 1
46.317 1
46.318 1
46.319 1
46.3199 1
46.3209 1
46.3221 1
46.323 1
46.324 1
46.325 1
46.326 1
46.3271 1
46.3281 1
46.3291 1
46.33 1
46.331 1
46.332 1
46.3331 1
46.3341 1
46.3351 1
46.336 1
46.337 1
46.3382 1
46.3391 1
46.3401 1
46.3411 1
46.3421 1
46.3432 1
46.3442 1
46.3452 1
46.3461 1
46.3471 1
46.3481 1
46.3492 1
46.3502 1
46.3512 1
46.3521 1
46.3531 1
46.3543 1
46.3553 1
46.3562 1
46.3572 1
46.3582 1
46.3593 1
46.3603 1
46.3613 1
46.3622 1
46.3632 1
46.3642 1
46.3653 1
46.3663 1
46.3673 1
46.3682 1
46.3692 1
46.3704 1
46.3714 1
46.3723 1
46.3733 1
46.3743 1
46.3754 1
46.3764 1
46.3774 1
46.3783 1
46.3793 1
46.3803 1
47.7856 1
47.7866 1
47.7876 1
47.7887 1
47.7897 1
47.7907 1
47.7917 1
47.7926 1
47.7938 1
47.7948 1
47.7957 1
47.7967 1
47.7977 1
47.7986 1
47.7998 1
47.8008 1
47.8017 1
47.8027 1
47.8037 1
47.8048 1
47.8058 1
47.8068 1
47.8078 1
47.8087 1
47.8097 1
47.8109 1
47.8118 1
47.8128 1
47.8138 1
47.8147 1
47.8159 1
47.8169 1
47.8178 1
47.8188 1
47.8198 1
47.8209 1
47.8219 1
47.8229 1
47.8239 1
47.8248 1
47.8258 1
47.827 1
47.8279 1
47.8289 1
47.8299 1
47.8308 1
47.832 1
47.833 1
47.8339 1
47.8349 1
47.8359 1
47.837 1
47.838 1
47.839 1
47.84 1
47.8409 1
47.8419 1
47.8431 1
47.844 1
47.845 1
47.846 1
47.8469 1
47.8481 1
47.8491 1
47.85 1
47.851 1
47.852 1
47.8531 1
47.8541 1
47.8551 1
47.8561 1
47.857 1
47.858 1
47.8592 1
47.8601 1
47.8611 1
47.8621 1
47.863 1
47.8642 1
47.8652 1
47.8661 1
47.8671 1
47.8681 1
47.8692 1
47.8702 1
47.8712 1
47.8722 1
47.8731 1
47.8741 1
47.8753 1
47.8762 1
47.8772 1
47.8782 1
47.8791 1
47.8803 1
47.8813 1
47.8822 1
47.8832 1
47.8842 1
47.8852 1
47.8863 1
47.8873 1
47.8883 1
47.8892 1
47.8902 1
47.8914 1
47.8923 1
47.8933 1
47.8943 1
47.8952 1
47.8964 1
47.8974 1
47.8983 1
47.8993 1
47.9003 1
47.9013 1
47.9024 1
47.9034 1
47.9044 1
47.9053 1
47.9063 1
47.9075 1
47.9084 1
47.9094 1
47.9104 1
47.9113 1
47.9125 1
47.9135 1
47.9144 1
47.9154 1
47.9164 1
47.9174 1
47.9185 1
47.9195 1
47.9205 1
47.9214 1
47.9224 1
47.9236 1
47.9245 1
47.9255 1
47.9265 1
47.9274 1
47.9286 1
47.9296 1
47.9305 1
47.9315 1
47.9325 1
47.9335 1
49.3388 1
49.3398 1
49.3408 1
49.3419 1
49.3429 1
49.3439 1
49.3448 1
49.3458 1
49.347 1
49.3479 1
49.3489 1
49.3499 1
49.3509 1
49.3518 1
49.353 1
49.354 1
49.3549 1
49.3559 1
49.3569 1
49.358 1
49.359 1
49.36 1
49.3609 1
49.3619 1
49.3629 1
49.364 1
49.365 1
49.366 1
49.367 1
49.3679 1
49.3691 1
49.3701 1
49.371 1
49.372 1
49.373 1
49.3741 1
49.3751 1
49.3761 1
49.377 1
49.378 1
49.379 1
49.3801 1
49.3811 1
49.3821 1
49.3831 1
49.384 1
49.3852 1
49.3862 1
49.3871 1
49.3881 1
49.3891 1
49.3902 1
49.3912 1
49.3922 1
49.3931 1
49.3941 1
49.3951 1
49.3962 1
49.3972 1
49.3982 1
49.3992 1
49.4001 1
49.4013 1
49.4023 1
49.4032 1
49.4042 1
49.4052 1
49.4063 1
49.4073 1
49.4083 1
49.4092 1
49.4102 1
49.4112 1
49.4123 1
49.4133 1
49.4143 1
49.4153 1
49.4162 1
49.4174 1
49.4184 1
49.4193 1
49.4203 1
49.4213 1
49.4224 1
49.4234 1
49.4244 1
49.4253 1
49.4263 1
49.4273 1
49.4284 1
49.4294 1
49.4304 1
49.4314 1
49.4323 1
49.4335 1
49.4345 1
49.4354 1
49.4364 1
49.4374 1
49.4383 1
49.4395 1
49.4405 1
49.4414 1
49.4424 1
49.4434 1
49.4445 1
49.4455 1
49.4465 1
49.4475 1
49.4484 1
49.4496 1
49.4506 1
49.4515 1
49.4525 1
49.4535 1
49.4544 1
49.4556 1
49.4566 1
49.4575 1
49.4585 1
49.4595 1
49.4606 1
49.4616 1
49.4626 1
49.4636 1
49.4645 1
49.4657 1
49.4667 1
49.4676 1
49.4686 1
49.4696 1
49.4705 1
49.4717 1
49.4727 1
49.4736 1
49.4746 1
49.4756 1
49.4767 1
49.4777 1
49.4787 1
49.4797 1
49.4806 1
49.4818 1
49.4828 1
49.4837 1
49.4847 1
49.4857 1
49.4866 1
50.892 1
50.893 1
50.8939 1
50.8951 1
50.8961 1
50.8971 1
50.898 1
50.899 1
50.9002 1
50.9011 1
50.9021 1
50.9031 1
50.904 1
50.905 1
50.9062 1
50.9071 1
50.9081 1
50.9091 1
50.91 1
50.9112 1
50.9122 1
50.9132 1
50.9141 1
50.9151 1
50.9161 1
50.9172 1
50.9182 1
50.9192 1
50.9201 1
50.9211 1
50.9223 1
50.9232 1
50.9242 1
50.9252 1
50.9262 1
50.9273 1
50.9283 1
50.9293 1
50.9302 1
50.9312 1
50.9322 1
50.9333 1
50.9343 1
50.9353 1
50.9362 1
50.9372 1
50.9384 1
50.9393 1
50.9403 1
50.9413 1
50.9423 1
50.9434 1
50.9444 1
50.9454 1
50.9463 1
50.9473 1
50.9483 1
50.9494 1
50.9504 1
50.9514 1
50.9523 1
50.9533 1
50.9545 1
50.9554 1
50.9564 1
50.9574 1
50.9584 1
50.9595 1
50.9605 1
50.9615 1
50.9624 1
50.9634 1
50.9644 1
50.9655 1
50.9665 1
50.9675 1
50.9684 1
50.9694 1
50.9706 1
50.9715 1
50.9725 1
50.9735 1
50.9745 1
50.9756 1
50.9766 1
50.9776 1
50.9785 1
50.9795 1
50.9805 1
50.9816 1
50.9826 1
50.9836 1
50.9845 1
50.9855 1
50.9867 1
50.9876 1
50.9886 1
50.9896 1
50.9906 1
50.9915 1
50.9927 1
50.9937 1
50.9946 1
50.9956 1
50.9966 1
50.9977 1
50.9987 1
50.9997 1
51.0006 1
51.0016 1
51.0028 1
51.0037 1
51.0047 1
51.0057 1
51.0067 1
51.0076 1
51.0088 1
51.0098 1
51.0107 1
51.0117 1
51.0127 1
51.0138 1
51.0148 1
51.0158 1
51.0167 1
51.0177 1
51.0189 1
51.0198 1
51.0208 1
51.0218 1
51.0228 1
51.0237 1
51.0249 1
51.0259 1
51.0268 1
51.0278 1
51.0288 1
51.0299 1
51.0309 1
51.0319 1
51.0328 1
51.0338 1
51.035 1
51.0359 1
51.0369 1
51.0379 1
51.0389 1
51.0398 1
52.4452 1
52.4462 1
52.4471 1
52.4483 1
52.4493 1
52.4502 1
52.4512 1
52.4522 1
52.4533 1
52.4543 1
52.4553 1
52.4562 1
52.4572 1
52.4582 1
52.4594 1
52.4603 1
52.4613 1
52.4623 1
52.4632 1
52.4644 1
52.4654 1
52.4663 1
52.4673 1
52.4683 1
52.4692 1
52.4704 1
52.4714 1
52.4724 1
52.4733 1
52.4743 1
52.4755 1
52.4764 1
52.4774 1
52.4784 1
52.4793 1
52.4805 1
52.4815 1
52.4824 1
52.4834 1
52.4844 1
52.4853 1
52.4865 1
52.4875 1
52.4885 1
52.4894 1
52.4904 1
52.4916 1
52.4925 1
52.4935 1
52.4945 1
52.4954 1
52.4966 1
52.4976 1
52.4985 1
52.4995 1
52.5005 1
52.5014 1
52.5026 1
52.5036 1
52.5046 1
52.5055 1
52.5065 1
52.5077 1
52.5086 1
52.5096 1
52.5106 1
52.5115 1
52.5127 1
52.5137 1
52.5146 1
52.5156 1
52.5166 1
52.5175 1
52.5187 1
52.5197 1
52.5207 1
52.5216 1
52.5226 1
52.5238 1
52.5247 1
52.5257 1
52.5267 1
52.5276 1
52.5288 1
52.5298 1
52.5307 1
52.5317 1
52.5327 1
52.5336 1
52.5348 1
52.5358 1
52.5368 1
52.5377 1
52.5387 1
52.5399 1
52.5408 1
52.5418 1
52.5428 1
52.5437 1
52.5447 1
52.5459 1
52.5468 1
52.5478 1
52.5488 1
52.5498 1
52.5509 1
52.5519 1
52.5529 1
52.5538 1
52.5548 1
52.556 1
52.5569 1
52.5579 1
52.5589 1
52.5598 1
52.5608 1
52.562 1
52.5629 1
52.5639 1
52.5649 1
52.5659 1
52.567 1
52.568 1
52.569 1
52.5699 1
52.5709 1
52.5721 1
52.573 1
52.574 1
52.575 1
52.5759 1
52.5769 1
52.5781 1
52.579 1
52.58 1
52.581 1
52.582 1
52.5831 1
52.5841 1
52.5851 1
52.586 1
52.587 1
52.5882 1
52.5891 1
52.5901 1
52.5911 1
52.592 1
52.593 1
53.9984 1
53.9993 1
54.0003 1
54.0015 1
54.0024 1
54.0034 1
54.0044 1
54.0054 1
54.0065 1
54.0075 1
54.0085 1
54.0094 1
54.0104 1
54.0114 1
54.0125 1
54.0135 1
54.0145 1
54.0154 1
54.0164 1
54.0176 1
54.0186 1
54.0195 1
54.0205 1
54.0215 1
54.0224 1
54.0236 1
54.0246 1
54.0255 1
54.0265 1
54.0275 1
54.0286 1
54.0296 1
54.0306 1
54.0315 1
54.0325 1
54.0337 1
54.0347 1
54.0356 1
54.0366 1
54.0376 1
54.0385 1
54.0397 1
54.0407 1
54.0416 1
54.0426 1
54.0436 1
54.0447 1
54.0457 1
54.0467 1
54.0476 1
54.0486 1
54.0498 1
54.0508 1
54.0517 1
54.0527 1
54.0537 1
54.0546 1
54.0558 1
54.0568 1
54.0577 1
54.0587 1
54.0597 1
54.0608 1
54.0618 1
54.0628 1
54.0637 1
54.0647 1
54.0659 1
54.0669 1
54.0678 1
54.0688 1
54.0698 1
54.0707 1
54.0719 1
54.0729 1
54.0738 1
54.0748 1
54.0758 1
54.0769 1
54.0779 1
54.0789 1
54.0799 1
54.0808 1
54.082 1
54.083 1
54.0839 1
54.0849 1
54.0859 1
54.0868 1
54.088 1
54.089 1
54.0899 1
54.0909 1
54.0919 1
54.093 1
54.094 1
54.095 1
54.096 1
54.0969 1
54.0979 1
54.0991 1
54.1 1
54.101 1
54.102 1
54.1029 1
54.1041 1
54.1051 1
54.106 1
54.107 1
54.108 1
54.1091 1
54.1101 1
54.1111 1
54.1121 1
54.113 1
54.114 1
54.1152 1
54.1161 1
54.1171 1
54.1181 1
54.119 1
54.1202 1
54.1212 1
54.1221 1
54.1231 1
54.1241 1
54.1252 1
54.1262 1
54.1272 1
54.1282 1
54.1291 1
54.1301 1
54.1313 1
54.1322 1
54.1332 1
54.1342 1
54.1351 1
54.1363 1
54.1373 1
54.1382 1
54.1392 1
54.1402 1
54.1413 1
54.1423 1
54.1433 1
54.1443 1
54.1452 1
54.1462 1
55.5516 1
55.5525 1
55.5535 1
55.5547 1
55.5556 1
55.5566 1
55.5576 1
55.5585 1
55.5597 1
55.5607 1
55.5616 1
55.5626 1
55.5636 1
55.5646 1
55.5657 1
55.5667 1
55.5677 1
55.5686 1
55.5696 1
55.5708 1
55.5717 1
55.5727 1
55.5737 1
55.5746 1
55.5756 1
55.5768 1
55.5777 1
55.5787 1
55.5797 1
55.5807 1
55.5818 1
55.5828 1
55.5838 1
55.5847 1
55.5857 1
55.5869 1
55.5878 1
55.5888 1
55.5898 1
55.5907 1
55.5917 1
55.5929 1
55.5938 1
55.5948 1
55.5958 1
55.5968 1
55.5979 1
55.5989 1
55.5999 1
55.6008 1
55.6018 1
55.603 1
55.6039 1
55.6049 1
55.6059 1
55.6068 1
55.6078 1
55.609 1
55.6099 1
55.6109 1
55.6119 1
55.6129 1
55.614 1
55.615 1
55.616 1
55.6169 1
55.6179 1
55.6191 1
55.62 1
55.621 1
55.622 1
55.6229 1
55.6239 1
55.6251 1
55.6261 1
55.627 1
55.628 1
55.629 1
55.6301 1
55.6311 1
55.6321 1
55.633 1
55.634 1
55.6352 1
55.6361 1
55.6371 1
55.6381 1
55.639 1
55.64 1
55.6412 1
55.6422 1
55.6431 1
55.6441 1
55.6451 1
55.6462 1
55.6472 1
55.6482 1
55.6491 1
55.6501 1
55.6511 1
55.6522 1
55.6532 1
55.6542 1
55.6551 1
55.6561 1
55.6573 1
55.6583 1
55.6592 1
55.6602 1
55.6612 1
55.6623 1
55.6633 1
55.6643 1
55.6652 1
55.6662 1
55.6672 1
55.6683 1
55.6693 1
55.6703 1
55.6712 1
55.6722 1
55.6734 1
55.6744 1
55.6753 1
55.6763 1
55.6773 1
55.6784 1
55.6794 1
55.6804 1
55.6813 1
55.6823 1
55.6833 1
55.6844 1
55.6854 1
55.6864 1
55.6873 1
55.6883 1
55.6895 1
55.6905 1
55.6914 1
55.6924 1
55.6934 1
55.6945 1
55.6955 1
55.6965 1
55.6974 1
55.6984 1
55.6994 1
57.1047 1
57.1057 1
57.1067 1
57.1078 1
57.1088 1
57.1098 1
57.1108 1
57.1117 1
57.1129 1
57.1139 1
57.1148 1
57.1158 1
57.1168 1
57.1177 1
57.1189 1
57.1199 1
57.1208 1
57.1218 1
57.1228 1
57.1239 1
57.1249 1
57.1259 1
57.1269 1
57.1278 1
57.1288 1
57.13 1
57.1309 1
57.1319 1
57.1329 1
57.1338 1
57.135 1
57.136 1
57.1369 1
57.1379 1
57.1389 1
57.14 1
57.141 1
57.142 1
57.143 1
57.1439 1
57.1449 1
57.1461 1
57.147 1
57.148 1
57.149 1
57.1499 1
57.1511 1
57.1521 1
57.153 1
57.154 1
57.155 1
57.1561 1
57.1571 1
57.1581 1
57.1591 1
57.16 1
57.161 1
57.1622 1
57.1631 1
57.1641 1
57.1651 1
57.166 1
57.1672 1
57.1682 1
57.1691 1
57.1701 1
57.1711 1
57.1723 1
57.1732 1
57.1742 1
57.1752 1
57.1761 1
57.1771 1
57.1783 1
57.1792 1
57.1802 1
57.1812 1
57.1821 1
57.1833 1
57.1843 1
57.1852 1
57.1862 1
57.1872 1
57.1884 1
57.1893 1
57.1903 1
57.1913 1
57.1922 1
57.1932 1
57.1944 1
57.1953 1
57.1963 1
57.1973 1
57.1982 1
57.1994 1
57.2004 1
57.2013 1
57.2023 1
57.2033 1
57.2043 1
57.2054 1
57.2064 1
57.2074 1
57.2083 1
57.2093 1
57.2105 1
57.2114 1
57.2124 1
57.2134 1
57.2143 1
57.2155 1
57.2165 1
57.2174 1
57.2184 1
57.2194 1
57.2204 1
57.2215 1
57.2225 1
57.2235 1
57.2244 1
57.2254 1
57.2266 1
57.2275 1
57.2285 1
57.2295 1
57.2304 1
57.2316 1
57.2326 1
57.2336 1
57.2345 1
57.2355 1
57.2365 1
57.2376 1
57.2386 1
57.2396 1
57.2405 1
57.2415 1
57.2427 1
57.2436 1
57.2446 1
57.2456 1
57.2465 1
57.2477 1
57.2487 1
57.2497 1
57.2506 1
57.2516 1
57.2526 1
58.6579 1
58.6589 1
58.6599 1
58.661 1
58.662 1
58.663 1
58.6639 1
58.6649 1
58.6661 1
58.667 1
58.668 1
58.669 1
58.67 1
58.6709 1
58.6721 1
58.6731 1
58.674 1
58.675 1
58.676 1
58.6771 1
58.6781 1
58.6791 1
58.68 1
58.681 1
58.682 1
58.6831 1
58.6841 1
58.6851 1
58.6861 1
58.687 1
58.6882 1
58.6892 1
58.6901 1
58.6911 1
58.6921 1
58.6932 1
58.6942 1
58.6952 1
58.6961 1
58.6971 1
58.6981 1
58.6992 1
58.7002 1
58.7012 1
58.7022 1
58.7031 1
58.7043 1
58.7053 1
58.7062 1
58.7072 1
58.7082 1
58.7093 1
58.7103 1
58.7113 1
58.7122 1
58.7132 1
58.7142 1
58.7153 1
58.7163 1
58.7173 1
58.7183 1
58.7192 1
58.7204 1
58.7214 1
58.7223 1
58.7233 1
58.7243 1
58.7254 1
58.7264 1
58.7274 1
58.7283 1
58.7293 1
58.7303 1
58.7314 1
58.7324 1
58.7334 1
58.7344 1
58.7353 1
58.7365 1
58.7375 1
58.7384 1
58.7394 1
58.7404 1
58.7415 1
58.7425 1
58.7435 1
58.7444 1
58.7454 1
58.7464 1
58.7475 1
58.7485 1
58.7495 1
58.7505 1
58.7514 1
58.7526 1
58.7536 1
58.7545 1
58.7555 1
58.7565 1
58.7574 1
58.7586 1
58.7596 1
58.7605 1
58.7615 1
58.7625 1
58.7636 1
58.7646 1
58.7656 1
58.7666 1
58.7675 1
58.7687 1
58.7697 1
58.7706 1
58.7716 1
58.7726 1
58.7735 1
58.7747 1
58.7757 1
58.7766 1
58.7776 1
58.7786 1
58.7798 1
58.7807 1
58.7817 1
58.7827 1
58.7836 1
58.7848 1
58.7858 1
58.7867 1
58.7877 1
58.7887 1
58.7896 1
58.7908 1
58.7918 1
58.7927 1
58.7937 1
58.7947 1
58.7959 1
58.7968 1
58.7978 1
58.7988 1
58.7997 1
58.8009 1
58.8019 1
58.8028 1
58.8038 1
58.8048 1
58.8057 1
