2.29893 1
2.29896 1
2.29898 1
2.29901 1
2.29903 1
2.29905 1
2.29908 1
2.2991 1
2.29913 1
2.29915 1
2.29917 1
2.2992 1
2.29922 1
2.29925 1
2.29927 1
2.29929 1
2.29932 1
2.29934 1
2.29937 1
2.29939 1
2.29941 1
2.29944 1
2.29946 1
2.29949 1
2.29951 1
2.29953 1
2.29956 1
2.29958 1
2.29961 1
2.29963 1
2.29965 1
2.29968 1
2.2997 1
2.29973 1
2.29975 1
2.29978 1
2.2998 1
2.29982 1
2.29985 1
2.29987 1
2.2999 1
2.29992 1
2.29994 1
2.29997 1
2.29999 1
2.30002 1
2.30004 1
2.30006 1
2.30009 1
2.30011 1
2.30014 1
2.30016 1
2.30018 1
2.30021 1
2.30023 1
2.30026 1
2.30028 1
2.3003 1
2.30033 1
2.30035 1
2.30038 1
2.3004 1
2.30042 1
2.30045 1
2.30047 1
2.3005 1
2.30052 1
2.30054 1
2.30057 1
2.30059 1
2.30062 1
2.30064 1
2.30066 1
2.30069 1
2.30071 1
2.30074 1
2.30076 1
2.30078 1
2.30081 1
2.30083 1
2.30086 1
2.30088 1
2.3009 1
2.30093 1
2.30095 1
2.30098 1
2.301 1
2.30102 1
2.30105 1
2.30107 1
2.3011 1
2.30112 1
2.30114 1
2.30117 1
2.30119 1
2.30122 1
2.30124 1
2.30127 1
2.30129 1
2.30131 1
2.30134 1
2.30136 1
2.30139 1
2.30141 1
2.30143 1
2.30146 1
2.30148 1
2.30151 1
2.30153 1
2.30155 1
2.30158 1
2.3016 1
2.30163 1
2.30165 1
2.30167 1
2.3017 1
2.30172 1
2.30175 1
2.30177 1
2.30179 1
2.30182 1
2.30184 1
2.30187 1
2.30189 1
2.30191 1
2.30194 1
2.30196 1
2.30199 1
2.30201 1
2.30203 1
2.30206 1
2.30208 1
2.30211 1
2.30213 1
2.30215 1
2.30218 1
2.3022 1
2.30223 1
2.30225 1
2.30227 1
2.3023 1
2.30232 1
2.30235 1
2.30237 1
2.30239 1
2.30242 1
2.30244 1
2.30247 1
2.30249 1
2.30251 1
2.30254 1
2.30256 1
2.30259 1
2.30261 1
2.30263 1
2.30266 1
2.30268 1
2.30271 1
2.30273 1
2.30276 1
2.30278 1
2.3028 1
2.30283 1
2.30285 1
2.30288 1
2.3029 1
2.30292 1
2.30295 1
2.30297 1
2.303 1
2.30302 1
2.30304 1
2.30307 1
2.30309 1
2.30312 1
2.30314 1
2.30316 1
2.30319 1
2.30321 1
2.30324 1
2.30326 1
2.30328 1
2.30331 1
2.30333 1
2.30336 1
2.30338 1
2.3034 1
2.30343 1
2.30345 1
2.30348 1
2.3035 1
2.30352 1
2.30355 1
2.30357 1
2.3036 1
2.30362 1
2.30364 1
2.30367 1
2.30369 1
2.30372 1
2.30374 1
2.30376 1
2.30379 1
2.30381 1
2.30384 1
2.30386 1
2.30388 1
2.30391 1
2.30393 1
2.30396 1
2.30398 1
2.304 1
2.30403 1
2.30405 1
2.30408 1
2.3041 1
2.30412 1
2.30415 1
2.30417 1
2.3042 1
2.30422 1
2.30425 1
2.30427 1
2.30429 1
2.30432 1
2.30434 1
2.30437 1
2.30439 1
2.30441 1
2.30444 1
2.30446 1
2.30449 1
2.30451 1
2.30453 1
2.30456 1
2.30458 1
2.30461 1
2.30463 1
2.30465 1
2.30468 1
2.3047 1
2.30473 1
2.30475 1
2.30477 1
2.3048 1
2.30482 1
2.30485 1
2.30487 1
2.30489 1
2.30492 1
2.30494 1
2.30497 1
2.30499 1
2.30501 1
2.30504 1
2.30506 1
2.30509 1
2.30511 1
2.30513 1
2.30516 1
2.30518 1
2.30521 1
2.30523 1
2.30525 1
2.30528 1
2.3053 1
2.30533 1
2.30535 1
2.30537 1
2.3054 1
2.30542 1
2.30545 1
2.30547 1
2.30549 1
2.30552 1
2.30554 1
2.30557 1
2.30559 1
2.30561 1
2.30564 1
2.30566 1
2.30569 1
2.30571 1
2.30574 1
2.30576 1
2.30578 1
2.30581 1
2.30583 1
2.30586 1
2.30588 1
2.3059 1
2.30593 1
2.30595 1
2.30598 1
2.306 1
2.30602 1
2.30605 1
2.30607 1
2.3061 1
2.30612 1
2.30614 1
2.30617 1
2.30619 1
2.30622 1
2.30624 1
2.30626 1
2.30629 1
2.30631 1
2.30634 1
2.30636 1
2.30638 1
2.30641 1
2.30643 1
2.30646 1
2.30648 1
2.3065 1
2.30653 1
2.30655 1
2.30658 1
2.3066 1
2.30662 1
2.30665 1
2.30667 1
2.3067 1
2.30672 1
2.30674 1
2.30677 1
2.30679 1
2.30682 1
2.30684 1
2.30686 1
2.30689 1
2.30691 1
2.30694 1
2.30696 1
2.30698 1
2.30701 1
2.30703 1
2.30706 1
2.30708 1
2.3071 1
2.30713 1
2.30715 1
2.30718 1
2.3072 1
2.30723 1
2.30725 1
2.30727 1
2.3073 1
2.30732 1
2.30735 1
2.30737 1
2.30739 1
2.30742 1
2.30744 1
2.30747 1
2.30749 1
2.30751 1
2.30754 1
2.30756 1
2.30759 1
2.30761 1
2.30763 1
2.30766 1
2.30768 1
2.30771 1
2.30773 1
2.30775 1
2.30778 1
2.3078 1
2.30783 1
2.30785 1
2.30787 1
2.3079 1
2.30792 1
2.30795 1
2.30797 1
2.30799 1
2.30802 1
2.30804 1
2.30807 1
2.30809 1
2.30811 1
2.30814 1
2.30816 1
2.30819 1
2.30821 1
2.30823 1
2.30826 1
2.30828 1
2.30831 1
2.30833 1
2.30835 1
2.30838 1
2.3084 1
2.30843 1
2.30845 1
2.30847 1
2.3085 1
2.30852 1
2.30855 1
2.30857 1
2.30859 1
2.30862 1
2.30864 1
2.30867 1
2.30869 1
2.30872 1
2.30874 1
2.30876 1
2.30879 1
2.30881 1
2.30884 1
2.30886 1
2.30888 1
2.30891 1
2.30893 1
2.30896 1
2.30898 1
2.309 1
2.30903 1
2.30905 1
2.30908 1
2.3091 1
2.30912 1
2.30915 1
2.30917 1
2.3092 1
2.30922 1
2.30924 1
2.30927 1
2.30929 1
2.30932 1
2.30934 1
2.30936 1
2.30939 1
2.30941 1
2.30944 1
2.30946 1
2.30948 1
2.30951 1
2.30953 1
2.30956 1
2.30958 1
2.3096 1
2.30963 1
2.30965 1
2.30968 1
2.3097 1
2.30972 1
2.30975 1
2.30977 1
2.3098 1
2.30982 1
2.30984 1
2.30987 1
2.30989 1
2.30992 1
2.30994 1
2.30996 1
2.30999 1
2.31001 1
2.31004 1
2.31006 1
2.31008 1
2.31011 1
2.31013 1
2.31016 1
2.31018 1
2.31021 1
2.31023 1
2.31025 1
2.31028 1
2.3103 1
2.31033 1
2.31035 1
2.31037 1
2.3104 1
2.31042 1
2.31045 1
2.31047 1
2.31049 1
2.31052 1
2.31054 1
2.31057 1
2.31059 1
2.31061 1
2.31064 1
2.31066 1
2.31069 1
2.31071 1
2.31073 1
2.31076 1
2.31078 1
2.31081 1
2.31083 1
2.31085 1
2.31088 1
2.3109 1
2.31093 1
2.31095 1
2.31097 1
2.311 1
2.31102 1
2.31105 1
2.31107 1
2.31109 1
2.31112 1
2.31114 1
2.31117 1
2.31119 1
2.31121 1
2.31124 1
2.31126 1
2.31129 1
2.31131 1
2.31133 1
2.31136 1
2.31138 1
2.31141 1
2.31143 1
2.31145 1
2.31148 1
2.3115 1
2.31153 1
2.31155 1
2.31157 1
2.3116 1
2.31162 1
2.31165 1
2.31167 1
2.3117 1
2.31172 1
2.31174 1
2.31177 1
2.31179 1
2.31182 1
2.31184 1
2.31186 1
2.31189 1
2.31191 1
2.31194 1
2.31196 1
2.31198 1
2.31201 1
2.31203 1
2.31206 1
2.31208 1
2.3121 1
2.31213 1
2.31215 1
2.31218 1
2.3122 1
2.31222 1
2.31225 1
2.31227 1
2.3123 1
2.31232 1
2.31234 1
2.31237 1
2.31239 1
2.31242 1
2.31244 1
2.31246 1
2.31249 1
2.31251 1
2.31254 1
2.31256 1
2.31258 1
2.31261 1
2.31263 1
2.31266 1
2.31268 1
2.3127 1
2.31273 1
2.31275 1
2.31278 1
2.3128 1
2.31282 1
2.31285 1
2.31287 1
2.3129 1
2.31292 1
2.31294 1
2.31297 1
2.31299 1
2.31302 1
2.31304 1
2.31306 1
2.31309 1
2.31311 1
2.31314 1
2.31316 1
2.31318 1
2.31321 1
2.31323 1
2.31326 1
2.31328 1
2.31331 1
2.31333 1
2.31335 1
2.31338 1
2.3134 1
2.31343 1
2.31345 1
2.31347 1
2.3135 1
2.31352 1
2.31355 1
2.31357 1
2.31359 1
2.31362 1
2.31364 1
2.31367 1
2.31369 1
2.31371 1
2.31374 1
2.31376 1
2.31379 1
2.31381 1
2.31383 1
2.31386 1
2.31388 1
2.31391 1
2.31393 1
2.31395 1
2.31398 1
2.314 1
2.31403 1
2.31405 1
2.31407 1
2.3141 1
2.31412 1
2.31415 1
2.31417 1
2.31419 1
2.31422 1
2.31424 1
2.31427 1
2.31429 1
2.31431 1
2.31434 1
2.31436 1
2.31439 1
2.31441 1
2.31443 1
2.31446 1
2.31448 1
2.31451 1
2.31453 1
2.31455 1
2.31458 1
2.3146 1
2.31463 1
2.31465 1
2.31467 1
2.3147 1
2.31472 1
2.31475 1
2.31477 1
2.3148 1
2.31482 1
2.31484 1
2.31487 1
2.31489 1
2.31492 1
2.31494 1
2.31496 1
2.31499 1
2.31501 1
2.31504 1
2.31506 1
2.31508 1
2.31511 1
2.31513 1
2.31516 1
2.31518 1
2.3152 1
2.31523 1
2.31525 1
2.31528 1
2.3153 1
2.31532 1
2.31535 1
2.31537 1
2.3154 1
2.31542 1
2.31544 1
2.31547 1
2.31549 1
2.31552 1
2.31554 1
2.31556 1
2.31559 1
2.31561 1
2.31564 1
2.31566 1
2.31568 1
2.31571 1
2.31573 1
2.31576 1
2.31578 1
2.3158 1
2.31583 1
2.31585 1
2.31588 1
2.3159 1
2.31592 1
2.31595 1
2.31597 1
2.316 1
2.31602 1
2.31604 1
2.31607 1
2.31609 1
2.31612 1
2.31614 1
2.31616 1
2.31619 1
2.31621 1
2.31624 1
2.31626 1
2.31629 1
2.31631 1
2.31633 1
2.31636 1
2.31638 1
2.31641 1
2.31643 1
2.31645 1
2.31648 1
2.3165 1
2.31653 1
2.31655 1
2.31657 1
2.3166 1
2.31662 1
2.31665 1
2.31667 1
2.31669 1
2.31672 1
2.31674 1
2.31677 1
2.31679 1
2.31681 1
2.31684 1
2.31686 1
2.31689 1
2.31691 1
2.31693 1
2.31696 1
2.31698 1
2.31701 1
2.31703 1
2.31705 1
2.31708 1
2.3171 1
2.31713 1
2.31715 1
2.31717 1
2.3172 1
2.31722 1
2.31725 1
2.31727 1
2.31729 1
2.31732 1
2.31734 1
2.31737 1
2.31739 1
2.31741 1
2.31744 1
2.31746 1
2.31749 1
2.31751 1
2.31753 1
2.31756 1
2.31758 1
2.31761 1
2.31763 1
2.31765 1
2.31768 1
2.3177 1
2.31773 1
2.31775 1
2.31778 1
2.3178 1
2.31782 1
2.31785 1
2.31787 1
2.3179 1
2.31792 1
2.31794 1
2.31797 1
2.31799 1
2.31802 1
2.31804 1
2.31806 1
2.31809 1
2.31811 1
2.31814 1
2.31816 1
2.31818 1
2.31821 1
2.31823 1
2.31826 1
2.31828 1
2.3183 1
2.31833 1
2.31835 1
2.31838 1
2.3184 1
2.31842 1
2.31845 1
2.31847 1
2.3185 1
2.31852 1
2.31854 1
2.31857 1
2.31859 1
2.31862 1
2.31864 1
2.31866 1
2.31869 1
2.31871 1
2.31874 1
2.31876 1
2.31878 1
2.31881 1
2.31883 1
2.31886 1
2.31888 1
2.3189 1
2.31893 1
2.31895 1
2.31898 1
2.319 1
2.31902 1
2.31905 1
2.31907 1
2.3191 1
2.31912 1
2.31914 1
2.31917 1
2.31919 1
2.31922 1
2.31924 1
2.31927 1
2.31929 1
2.31931 1
2.31934 1
2.31936 1
2.31939 1
2.31941 1
2.31943 1
2.31946 1
2.31948 1
2.31951 1
2.31953 1
2.31955 1
2.31958 1
2.3196 1
2.31963 1
2.31965 1
2.31967 1
2.3197 1
2.31972 1
2.31975 1
2.31977 1
2.31979 1
2.31982 1
2.31984 1
2.31987 1
2.31989 1
2.31991 1
2.31994 1
2.31996 1
2.31999 1
2.32001 1
2.32003 1
2.32006 1
2.32008 1
2.32011 1
2.32013 1
2.32015 1
2.32018 1
2.3202 1
2.32023 1
2.32025 1
2.32027 1
2.3203 1
2.32032 1
2.32035 1
2.32037 1
2.32039 1
2.32042 1
2.32044 1
2.32047 1
2.32049 1
2.32051 1
2.32054 1
2.32056 1
2.32059 1
2.32061 1
2.32063 1
2.32066 1
2.32068 1
2.32071 1
2.32073 1
2.32076 1
2.32078 1
2.3208 1
2.32083 1
2.32085 1
2.32088 1
2.3209 1
2.32092 1
2.32095 1
2.32097 1
2.321 1
2.32102 1
2.32104 1
2.32107 1
2.32109 1
2.32112 1
2.32114 1
2.32116 1
2.32119 1
2.32121 1
2.32124 1
2.32126 1
2.32128 1
2.32131 1
2.32133 1
2.32136 1
2.32138 1
2.3214 1
2.32143 1
2.32145 1
2.32148 1
2.3215 1
2.32152 1
2.32155 1
2.32157 1
2.3216 1
2.32162 1
2.32164 1
2.32167 1
2.32169 1
2.32172 1
2.32174 1
2.32176 1
2.32179 1
2.32181 1
2.32184 1
2.32186 1
2.32188 1
2.32191 1
2.32193 1
2.32196 1
2.32198 1
2.322 1
2.32203 1
2.32205 1
2.32208 1
2.3221 1
2.32212 1
2.32215 1
2.32217 1
2.3222 1
2.32222 1
2.32225 1
2.32227 1
2.32229 1
2.32232 1
2.32234 1
2.32237 1
2.32239 1
2.32241 1
2.32244 1
2.32246 1
2.32249 1
2.32251 1
2.32253 1
2.32256 1
2.32258 1
2.32261 1
2.32263 1
2.32265 1
2.32268 1
2.3227 1
2.32273 1
2.32275 1
2.32277 1
2.3228 1
2.32282 1
2.32285 1
2.32287 1
2.32289 1
2.32292 1
2.32294 1
2.32297 1
2.32299 1
2.32301 1
2.32304 1
2.32306 1
2.32309 1
2.32311 1
2.32313 1
2.32316 1
2.32318 1
2.32321 1
2.32323 1
2.32325 1
2.32328 1
2.3233 1
2.32333 1
2.32335 1
2.32337 1
2.3234 1
2.32342 1
2.32345 1
2.32347 1
2.32349 1
2.32352 1
2.32354 1
2.32357 1
2.32359 1
2.32361 1
2.32364 1
2.32366 1
2.32369 1
2.32371 1
2.32374 1
2.32376 1
2.32378 1
2.32381 1
2.32383 1
2.32386 1
2.32388 1
2.3239 1
2.32393 1
2.32395 1
2.32398 1
2.324 1
2.32402 1
2.32405 1
2.32407 1
2.3241 1
2.32412 1
2.32414 1
2.32417 1
2.32419 1
2.32422 1
2.32424 1
2.32426 1
2.32429 1
2.32431 1
2.32434 1
2.32436 1
2.32438 1
2.32441 1
2.32443 1
2.32446 1
2.32448 1
2.3245 1
2.32453 1
2.32455 1
2.32458 1
2.3246 1
2.32462 1
2.32465 1
2.32467 1
2.3247 1
2.32472 1
2.32474 1
2.32477 1
2.32479 1
2.32482 1
2.32484 1
2.32486 1
2.32489 1
2.32491 1
2.32494 1
2.32496 1
2.32498 1
2.32501 1
2.32503 1
2.32506 1
2.32508 1
2.3251 1
2.32513 1
2.32515 1
2.32518 1
2.3252 1
2.32523 1
2.32525 1
2.32527 1
2.3253 1
2.32532 1
2.32535 1
2.32537 1
2.32539 1
2.32542 1
2.32544 1
2.32547 1
2.32549 1
2.32551 1
2.32554 1
2.32556 1
2.32559 1
2.32561 1
2.32563 1
2.32566 1
2.32568 1
2.32571 1
2.32573 1
2.32575 1
2.32578 1
2.3258 1
2.32583 1
2.32585 1
2.32587 1
2.3259 1
2.32592 1
2.32595 1
2.32597 1
2.32599 1
2.32602 1
2.32604 1
2.32607 1
2.32609 1
2.32611 1
2.32614 1
2.32616 1
2.32619 1
2.32621 1
2.32623 1
2.32626 1
2.32628 1
2.32631 1
2.32633 1
2.32635 1
2.32638 1
2.3264 1
2.32643 1
2.32645 1
2.32647 1
2.3265 1
2.32652 1
2.32655 1
2.32657 1
2.32659 1
2.32662 1
2.32664 1
2.32667 1
2.32669 1
2.32672 1
2.32674 1
2.32676 1
2.32679 1
2.32681 1
2.32684 1
2.32686 1
2.32688 1
2.32691 1
2.32693 1
2.32696 1
2.32698 1
2.327 1
2.32703 1
2.32705 1
2.32708 1
2.3271 1
2.32712 1
2.32715 1
2.32717 1
2.3272 1
2.32722 1
2.32724 1
2.32727 1
2.32729 1
2.32732 1
2.32734 1
2.32736 1
2.32739 1
2.32741 1
2.32744 1
2.32746 1
2.32748 1
2.32751 1
2.32753 1
2.32756 1
2.32758 1
2.3276 1
2.32763 1
2.32765 1
2.32768 1
2.3277 1
2.32772 1
2.32775 1
2.32777 1
2.32864 1
2.55927 1
2.68931 1
2.68933 1
2.68936 1
2.68938 1
2.68941 1
2.68943 1
2.68945 1
2.68948 1
2.6895 1
2.68953 1
2.68955 1
2.68957 1
2.6896 1
2.68962 1
2.68965 1
2.68967 1
2.68969 1
2.68972 1
2.68974 1
2.68977 1
2.68979 1
2.68982 1
2.68984 1
2.68986 1
2.68989 1
2.68991 1
2.68994 1
2.68996 1
2.68998 1
2.69001 1
2.69003 1
2.69006 1
2.69008 1
2.6901 1
2.69013 1
2.69015 1
2.69018 1
2.6902 1
2.69022 1
2.69025 1
2.69027 1
2.6903 1
2.69032 1
2.69034 1
2.69037 1
2.69039 1
2.69042 1
2.69044 1
2.69046 1
2.69049 1
2.69051 1
2.69054 1
2.69056 1
2.69058 1
2.69061 1
2.69063 1
2.69066 1
2.69068 1
2.6907 1
2.69073 1
2.69075 1
2.69078 1
2.6908 1
2.69082 1
2.69085 1
2.69087 1
2.6909 1
2.69092 1
2.69094 1
2.69097 1
2.69099 1
2.69102 1
2.69104 1
2.69106 1
2.69109 1
2.69111 1
2.69114 1
2.69116 1
2.69118 1
2.69121 1
2.69123 1
2.69126 1
2.69128 1
2.69131 1
2.69133 1
2.69135 1
2.69138 1
2.6914 1
2.69143 1
2.69145 1
2.69147 1
2.6915 1
2.69152 1
2.69155 1
2.69157 1
2.69159 1
2.69162 1
2.69164 1
2.69167 1
2.69169 1
2.69171 1
2.69174 1
2.69176 1
2.69179 1
2.69181 1
2.69183 1
2.69186 1
2.69188 1
2.69191 1
2.69193 1
2.69195 1
2.69198 1
2.692 1
2.69203 1
2.69205 1
2.69207 1
2.6921 1
2.69212 1
2.69215 1
2.69217 1
2.69219 1
2.69222 1
2.69224 1
2.69227 1
2.69229 1
2.69231 1
2.69234 1
2.69236 1
2.69239 1
2.69241 1
2.69243 1
2.69246 1
2.69248 1
2.69251 1
2.69253 1
2.69255 1
2.69258 1
2.6926 1
2.69263 1
2.69265 1
2.69267 1
2.6927 1
2.69272 1
2.69275 1
2.69277 1
2.6928 1
2.69282 1
2.69284 1
2.69287 1
2.69289 1
2.69292 1
2.69294 1
2.69296 1
2.69299 1
2.69301 1
2.69304 1
2.69306 1
2.69308 1
2.69311 1
2.69313 1
2.69316 1
2.69318 1
2.6932 1
2.69323 1
2.69325 1
2.69328 1
2.6933 1
2.69332 1
2.69335 1
2.69337 1
2.6934 1
2.69342 1
2.69344 1
2.69347 1
2.69349 1
2.69352 1
2.69354 1
2.69356 1
2.69359 1
2.69361 1
2.69364 1
2.69366 1
2.69368 1
2.69371 1
2.69373 1
2.69376 1
2.69378 1
2.6938 1
2.69383 1
2.69385 1
2.69388 1
2.6939 1
2.69392 1
2.69395 1
2.69397 1
2.694 1
2.69402 1
2.69404 1
2.69407 1
2.69409 1
2.69412 1
2.69414 1
2.69416 1
2.69419 1
2.69421 1
2.69424 1
2.69426 1
2.69429 1
2.69431 1
2.69433 1
2.69436 1
2.69438 1
2.69441 1
2.69443 1
2.69445 1
2.69448 1
2.6945 1
2.69453 1
2.69455 1
2.69457 1
2.6946 1
2.69462 1
2.69465 1
2.69467 1
2.69469 1
2.69472 1
2.69474 1
2.69477 1
2.69479 1
2.69481 1
2.69484 1
2.69486 1
2.69489 1
2.69491 1
2.69493 1
2.69496 1
2.69498 1
2.69501 1
2.69503 1
2.69505 1
2.69508 1
2.6951 1
2.69513 1
2.69515 1
2.69517 1
2.6952 1
2.69522 1
2.69525 1
2.69527 1
2.69529 1
2.69532 1
2.69534 1
2.69537 1
2.69539 1
2.69541 1
2.69544 1
2.69546 1
2.69549 1
2.69551 1
2.69553 1
2.69556 1
2.69558 1
2.69561 1
2.69563 1
2.69565 1
2.69568 1
2.6957 1
2.69573 1
2.69575 1
2.69578 1
2.6958 1
2.69582 1
2.69585 1
2.69587 1
2.6959 1
2.69592 1
2.69594 1
2.69597 1
2.69599 1
2.69602 1
2.69604 1
2.69606 1
2.69609 1
2.69611 1
2.69614 1
2.69616 1
2.69618 1
2.69621 1
2.69623 1
2.69626 1
2.69628 1
2.6963 1
2.69633 1
2.69635 1
2.69638 1
2.6964 1
2.69642 1
2.69645 1
2.69647 1
2.6965 1
2.69652 1
2.69654 1
2.69657 1
2.69659 1
2.69662 1
2.69664 1
2.69666 1
2.69669 1
2.69671 1
2.69674 1
2.69676 1
2.69678 1
2.69681 1
2.69683 1
2.69686 1
2.69688 1
2.6969 1
2.69693 1
2.69695 1
2.69698 1
2.697 1
2.69702 1
2.69705 1
2.69707 1
2.6971 1
2.69712 1
2.69714 1
2.69717 1
2.69719 1
2.69722 1
2.69724 1
2.69726 1
2.69729 1
2.69731 1
2.69734 1
2.69736 1
2.69739 1
2.69741 1
2.69743 1
2.69746 1
2.69748 1
2.69751 1
2.69753 1
2.69755 1
2.69758 1
2.6976 1
2.69763 1
2.69765 1
2.69767 1
2.6977 1
2.69772 1
2.69775 1
2.69777 1
2.69779 1
2.69782 1
2.69784 1
2.69787 1
2.69789 1
2.69791 1
2.69794 1
2.69796 1
2.69799 1
2.69801 1
2.69803 1
2.69806 1
2.69808 1
2.69811 1
2.69813 1
2.69815 1
2.69818 1
2.6982 1
2.69823 1
2.69825 1
2.69827 1
2.6983 1
2.69832 1
2.69835 1
2.69837 1
2.69839 1
2.69842 1
2.69844 1
2.69847 1
2.69849 1
2.69851 1
2.69854 1
2.69856 1
2.69859 1
2.69861 1
2.69863 1
2.69866 1
2.69868 1
2.69871 1
2.69873 1
2.69875 1
2.69878 1
2.6988 1
2.69883 1
2.69885 1
2.69888 1
2.6989 1
2.69892 1
2.69895 1
2.69897 1
2.699 1
2.69902 1
2.69904 1
2.69907 1
2.69909 1
2.69912 1
2.69914 1
2.69916 1
2.69919 1
2.69921 1
2.69924 1
2.69926 1
2.69928 1
2.69931 1
2.69933 1
2.69936 1
2.69938 1
2.6994 1
2.69943 1
2.69945 1
2.69948 1
2.6995 1
2.69952 1
2.69955 1
2.69957 1
2.6996 1
2.69962 1
2.69964 1
2.69967 1
2.69969 1
2.69972 1
2.69974 1
2.69976 1
2.69979 1
2.69981 1
2.69984 1
2.69986 1
2.69988 1
2.69991 1
2.69993 1
2.69996 1
2.69998 1
2.7 1
2.70003 1
2.70005 1
2.70008 1
2.7001 1
2.70012 1
2.70015 1
2.70017 1
2.7002 1
2.70022 1
2.70024 1
2.70027 1
2.70029 1
2.70032 1
2.70034 1
2.70037 1
2.70039 1
2.70041 1
2.70044 1
2.70046 1
2.70049 1
2.70051 1
2.70053 1
2.70056 1
2.70058 1
2.70061 1
2.70063 1
2.70065 1
2.70068 1
2.7007 1
2.70073 1
2.70075 1
2.70077 1
2.7008 1
2.70082 1
2.70085 1
2.70087 1
2.70089 1
2.70092 1
2.70094 1
2.70097 1
2.70099 1
2.70101 1
2.70104 1
2.70106 1
2.70109 1
2.70111 1
2.70113 1
2.70116 1
2.70118 1
2.70121 1
2.70123 1
2.70125 1
2.70128 1
2.7013 1
2.70133 1
2.70135 1
2.70137 1
2.7014 1
2.70142 1
2.70145 1
2.70147 1
2.70149 1
2.70152 1
2.70154 1
2.70157 1
2.70159 1
2.70161 1
2.70164 1
2.70166 1
2.70169 1
2.70171 1
2.70173 1
2.70176 1
2.70178 1
2.70181 1
2.70183 1
2.70186 1
2.70188 1
2.7019 1
2.70193 1
2.70195 1
2.70198 1
2.702 1
2.70202 1
2.70205 1
2.70207 1
2.7021 1
2.70212 1
2.70214 1
2.70217 1
2.70219 1
2.70222 1
2.70224 1
2.70226 1
2.70229 1
2.70231 1
2.70234 1
2.70236 1
2.70238 1
2.70241 1
2.70243 1
2.70246 1
2.70248 1
2.7025 1
2.70253 1
2.70255 1
2.70258 1
2.7026 1
2.70262 1
2.70265 1
2.70267 1
2.7027 1
2.70272 1
2.70274 1
2.70277 1
2.70279 1
2.70282 1
2.70284 1
2.70286 1
2.70289 1
2.70291 1
2.70294 1
2.70296 1
2.70298 1
2.70301 1
2.70303 1
2.70306 1
2.70308 1
2.7031 1
2.70313 1
2.70315 1
2.70318 1
2.7032 1
2.70322 1
2.70325 1
2.70327 1
2.7033 1
2.70332 1
2.70335 1
2.70337 1
2.70339 1
2.70342 1
2.70344 1
2.70347 1
2.70349 1
2.70351 1
2.70354 1
2.70356 1
2.70359 1
2.70361 1
2.70363 1
2.70366 1
2.70368 1
2.70371 1
2.70373 1
2.70375 1
2.70378 1
2.7038 1
2.70383 1
2.70385 1
2.70387 1
2.7039 1
2.70392 1
2.70395 1
2.70397 1
2.70399 1
2.70402 1
2.70404 1
2.70407 1
2.70409 1
2.70411 1
2.70414 1
2.70416 1
2.70419 1
2.70421 1
2.70423 1
2.70426 1
2.70428 1
2.70431 1
2.70433 1
2.70435 1
2.70438 1
2.7044 1
2.70443 1
2.70445 1
2.70447 1
2.7045 1
2.70452 1
2.70455 1
2.70457 1
2.70459 1
2.70462 1
2.70464 1
2.70467 1
2.70469 1
2.70471 1
2.70474 1
2.70476 1
2.70479 1
2.70481 1
2.70484 1
2.70486 1
2.70488 1
2.70491 1
2.70493 1
2.70496 1
2.70498 1
2.705 1
2.70503 1
2.70505 1
2.70508 1
2.7051 1
2.70512 1
2.70515 1
2.70517 1
2.7052 1
2.70522 1
2.70524 1
2.70527 1
2.70529 1
2.70532 1
2.70534 1
2.70536 1
2.70539 1
2.70541 1
2.70544 1
2.70546 1
2.70548 1
2.70551 1
2.70553 1
2.70556 1
2.70558 1
2.7056 1
2.70563 1
2.70565 1
2.70568 1
2.7057 1
2.70572 1
2.70575 1
2.70577 1
2.7058 1
2.70582 1
2.70584 1
2.70587 1
2.70589 1
2.70592 1
2.70594 1
2.70596 1
2.70599 1
2.70601 1
2.70604 1
2.70606 1
2.70608 1
2.70611 1
2.70613 1
2.70616 1
2.70618 1
2.7062 1
2.70623 1
2.70625 1
2.70628 1
2.7063 1
2.70633 1
2.70635 1
2.70637 1
2.7064 1
2.70642 1
2.70645 1
2.70647 1
2.70649 1
2.70652 1
2.70654 1
2.70657 1
2.70659 1
2.70661 1
2.70664 1
2.70666 1
2.70669 1
2.70671 1
2.70673 1
2.70676 1
2.70678 1
2.70681 1
2.70683 1
2.70685 1
2.70688 1
2.7069 1
2.70693 1
2.70695 1
2.70697 1
2.707 1
2.70702 1
2.70705 1
2.70707 1
2.70709 1
2.70712 1
2.70714 1
2.70717 1
2.70719 1
2.70721 1
2.70724 1
2.70726 1
2.70729 1
2.70731 1
2.70733 1
2.70736 1
2.70738 1
2.70741 1
2.70743 1
2.70745 1
2.70748 1
2.7075 1
2.70753 1
2.70755 1
2.70757 1
2.7076 1
2.70762 1
2.70765 1
2.70767 1
2.70769 1
2.70772 1
2.70774 1
2.70777 1
2.70779 1
2.70782 1
2.70784 1
2.70786 1
2.70789 1
2.70791 1
2.70794 1
2.70796 1
2.70798 1
2.70801 1
2.70803 1
2.70806 1
2.70808 1
2.7081 1
2.70813 1
2.70815 1
2.70818 1
2.7082 1
2.70822 1
2.70825 1
2.70827 1
2.7083 1
2.70832 1
2.70834 1
2.70837 1
2.70839 1
2.70842 1
2.70844 1
2.70846 1
2.70849 1
2.70851 1
2.70854 1
2.70856 1
2.70858 1
2.70861 1
2.70863 1
2.70866 1
2.70868 1
2.7087 1
2.70873 1
2.70875 1
2.70878 1
2.7088 1
2.70882 1
2.70885 1
2.70887 1
2.7089 1
2.70892 1
2.70894 1
2.70897 1
2.70899 1
2.70902 1
2.70904 1
2.70906 1
2.70909 1
2.70911 1
2.70914 1
2.70916 1
2.70918 1
2.70921 1
2.70923 1
2.70926 1
2.70928 1
2.70931 1
2.70933 1
2.70935 1
2.70938 1
2.7094 1
2.70943 1
2.70945 1
2.70947 1
2.7095 1
2.70952 1
2.70955 1
2.70957 1
2.70959 1
2.70962 1
2.70964 1
2.70967 1
2.70969 1
2.70971 1
2.70974 1
2.70976 1
2.70979 1
2.70981 1
2.70983 1
2.70986 1
2.70988 1
2.70991 1
2.70993 1
2.70995 1
2.70998 1
2.71 1
2.71003 1
2.71005 1
2.71007 1
2.7101 1
2.71012 1
2.71015 1
2.71017 1
2.71019 1
2.71022 1
2.71024 1
2.71027 1
2.71029 1
2.71031 1
2.71034 1
2.71036 1
2.71039 1
2.71041 1
2.71043 1
2.71046 1
2.71048 1
2.71051 1
2.71053 1
2.71055 1
2.71058 1
2.7106 1
2.71063 1
2.71065 1
2.71067 1
2.7107 1
2.71072 1
2.71075 1
2.71077 1
2.7108 1
2.71082 1
2.71084 1
2.71087 1
2.71089 1
2.71092 1
2.71094 1
2.71096 1
2.71099 1
2.71101 1
2.71104 1
2.71106 1
2.71108 1
2.71111 1
2.71113 1
2.71116 1
2.71118 1
2.7112 1
2.71123 1
2.71125 1
2.71128 1
2.7113 1
2.71132 1
2.71135 1
2.71137 1
2.7114 1
2.71142 1
2.71144 1
2.71147 1
2.71149 1
2.71152 1
2.71154 1
2.71156 1
2.71159 1
2.71161 1
2.71164 1
2.71166 1
2.71168 1
2.71171 1
2.71173 1
2.71176 1
2.71178 1
2.7118 1
2.71183 1
2.71185 1
2.71188 1
2.7119 1
2.71192 1
2.71195 1
2.71197 1
2.712 1
2.71202 1
2.71204 1
2.71207 1
2.71209 1
2.71212 1
2.71214 1
2.71216 1
2.71219 1
2.71221 1
2.71224 1
2.71226 1
2.71228 1
2.71231 1
2.71233 1
2.71236 1
2.71238 1
2.71241 1
2.71243 1
2.71245 1
2.71248 1
2.7125 1
2.71253 1
2.71255 1
2.71257 1
2.7126 1
2.71262 1
2.71265 1
2.71267 1
2.71269 1
2.71272 1
2.71274 1
2.71277 1
2.71279 1
2.71281 1
2.71284 1
2.71286 1
2.71289 1
2.71291 1
2.71293 1
2.71296 1
2.71298 1
2.71301 1
2.71303 1
2.71305 1
2.71308 1
2.7131 1
2.71313 1
2.71315 1
2.71317 1
2.7132 1
2.71322 1
2.71325 1
2.71327 1
2.71329 1
2.71332 1
2.71334 1
2.71337 1
2.71339 1
2.71341 1
2.71344 1
2.71346 1
2.71349 1
2.71351 1
2.71353 1
2.71356 1
2.71358 1
2.71361 1
2.71363 1
2.71365 1
2.71368 1
2.7137 1
2.71373 1
2.71375 1
2.71377 1
2.7138 1
2.71382 1
2.71385 1
2.71387 1
2.7139 1
2.71392 1
2.71394 1
2.71397 1
2.71399 1
2.71402 1
2.71404 1
2.71406 1
2.71409 1
2.71411 1
2.71414 1
2.71416 1
2.71418 1
2.71421 1
2.71423 1
2.71426 1
2.71428 1
2.7143 1
2.71433 1
2.71435 1
2.71438 1
2.7144 1
2.71442 1
2.71445 1
2.71447 1
2.7145 1
2.71452 1
2.71454 1
2.71457 1
2.71459 1
2.71462 1
2.71464 1
2.71466 1
2.71469 1
2.71471 1
2.71474 1
2.71476 1
2.71478 1
2.71481 1
2.71483 1
2.71486 1
2.71488 1
2.7149 1
2.71493 1
2.71495 1
2.71498 1
2.715 1
2.71502 1
2.71505 1
2.71507 1
2.7151 1
2.71512 1
2.71514 1
2.71517 1
2.71519 1
2.71522 1
2.71524 1
2.71526 1
2.71529 1
2.71531 1
2.71534 1
2.71536 1
2.71539 1
2.71541 1
2.71543 1
2.71546 1
2.71548 1
2.71551 1
2.71553 1
2.71555 1
2.71558 1
2.7156 1
2.71563 1
2.71565 1
2.71567 1
2.7157 1
2.71572 1
2.71575 1
2.71577 1
2.71579 1
2.71582 1
2.71584 1
2.71587 1
2.71589 1
2.71591 1
2.71594 1
2.71596 1
2.71599 1
2.71601 1
2.71603 1
2.71606 1
2.71608 1
2.71611 1
2.71613 1
2.71615 1
2.71618 1
2.7162 1
2.71623 1
2.71625 1
2.71627 1
2.7163 1
2.71632 1
2.71635 1
2.71637 1
2.71639 1
2.71642 1
2.71644 1
2.71647 1
2.71649 1
2.71651 1
2.71654 1
2.71656 1
2.71659 1
2.71661 1
2.71663 1
2.71666 1
2.71668 1
2.71671 1
2.71673 1
2.71675 1
2.71678 1
2.7168 1
2.71683 1
2.71685 1
2.71688 1
2.7169 1
2.71692 1
2.71695 1
2.71697 1
2.717 1
2.71702 1
2.71704 1
2.71707 1
2.71709 1
2.71712 1
2.71714 1
2.71716 1
2.71719 1
2.71721 1
2.71724 1
2.71726 1
2.71728 1
2.71731 1
2.71733 1
2.71736 1
2.71738 1
2.7174 1
2.71743 1
2.71745 1
2.71748 1
2.7175 1
2.71752 1
2.71755 1
2.71757 1
2.7176 1
2.71762 1
2.71764 1
2.71767 1
2.71769 1
2.71772 1
2.71774 1
2.71776 1
2.71779 1
2.71781 1
2.71784 1
2.71786 1
2.71788 1
2.71791 1
2.71793 1
2.71796 1
2.71798 1
2.718 1
2.71803 1
2.71805 1
2.71808 1
2.7181 1
2.71812 1
2.71815 1
