2.48539 1
2.48544 1
2.48549 1
2.48554 1
2.48559 1
2.48563 1
2.48568 1
2.48573 1
2.48578 1
2.48583 1
2.48588 1
2.48592 1
2.48597 1
2.48602 1
2.48607 1
2.48612 1
2.48616 1
2.48621 1
2.48626 1
2.48631 1
2.48636 1
2.4864 1
2.48645 1
2.4865 1
2.48655 1
2.4866 1
2.48664 1
2.48669 1
2.48674 1
2.48679 1
2.48684 1
2.48688 1
2.48693 1
2.48698 1
2.48703 1
2.48708 1
2.48712 1
2.48717 1
2.48722 1
2.48727 1
2.48732 1
2.48737 1
2.48741 1
2.48746 1
2.48751 1
2.48756 1
2.48761 1
2.48765 1
2.4877 1
2.48775 1
2.4878 1
2.48785 1
2.48789 1
2.48794 1
2.48799 1
2.48804 1
2.48809 1
2.48813 1
2.48818 1
2.48823 1
2.48828 1
2.48833 1
2.48837 1
2.48842 1
2.48847 1
2.48852 1
2.48857 1
2.48861 1
2.48866 1
2.48871 1
2.48876 1
2.48881 1
2.48886 1
2.4889 1
2.48895 1
2.489 1
2.48905 1
2.4891 1
2.48914 1
2.48919 1
2.48924 1
2.48929 1
2.48934 1
2.48938 1
2.48943 1
2.48948 1
2.48953 1
2.48958 1
2.48962 1
2.48967 1
2.48972 1
2.48977 1
2.48982 1
2.48986 1
2.48991 1
2.48996 1
2.49001 1
2.49006 1
2.4901 1
2.49015 1
2.4902 1
2.49025 1
2.4903 1
2.49035 1
2.49039 1
2.49044 1
2.49049 1
2.49054 1
2.49059 1
2.49063 1
2.49068 1
2.49073 1
2.49078 1
2.49083 1
2.49087 1
2.49092 1
2.49097 1
2.49102 1
2.49107 1
2.49111 1
2.49116 1
2.49121 1
2.49126 1
2.49131 1
2.49135 1
2.4914 1
2.49145 1
2.4915 1
2.49155 1
2.49159 1
2.49164 1
2.49169 1
2.49174 1
2.49179 1
2.49183 1
2.49188 1
2.49193 1
2.49198 1
2.49203 1
2.49208 1
2.49212 1
2.49217 1
2.49222 1
2.49227 1
2.49232 1
2.49236 1
2.49241 1
2.49246 1
2.49251 1
2.49256 1
2.4926 1
2.49265 1
2.4927 1
2.49275 1
2.4928 1
2.49284 1
2.49289 1
2.49294 1
2.49299 1
2.49304 1
2.49308 1
2.49313 1
2.49318 1
2.49323 1
2.49328 1
2.49332 1
2.49337 1
2.49342 1
2.49347 1
2.49352 1
2.49357 1
2.49361 1
2.49366 1
2.49371 1
2.49376 1
2.49381 1
2.49385 1
2.4939 1
2.49395 1
2.494 1
2.49405 1
2.49409 1
2.49414 1
2.49419 1
2.49424 1
2.49429 1
2.49433 1
2.49438 1
2.49443 1
2.49448 1
2.49453 1
2.49457 1
2.49462 1
2.49467 1
2.49472 1
2.49477 1
2.49481 1
2.49486 1
2.49491 1
2.49496 1
2.49501 1
2.49506 1
2.4951 1
2.49515 1
2.4952 1
2.49525 1
2.4953 1
2.49534 1
2.49539 1
2.49544 1
2.49549 1
2.49554 1
2.49558 1
2.49563 1
2.49568 1
2.49573 1
2.49578 1
2.49582 1
2.49587 1
2.49592 1
2.49597 1
2.49602 1
2.49606 1
2.49611 1
2.49616 1
2.49621 1
2.49626 1
2.4963 1
2.49635 1
2.4964 1
2.49645 1
2.4965 1
2.49655 1
2.49659 1
2.49664 1
2.49669 1
2.49674 1
2.49679 1
2.49683 1
2.49688 1
2.49693 1
2.49698 1
2.49703 1
2.49707 1
2.49712 1
2.49717 1
2.49722 1
2.49727 1
2.49731 1
2.49736 1
2.49741 1
2.49746 1
2.49751 1
2.49755 1
2.4976 1
2.49765 1
2.4977 1
2.49775 1
2.49779 1
2.49784 1
2.49789 1
2.49794 1
2.49799 1
2.49804 1
2.49808 1
2.49813 1
2.49818 1
2.49823 1
2.49828 1
2.49832 1
2.49837 1
2.49842 1
2.49847 1
2.49852 1
2.49856 1
2.49861 1
2.49866 1
2.49871 1
2.49876 1
2.4988 1
2.49885 1
2.4989 1
2.49895 1
2.499 1
2.49904 1
2.49909 1
2.49914 1
2.49919 1
2.49924 1
2.49928 1
2.49933 1
2.49938 1
2.49943 1
2.49948 1
2.49953 1
2.49957 1
2.49962 1
2.49967 1
2.49972 1
2.49977 1
2.49981 1
2.49986 1
2.49991 1
2.49996 1
2.50001 1
2.50005 1
2.5001 1
2.50015 1
2.5002 1
2.50025 1
2.50029 1
2.50034 1
2.50039 1
2.50044 1
2.50049 1
2.50053 1
2.50058 1
2.50063 1
2.50068 1
2.50073 1
2.50077 1
2.50082 1
2.50087 1
2.50092 1
2.50097 1
2.50102 1
2.50106 1
2.50111 1
2.50116 1
2.50121 1
2.50126 1
2.5013 1
2.50135 1
2.5014 1
2.50145 1
2.5015 1
2.50154 1
2.50159 1
2.50164 1
2.50169 1
2.50174 1
2.50178 1
2.50183 1
2.50188 1
2.50193 1
2.50198 1
2.50202 1
2.50207 1
2.50212 1
2.50217 1
2.50222 1
2.50226 1
2.50231 1
2.50236 1
2.50241 1
2.50246 1
2.50251 1
2.50255 1
2.5026 1
2.50265 1
2.5027 1
2.50275 1
2.50279 1
2.50284 1
2.50289 1
2.50294 1
2.50299 1
2.50303 1
2.50308 1
2.50313 1
2.50318 1
2.50323 1
2.50327 1
2.50332 1
2.50337 1
2.50342 1
2.50347 1
2.50351 1
2.50356 1
2.50361 1
2.50366 1
2.50371 1
2.50375 1
2.5038 1
2.50385 1
2.5039 1
2.50395 1
2.504 1
2.50404 1
2.50409 1
2.50414 1
2.50419 1
2.50424 1
2.50428 1
2.50433 1
2.50438 1
2.50443 1
2.50448 1
2.50452 1
2.50457 1
2.50462 1
2.50467 1
2.50472 1
2.50476 1
2.50481 1
2.50486 1
2.50491 1
2.50496 1
2.505 1
2.50505 1
2.5051 1
2.50515 1
2.5052 1
2.50524 1
2.50529 1
2.50534 1
2.50539 1
2.50544 1
2.50549 1
2.50553 1
2.50558 1
2.50563 1
2.50568 1
2.50573 1
2.50577 1
2.50582 1
2.50587 1
2.50592 1
2.50597 1
2.50601 1
2.50606 1
2.50611 1
2.50616 1
2.50621 1
2.50625 1
2.5063 1
2.50635 1
2.5064 1
2.50645 1
2.50649 1
2.50654 1
2.50659 1
2.50664 1
2.50669 1
2.50673 1
2.50678 1
2.50683 1
2.50688 1
2.50693 1
2.50698 1
2.50702 1
2.50707 1
2.50712 1
2.50717 1
2.50722 1
2.50726 1
2.50731 1
2.50736 1
2.50741 1
2.50746 1
2.5075 1
2.50755 1
2.5076 1
2.50765 1
2.5077 1
2.50774 1
2.50779 1
2.50784 1
2.50789 1
2.50794 1
2.50798 1
2.50803 1
2.50808 1
2.50813 1
2.50818 1
2.50822 1
2.50827 1
2.50832 1
2.50837 1
2.50842 1
2.50847 1
2.50851 1
2.50856 1
2.50861 1
2.50866 1
2.50871 1
2.50875 1
2.5088 1
2.50885 1
2.5089 1
2.50895 1
2.50899 1
2.50904 1
2.50909 1
2.50914 1
2.50919 1
2.50923 1
2.50928 1
2.50933 1
2.50938 1
2.50943 1
2.50947 1
2.50952 1
2.50957 1
2.50962 1
2.50967 1
2.50971 1
2.50976 1
2.50981 1
2.50986 1
2.50991 1
2.50996 1
2.51 1
2.51005 1
2.5101 1
2.51015 1
2.5102 1
2.51024 1
2.51029 1
2.51034 1
2.51039 1
2.51044 1
2.51048 1
2.51053 1
2.51058 1
2.51063 1
2.51068 1
2.51072 1
2.51077 1
2.51082 1
2.51087 1
2.51092 1
2.51096 1
2.51101 1
2.51106 1
2.51111 1
2.51116 1
2.5112 1
2.51125 1
2.5113 1
2.51135 1
2.5114 1
2.51145 1
2.51149 1
2.51154 1
2.51159 1
2.51164 1
2.51169 1
2.51173 1
2.51178 1
2.51183 1
2.51188 1
2.51193 1
2.51197 1
2.51202 1
2.51207 1
2.51212 1
2.51217 1
2.51221 1
2.51226 1
2.51231 1
2.51236 1
2.51241 1
2.51245 1
2.5125 1
2.51255 1
2.5126 1
2.51265 1
2.51269 1
2.51274 1
2.51279 1
2.51284 1
2.51289 1
2.51294 1
2.51298 1
2.51303 1
2.51308 1
2.51313 1
2.51318 1
2.51322 1
2.51327 1
2.51332 1
2.51337 1
2.51342 1
2.51346 1
2.51351 1
2.51356 1
2.51361 1
2.51366 1
2.5137 1
2.51375 1
2.5138 1
2.51385 1
2.5139 1
2.51394 1
2.51399 1
2.51404 1
2.51409 1
2.51414 1
2.51418 1
2.51423 1
2.51428 1
2.51433 1
2.51438 1
2.51443 1
2.51447 1
2.51452 1
2.51457 1
2.51462 1
2.51467 1
2.51471 1
2.51476 1
2.51481 1
2.51486 1
2.51491 1
2.51495 1
2.515 1
2.51505 1
2.5151 1
2.51515 1
2.51519 1
2.51524 1
2.51529 1
2.51534 1
2.51539 1
2.51543 1
2.51548 1
2.51553 1
2.51558 1
2.51563 1
2.51567 1
2.51572 1
2.51577 1
2.51582 1
2.51587 1
2.51592 1
2.51596 1
2.51601 1
2.51606 1
2.51611 1
2.51616 1
2.5162 1
2.51625 1
2.5163 1
2.51635 1
2.5164 1
2.51644 1
2.51649 1
2.51654 1
2.51659 1
2.51664 1
2.51668 1
2.51673 1
2.51678 1
2.51683 1
2.51688 1
2.51692 1
2.51697 1
2.51702 1
2.51707 1
2.51712 1
2.51716 1
2.51721 1
2.51726 1
2.51731 1
2.51736 1
2.51741 1
2.51745 1
2.5175 1
2.51755 1
2.5176 1
2.51765 1
2.51769 1
2.51774 1
2.51779 1
2.51784 1
2.51789 1
2.51793 1
2.51798 1
2.51803 1
2.51808 1
2.51813 1
2.51817 1
2.51822 1
2.51827 1
2.51832 1
2.51837 1
2.51841 1
2.51846 1
2.51851 1
2.51856 1
2.51861 1
2.51865 1
2.5187 1
2.51875 1
2.5188 1
2.51885 1
2.5189 1
2.51894 1
2.51899 1
2.51904 1
2.51909 1
2.51914 1
2.51918 1
2.51923 1
2.51928 1
2.51933 1
2.51938 1
2.51942 1
2.51947 1
2.51952 1
2.51957 1
2.51962 1
2.51966 1
2.51971 1
2.51976 1
2.51981 1
2.51986 1
2.5199 1
2.51995 1
2.52 1
2.52005 1
2.5201 1
2.52014 1
2.52019 1
2.52024 1
2.52029 1
2.52034 1
2.52039 1
2.52043 1
2.52048 1
2.52053 1
2.52058 1
2.52063 1
2.52067 1
2.52072 1
2.52077 1
2.52082 1
2.52087 1
2.52091 1
2.52096 1
2.52101 1
2.52106 1
2.52111 1
2.52115 1
2.5212 1
2.52125 1
2.5213 1
2.52135 1
2.52139 1
2.52144 1
2.52149 1
2.52154 1
2.52159 1
2.52163 1
2.52168 1
2.52173 1
2.52178 1
2.52183 1
2.52187 1
2.52192 1
2.52197 1
2.52202 1
2.52207 1
2.52212 1
2.52216 1
2.52221 1
2.52226 1
2.52231 1
2.52236 1
2.5224 1
2.52245 1
2.5225 1
2.52255 1
2.5226 1
2.52264 1
2.52269 1
2.52274 1
2.52279 1
2.52284 1
2.52288 1
2.52293 1
2.52298 1
2.52303 1
2.52308 1
2.52312 1
2.52317 1
2.52322 1
2.52327 1
2.52332 1
2.52336 1
2.52341 1
2.52346 1
2.52351 1
2.52356 1
2.52361 1
2.52365 1
2.5237 1
2.52375 1
2.5238 1
2.52385 1
2.52389 1
2.52394 1
2.52399 1
2.52404 1
2.52409 1
2.52413 1
2.52418 1
2.52423 1
2.52428 1
2.52433 1
2.52437 1
2.52442 1
2.52447 1
2.52452 1
2.52457 1
2.52461 1
2.52466 1
2.52471 1
2.52476 1
2.52481 1
2.52485 1
2.5249 1
2.52495 1
2.525 1
2.52505 1
2.5251 1
2.52514 1
2.52519 1
2.52524 1
2.52529 1
2.52534 1
2.52538 1
2.52543 1
2.52548 1
2.52553 1
2.52558 1
2.52562 1
2.52567 1
2.52572 1
2.52577 1
2.52582 1
2.52586 1
2.52591 1
2.52596 1
2.52601 1
2.52606 1
2.5261 1
2.52615 1
2.5262 1
2.52625 1
2.5263 1
2.52634 1
2.52639 1
2.52644 1
2.52649 1
2.52654 1
2.52659 1
2.52663 1
2.52668 1
2.52673 1
2.52678 1
2.52683 1
2.52687 1
2.52692 1
2.52697 1
2.52702 1
2.52707 1
2.52711 1
2.52716 1
2.52721 1
2.52726 1
2.52731 1
2.52735 1
2.5274 1
2.52745 1
2.5275 1
2.52755 1
2.52759 1
2.52764 1
2.52769 1
2.52774 1
2.52779 1
2.52783 1
2.52788 1
2.52793 1
2.52798 1
2.52803 1
2.52808 1
2.52812 1
2.52817 1
2.52822 1
2.52827 1
2.52832 1
2.52836 1
2.52841 1
2.52846 1
2.52851 1
2.52856 1
2.5286 1
2.52865 1
2.5287 1
2.52875 1
2.5288 1
2.52884 1
2.52889 1
2.52894 1
2.52899 1
2.52904 1
2.52908 1
2.52913 1
2.52918 1
2.52923 1
2.52928 1
2.52932 1
2.52937 1
2.52942 1
2.52947 1
2.52952 1
2.52957 1
2.52961 1
2.52966 1
2.52971 1
2.52976 1
2.52981 1
2.52985 1
2.5299 1
2.52995 1
2.53 1
2.53005 1
2.53009 1
2.53014 1
2.53019 1
2.53024 1
2.53029 1
2.53033 1
2.53038 1
2.53043 1
2.53048 1
2.53053 1
2.53057 1
2.53062 1
2.53067 1
2.53072 1
2.53077 1
2.53081 1
2.53086 1
2.53091 1
2.53096 1
2.53101 1
2.53106 1
2.5311 1
2.53115 1
2.5312 1
2.53125 1
2.5313 1
2.53134 1
2.53139 1
2.53144 1
2.53149 1
2.53154 1
2.53158 1
2.53163 1
2.53168 1
2.53173 1
2.53178 1
2.53182 1
2.53187 1
2.53192 1
2.53197 1
2.53202 1
2.53206 1
2.53211 1
2.53216 1
2.53221 1
2.53226 1
2.5323 1
2.53235 1
2.5324 1
2.53245 1
2.5325 1
2.53255 1
2.53259 1
2.53264 1
2.53269 1
2.53274 1
2.53279 1
2.53283 1
2.53288 1
2.53293 1
2.53298 1
2.53303 1
2.53307 1
2.53312 1
2.53317 1
2.53322 1
2.53327 1
2.53331 1
2.53336 1
2.53341 1
2.53346 1
2.53351 1
2.53355 1
2.5336 1
2.53365 1
2.5337 1
2.53375 1
2.53379 1
2.53384 1
2.53389 1
2.53394 1
2.53399 1
2.53404 1
2.53408 1
2.53413 1
2.53418 1
2.53423 1
2.53428 1
2.53432 1
2.53437 1
2.53442 1
2.53447 1
2.53452 1
2.53456 1
2.53461 1
2.53466 1
2.53471 1
2.53476 1
2.5348 1
2.53485 1
2.5349 1
2.53495 1
2.535 1
2.53504 1
2.53509 1
2.53514 1
2.53519 1
2.53524 1
2.53528 1
2.53533 1
2.53538 1
2.53543 1
2.53548 1
2.53553 1
2.53557 1
2.53562 1
2.53567 1
2.53572 1
2.53577 1
2.53581 1
2.53586 1
2.53591 1
2.53596 1
2.53601 1
2.53605 1
2.5361 1
2.53615 1
2.5362 1
2.53625 1
2.53629 1
2.53634 1
2.53639 1
2.53644 1
2.53649 1
2.53653 1
2.53658 1
2.53663 1
2.53668 1
2.53673 1
2.53677 1
2.53682 1
2.53687 1
2.53692 1
2.53697 1
2.53702 1
2.53706 1
2.53711 1
2.53716 1
2.53721 1
2.53726 1
2.5373 1
2.53735 1
2.5374 1
2.53745 1
2.5375 1
2.53754 1
2.53759 1
2.53764 1
2.53769 1
2.53774 1
2.53778 1
2.53783 1
2.53788 1
2.53793 1
2.53798 1
2.53802 1
2.53807 1
2.53812 1
2.53817 1
2.53822 1
2.53826 1
2.53831 1
2.53836 1
2.53841 1
2.53846 1
2.53851 1
2.53855 1
2.5386 1
2.53865 1
2.5387 1
2.53875 1
2.53879 1
2.53884 1
2.53889 1
2.53894 1
2.53899 1
2.53903 1
2.53908 1
2.53913 1
2.53918 1
2.53923 1
2.53927 1
2.53932 1
2.53937 1
2.53942 1
2.53947 1
2.53951 1
2.53956 1
2.53961 1
2.53966 1
2.53971 1
2.53975 1
2.5398 1
2.53985 1
2.5399 1
2.53995 1
2.54 1
2.54004 1
2.54009 1
2.54014 1
2.54019 1
2.54024 1
2.54028 1
2.54033 1
2.54038 1
2.54043 1
2.54048 1
2.54052 1
2.54057 1
2.54062 1
2.54067 1
2.54072 1
2.54076 1
2.54081 1
2.54086 1
2.54091 1
2.54096 1
2.541 1
2.54105 1
2.5411 1
2.54115 1
2.5412 1
2.54124 1
2.54129 1
2.54134 1
2.54139 1
2.54144 1
2.54149 1
2.54153 1
2.54158 1
2.54163 1
2.54168 1
2.54173 1
2.54177 1
2.54182 1
2.54187 1
2.54192 1
2.54197 1
2.54201 1
2.54206 1
2.54211 1
2.54216 1
2.54221 1
2.54225 1
2.5423 1
2.54235 1
2.5424 1
2.54245 1
2.54249 1
2.54254 1
2.54259 1
2.54264 1
2.54269 1
2.54273 1
2.54278 1
2.54283 1
2.54288 1
2.54293 1
2.54298 1
2.54302 1
2.54307 1
2.54312 1
2.54317 1
2.54322 1
2.54326 1
2.54331 1
2.54336 1
2.54341 1
2.54346 1
2.5435 1
2.54355 1
2.5436 1
2.54365 1
2.5437 1
2.54374 1
2.54379 1
2.54384 1
2.54389 1
2.54394 1
2.54398 1
2.54403 1
2.54408 1
2.54413 1
2.54418 1
2.54422 1
2.54427 1
2.54432 1
2.54437 1
2.54442 1
2.54447 1
2.54451 1
2.54456 1
2.54461 1
2.54466 1
2.54471 1
2.54475 1
2.5448 1
2.54485 1
2.5449 1
2.54495 1
2.54499 1
2.54504 1
2.54509 1
2.54514 1
2.54519 1
2.54523 1
2.54528 1
2.54533 1
2.54538 1
2.54543 1
2.54547 1
2.54552 1
2.54557 1
2.54562 1
2.54567 1
2.54571 1
2.54576 1
2.54581 1
2.54586 1
2.54591 1
2.54596 1
2.546 1
2.54605 1
2.5461 1
2.54615 1
2.5462 1
2.54624 1
2.54629 1
2.54634 1
2.54639 1
2.54644 1
2.54648 1
2.54653 1
2.54658 1
2.54663 1
2.54668 1
2.54672 1
2.54677 1
2.54682 1
2.54687 1
2.54692 1
2.54696 1
2.54701 1
2.54706 1
2.54711 1
2.54716 1
2.5472 1
2.54725 1
2.5473 1
2.54735 1
2.5474 1
2.54745 1
2.54749 1
2.54754 1
2.54759 1
2.54764 1
2.54769 1
2.54773 1
2.54778 1
2.54783 1
2.54788 1
2.54793 1
2.54797 1
2.54802 1
2.54807 1
2.54812 1
2.54817 1
2.54821 1
2.54826 1
2.54831 1
2.54836 1
2.54841 1
2.54845 1
2.5485 1
2.54855 1
2.5486 1
2.54865 1
2.54869 1
2.54874 1
2.54879 1
2.54884 1
2.54889 1
2.54894 1
2.54898 1
2.54903 1
2.54908 1
2.54913 1
2.54918 1
2.54922 1
2.54927 1
2.54932 1
2.54937 1
2.54942 1
2.54946 1
2.54951 1
2.54956 1
2.54961 1
2.54966 1
2.5497 1
2.54975 1
2.5498 1
2.54985 1
2.5499 1
2.54994 1
2.54999 1
2.55004 1
2.55009 1
2.55014 1
2.55018 1
2.55023 1
2.55028 1
2.55033 1
2.55038 1
2.55043 1
2.55047 1
2.55052 1
2.55057 1
2.55062 1
2.55067 1
2.55071 1
2.55076 1
2.55081 1
2.55086 1
2.55091 1
2.55095 1
2.551 1
2.55105 1
2.5511 1
2.55115 1
2.55119 1
2.55124 1
2.55129 1
2.55134 1
2.55139 1
2.55143 1
2.55148 1
2.55153 1
2.55158 1
2.55163 1
2.55167 1
2.55172 1
2.55177 1
2.55182 1
2.55187 1
2.55191 1
2.55196 1
2.55201 1
2.55206 1
2.55211 1
2.55216 1
2.5522 1
2.55225 1
2.5523 1
2.55235 1
2.5524 1
2.55244 1
2.55249 1
2.55254 1
2.55259 1
2.55264 1
2.55268 1
2.55273 1
2.55278 1
2.55283 1
2.55288 1
2.55292 1
2.55297 1
2.55302 1
2.55307 1
2.55312 1
2.55316 1
2.55321 1
2.55326 1
2.55331 1
2.55336 1
2.5534 1
2.55345 1
2.5535 1
2.55355 1
2.5536 1
2.55365 1
2.55369 1
2.55374 1
2.55379 1
2.55384 1
2.55389 1
2.55393 1
2.55398 1
2.55403 1
2.55408 1
2.55413 1
2.55417 1
2.55422 1
2.55427 1
2.55432 1
2.55437 1
2.55441 1
2.55446 1
2.55451 1
2.55456 1
2.55461 1
2.55465 1
2.5547 1
2.55475 1
2.5548 1
2.55485 1
2.55489 1
2.55494 1
2.55499 1
2.55504 1
2.55509 1
2.55514 1
2.55518 1
2.55523 1
2.55528 1
2.55533 1
2.55538 1
2.55542 1
2.55547 1
2.55552 1
2.55557 1
2.55562 1
2.55566 1
2.55571 1
2.55576 1
2.55581 1
2.55586 1
2.5559 1
2.55595 1
2.556 1
2.55605 1
2.5561 1
2.55614 1
2.55619 1
2.55624 1
2.55629 1
2.55634 1
2.55638 1
2.55643 1
2.55648 1
2.55653 1
2.55658 1
2.55663 1
2.55667 1
2.55672 1
2.55677 1
2.55682 1
2.55687 1
2.55691 1
2.55696 1
2.55701 1
2.55706 1
2.55711 1
2.55715 1
2.5572 1
2.55725 1
2.5573 1
2.55735 1
2.55739 1
2.55744 1
2.55749 1
2.55754 1
2.55759 1
2.55763 1
2.55768 1
2.55773 1
2.55778 1
2.55783 1
2.55787 1
2.55792 1
2.55797 1
2.55802 1
2.55807 1
2.55812 1
2.55816 1
2.55822 1
2.55827 1
2.55832 1
2.55837 1
2.55842 1
2.55846 1
2.55851 1
2.55856 1
2.55861 1
2.55866 1
2.5587 1
2.55875 1
2.5588 1
2.55885 1
2.5589 1
2.55894 1
2.55899 1
2.55904 1
2.55909 1
2.55914 1
2.55918 1
2.55923 1
2.55928 1
2.55933 1
2.55938 1
2.55942 1
2.55947 1
2.55952 1
2.55957 1
2.55962 1
2.55967 1
2.55971 1
2.55976 1
2.55981 1
2.55986 1
2.55991 1
2.55995 1
2.56 1
2.56005 1
2.5601 1
2.56015 1
2.56019 1
2.56024 1
2.56029 1
2.56034 1
2.56039 1
2.56043 1
2.56048 1
2.56053 1
2.56058 1
2.56063 1
2.56067 1
2.56072 1
2.56077 1
2.56082 1
2.56087 1
2.56091 1
2.56096 1
2.56101 1
2.56106 1
2.56111 1
2.56116 1
2.5612 1
2.56125 1
2.5613 1
2.56135 1
2.5614 1
2.56144 1
2.56149 1
2.56154 1
2.56159 1
2.56164 1
2.56168 1
2.56173 1
2.56178 1
2.56183 1
2.56188 1
2.56192 1
2.56197 1
2.56202 1
2.56207 1
2.56212 1
2.56216 1
2.56221 1
2.56226 1
2.56231 1
2.56236 1
2.5624 1
2.56245 1
2.5625 1
2.56255 1
2.5626 1
2.56265 1
2.56269 1
2.56274 1
2.56279 1
2.56284 1
2.56289 1
2.56293 1
2.56298 1
2.56303 1
2.56308 1
2.56313 1
2.56317 1
2.56322 1
2.56327 1
2.56332 1
2.56337 1
2.56341 1
2.56346 1
2.56351 1
2.56356 1
2.56361 1
2.56365 1
2.5637 1
2.56375 1
2.5638 1
2.56385 1
2.56389 1
2.56394 1
2.56399 1
2.56404 1
2.56409 1
2.56414 1
2.56418 1
2.56423 1
2.56428 1
2.56433 1
2.56438 1
2.56442 1
2.56447 1
2.56452 1
2.56457 1
2.56462 1
2.56466 1
2.56471 1
2.56476 1
2.56481 1
2.56486 1
2.5649 1
2.56495 1
2.565 1
2.56505 1
2.5651 1
2.56514 1
2.56519 1
2.56524 1
2.56529 1
2.56534 1
2.56538 1
2.56543 1
2.56548 1
2.56553 1
2.56558 1
2.56563 1
2.56567 1
2.56572 1
2.56577 1
2.56582 1
2.56587 1
2.56591 1
2.56596 1
2.56601 1
2.56606 1
2.56611 1
2.56615 1
2.5662 1
2.56625 1
2.5663 1
2.56635 1
2.56639 1
2.56644 1
2.56649 1
2.56654 1
2.56659 1
2.56663 1
2.56668 1
2.56673 1
2.56678 1
2.56683 1
2.56687 1
2.56692 1
2.56697 1
2.56702 1
2.56707 1
2.56712 1
2.56716 1
2.56721 1
2.56726 1
2.56731 1
2.56736 1
2.5674 1
2.56745 1
2.5675 1
2.56755 1
2.5676 1
2.56764 1
2.56769 1
2.56774 1
2.56779 1
2.56784 1
2.56788 1
2.56793 1
2.56798 1
2.56803 1
2.56808 1
2.56812 1
2.56817 1
2.56822 1
2.56827 1
2.56832 1
2.56836 1
2.56841 1
2.56846 1
2.56851 1
2.56856 1
2.56861 1
2.56865 1
2.5687 1
2.56875 1
2.5688 1
2.56885 1
2.56889 1
2.56894 1
2.56899 1
2.56904 1
2.56909 1
2.56913 1
2.56918 1
2.56923 1
2.56928 1
2.56933 1
2.56937 1
2.56942 1
2.56947 1
2.56952 1
2.56957 1
2.56961 1
2.56966 1
2.56971 1
2.56976 1
2.56981 1
2.56985 1
2.5699 1
2.56995 1
2.57 1
2.57005 1
2.5701 1
2.57014 1
2.57019 1
2.57024 1
2.57029 1
2.57034 1
2.57038 1
2.57043 1
2.57048 1
2.57053 1
2.57058 1
2.57062 1
2.57067 1
2.57072 1
2.57077 1
2.57082 1
2.57086 1
2.57091 1
2.57096 1
2.57101 1
2.57106 1
2.5711 1
2.57115 1
2.5712 1
2.57125 1
2.5713 1
2.57134 1
2.57139 1
2.57144 1
2.57149 1
2.57154 1
2.57159 1
2.57163 1
2.57168 1
2.57173 1
2.57178 1
2.57183 1
2.57187 1
2.57192 1
2.57197 1
2.57202 1
2.57207 1
2.57211 1
2.57216 1
2.57221 1
2.57226 1
2.57231 1
2.57235 1
2.5724 1
2.57245 1
2.5725 1
2.57255 1
2.57259 1
2.57264 1
2.57269 1
2.57274 1
2.57279 1
2.57283 1
2.57288 1
2.57293 1
2.57298 1
2.57303 1
2.57308 1
2.57312 1
2.57317 1
2.57322 1
2.57327 1
2.57332 1
2.57336 1
2.57341 1
2.57346 1
2.57351 1
2.57356 1
2.5736 1
2.57365 1
2.5737 1
2.57375 1
2.5738 1
2.57384 1
2.57389 1
2.57394 1
2.57399 1
2.57404 1
2.57408 1
2.57413 1
2.57418 1
2.57423 1
2.57428 1
2.57432 1
2.57437 1
2.57442 1
2.57447 1
2.57452 1
2.57457 1
2.57461 1
2.57466 1
2.57471 1
2.57476 1
2.57481 1
2.57485 1
2.5749 1
2.57495 1
2.575 1
2.57505 1
2.57509 1
2.57514 1
2.57519 1
2.57524 1
2.57529 1
2.57533 1
2.57538 1
2.57543 1
2.57548 1
2.57553 1
2.57557 1
2.57562 1
2.57567 1
2.57572 1
2.57577 1
2.57581 1
2.57586 1
2.57591 1
2.57596 1
2.57601 1
2.57606 1
2.5761 1
2.57615 1
2.5762 1
2.57625 1
2.5763 1
2.57634 1
2.57639 1
2.57644 1
2.57649 1
2.57654 1
2.57658 1
2.57663 1
2.57668 1
2.57673 1
2.57678 1
2.57682 1
2.57687 1
2.57692 1
2.57697 1
2.57702 1
2.57706 1
2.57711 1
2.57716 1
2.57721 1
2.57726 1
2.5773 1
2.57735 1
2.5774 1
2.57745 1
2.5775 1
2.57755 1
2.57759 1
2.57764 1
2.57769 1
2.57774 1
2.57779 1
2.57783 1
2.57788 1
2.57793 1
2.57798 1
2.57803 1
2.57807 1
2.57812 1
2.57817 1
2.57822 1
2.57827 1
2.57831 1
2.57836 1
2.57841 1
2.57846 1
2.57851 1
2.57855 1
2.5786 1
2.57865 1
2.5787 1
2.57875 1
2.57879 1
2.57884 1
2.57889 1
2.57894 1
2.57899 1
2.57904 1
2.57908 1
2.57913 1
2.57918 1
2.57923 1
2.57928 1
2.57932 1
2.57937 1
2.57942 1
2.57947 1
2.57952 1
2.57956 1
2.57961 1
2.57966 1
2.57971 1
2.57976 1
2.5798 1
2.57985 1
2.5799 1
2.57995 1
2.58 1
2.58004 1
2.58009 1
2.58014 1
2.58019 1
2.58024 1
2.58028 1
2.58033 1
2.58038 1
2.58043 1
2.58048 1
2.58053 1
2.58057 1
2.58062 1
2.58067 1
2.58072 1
2.58077 1
2.58081 1
2.58086 1
2.58091 1
2.58096 1
2.58101 1
2.58105 1
2.5811 1
2.58115 1
2.5812 1
2.58125 1
2.58129 1
2.58134 1
2.58139 1
2.58144 1
2.58149 1
2.58153 1
2.58158 1
2.58163 1
2.58168 1
2.58173 1
2.58177 1
2.58182 1
2.58187 1
2.58192 1
2.58197 1
2.58202 1
2.58206 1
2.58211 1
2.58216 1
2.58221 1
2.58226 1
2.5823 1
2.58235 1
2.5824 1
2.58245 1
2.5825 1
2.58254 1
2.58259 1
2.58264 1
2.58269 1
2.58274 1
2.58278 1
2.58283 1
2.58288 1
2.58293 1
2.58298 1
2.58302 1
2.58307 1
2.58312 1
2.58317 1
2.58322 1
2.58326 1
2.58331 1
2.58336 1
2.58341 1
2.58346 1
2.58351 1
2.58355 1
2.5836 1
2.58365 1
2.5837 1
2.58375 1
2.58379 1
2.58384 1
2.58389 1
2.58394 1
2.58399 1
2.58403 1
2.58408 1
2.58413 1
2.58418 1
2.58423 1
2.58427 1
2.58432 1
2.58437 1
2.58442 1
2.58447 1
2.58451 1
2.58456 1
2.58461 1
2.58466 1
2.58471 1
2.58475 1
2.5848 1
2.58485 1
2.5849 1
2.58495 1
2.585 1
2.58504 1
2.58509 1
2.58514 1
2.58519 1
2.58524 1
2.58528 1
2.58533 1
2.58538 1
2.58543 1
2.58548 1
2.58552 1
2.58557 1
2.58562 1
2.58567 1
2.58572 1
2.58576 1
2.58581 1
2.58586 1
2.58591 1
2.58596 1
2.586 1
2.58605 1
2.5861 1
2.58615 1
2.5862 1
2.58624 1
2.58629 1
2.58634 1
2.58639 1
2.58644 1
2.58649 1
2.58653 1
2.58658 1
2.58663 1
2.58668 1
2.58673 1
2.58677 1
2.58682 1
2.58687 1
2.58692 1
2.58697 1
2.58701 1
2.58706 1
2.58711 1
2.58716 1
2.58721 1
2.58725 1
2.5873 1
2.58735 1
2.5874 1
2.58745 1
2.58749 1
2.58754 1
2.58759 1
2.58764 1
2.58769 1
2.58773 1
2.58778 1
2.58783 1
2.58788 1
2.58793 1
2.58798 1
2.58802 1
2.58807 1
2.58812 1
2.58817 1
2.58822 1
2.58826 1
2.58831 1
2.58836 1
2.58841 1
2.58846 1
2.5885 1
2.58855 1
2.5886 1
2.58865 1
2.5887 1
2.58874 1
2.58879 1
2.58884 1
2.58889 1
2.58894 1
2.58898 1
2.58903 1
2.58908 1
2.58913 1
2.58918 1
2.58922 1
2.58927 1
2.58932 1
2.58937 1
2.58942 1
2.58946 1
2.58951 1
2.58956 1
2.58961 1
2.58966 1
2.58971 1
2.58975 1
2.5898 1
2.58985 1
2.5899 1
2.58995 1
2.58999 1
2.59004 1
2.59009 1
2.59014 1
2.59019 1
2.59023 1
2.59028 1
2.59033 1
2.59038 1
2.59043 1
2.59047 1
2.59052 1
2.59057 1
2.59062 1
2.59067 1
2.59071 1
2.59076 1
2.59081 1
2.59086 1
2.59091 1
2.59095 1
2.591 1
2.59105 1
2.5911 1
2.59115 1
2.5912 1
2.59124 1
2.59129 1
2.59134 1
2.59139 1
2.59144 1
2.59148 1
2.59153 1
2.59158 1
2.59163 1
2.59168 1
2.59172 1
2.59177 1
2.59182 1
2.59187 1
2.59192 1
2.59196 1
2.59201 1
2.59206 1
2.59211 1
2.59216 1
2.5922 1
2.59225 1
2.5923 1
2.59235 1
2.5924 1
2.59244 1
2.59249 1
2.59254 1
2.59259 1
2.59264 1
2.59269 1
2.59273 1
2.59278 1
2.59283 1
2.59288 1
2.59293 1
2.59297 1
2.59302 1
2.59307 1
2.59312 1
2.59317 1
2.59321 1
2.59326 1
2.59331 1
2.59336 1
2.59341 1
2.59345 1
2.5935 1
2.59355 1
2.5936 1
2.59365 1
2.59369 1
2.59374 1
2.59379 1
2.59384 1
2.59389 1
2.59393 1
2.59398 1
2.59403 1
2.59408 1
2.59413 1
2.59418 1
2.59422 1
2.59427 1
2.59432 1
2.59437 1
2.59442 1
2.59446 1
2.59451 1
2.59456 1
2.59461 1
2.59466 1
2.5947 1
2.59475 1
2.5948 1
2.59485 1
2.5949 1
2.59494 1
2.59499 1
2.59504 1
2.59509 1
2.59514 1
2.59518 1
2.59523 1
2.59528 1
2.59533 1
2.59538 1
2.59542 1
2.59547 1
2.59552 1
2.59557 1
2.59562 1
2.59567 1
2.59571 1
2.59576 1
2.59581 1
2.59586 1
2.59591 1
2.59595 1
2.596 1
2.59605 1
2.5961 1
2.59615 1
2.59619 1
2.59624 1
2.59629 1
2.59634 1
2.59639 1
2.59643 1
2.59648 1
2.59653 1
2.59658 1
2.59663 1
2.59667 1
2.59672 1
2.59677 1
2.59682 1
2.59687 1
2.59691 1
2.59696 1
2.59701 1
2.59706 1
2.59711 1
2.59716 1
2.5972 1
2.59725 1
2.5973 1
2.59735 1
2.5974 1
2.59744 1
2.59749 1
2.59754 1
2.59759 1
2.59764 1
2.59768 1
2.59773 1
2.59778 1
2.59783 1
2.59788 1
2.59792 1
2.59797 1
2.59802 1
2.59807 1
2.59812 1
2.59816 1
2.59821 1
2.59826 1
2.59831 1
2.59836 1
2.5984 1
2.59845 1
2.5985 1
2.59855 1
2.5986 1
2.59865 1
2.59869 1
2.59874 1
2.59879 1
2.59884 1
2.59889 1
2.59893 1
2.59898 1
2.59903 1
2.59908 1
2.59913 1
2.59917 1
2.59922 1
2.59927 1
2.59932 1
2.59937 1
2.59941 1
2.59946 1
2.59951 1
2.59956 1
2.59961 1
2.59965 1
2.5997 1
2.59975 1
2.5998 1
2.59985 1
2.59989 1
2.59994 1
2.59999 1
2.60004 1
2.60009 1
2.60014 1
2.60018 1
2.60023 1
2.60028 1
2.60033 1
2.60038 1
2.60042 1
2.60047 1
2.60052 1
2.60057 1
2.60062 1
2.60066 1
2.60071 1
2.60076 1
2.60081 1
2.60086 1
2.6009 1
2.60095 1
2.601 1
2.60105 1
2.6011 1
2.60114 1
2.60119 1
2.60124 1
2.60129 1
2.60134 1
2.60138 1
2.60143 1
2.60148 1
2.60153 1
2.60158 1
2.60163 1
2.60167 1
2.60172 1
2.60177 1
2.60182 1
2.60187 1
2.60191 1
2.60196 1
2.60201 1
2.60206 1
2.60211 1
2.60215 1
2.6022 1
2.60225 1
2.6023 1
2.60235 1
2.60239 1
2.60244 1
2.60249 1
2.60254 1
2.60259 1
2.60263 1
2.60268 1
2.60273 1
2.60278 1
2.60283 1
2.60287 1
2.60292 1
2.60297 1
2.60302 1
2.60307 1
2.60312 1
2.60316 1
2.60321 1
2.60326 1
2.60331 1
2.60336 1
2.6034 1
2.60345 1
2.6035 1
2.60355 1
2.6036 1
2.60364 1
2.60369 1
2.60374 1
2.60379 1
2.60384 1
2.60388 1
2.60393 1
2.60398 1
2.60403 1
2.60408 1
2.60412 1
2.60417 1
2.60422 1
2.60427 1
2.60432 1
2.60436 1
2.60441 1
2.60446 1
2.60451 1
2.60456 1
2.60461 1
2.60465 1
2.6047 1
2.60475 1
2.6048 1
2.60485 1
2.60489 1
2.60494 1
2.60499 1
2.60504 1
2.60509 1
2.60513 1
2.60518 1
2.60523 1
2.60528 1
2.60533 1
2.60537 1
2.60542 1
2.60547 1
2.60552 1
2.60557 1
2.60561 1
2.60566 1
2.60571 1
2.60576 1
2.60581 1
2.60585 1
2.6059 1
2.60595 1
2.606 1
2.60605 1
2.6061 1
2.60614 1
2.60619 1
2.60624 1
2.60629 1
2.60634 1
2.60638 1
2.60643 1
2.60648 1
2.60653 1
2.60658 1
2.60662 1
2.60667 1
2.60672 1
2.60677 1
2.60682 1
2.60686 1
2.60691 1
2.60696 1
2.60701 1
2.60706 1
2.6071 1
2.60715 1
2.6072 1
2.60725 1
2.6073 1
2.60734 1
2.60739 1
2.60744 1
2.60749 1
2.60754 1
2.60759 1
2.60763 1
2.60768 1
2.60773 1
2.60778 1
2.60783 1
2.60787 1
2.60792 1
2.60797 1
2.60802 1
2.60807 1
2.60811 1
2.60816 1
2.60821 1
2.60826 1
2.60831 1
2.60835 1
2.6084 1
2.60845 1
2.6085 1
2.60855 1
2.60859 1
2.60864 1
2.60869 1
2.60874 1
2.60879 1
2.60883 1
2.60888 1
2.60893 1
2.60898 1
2.60903 1
2.60908 1
2.60912 1
2.60917 1
2.60922 1
2.60927 1
2.60932 1
2.60936 1
2.60941 1
2.60946 1
2.60951 1
2.60956 1
2.6096 1
2.60965 1
2.6097 1
2.60975 1
2.6098 1
2.60984 1
2.60989 1
2.60994 1
2.60999 1
2.61004 1
2.61008 1
2.61013 1
2.61018 1
2.61023 1
2.61028 1
2.61032 1
2.61037 1
2.61042 1
2.61047 1
2.61052 1
2.61057 1
2.61061 1
2.61066 1
2.61071 1
2.61076 1
2.61081 1
2.61085 1
2.6109 1
2.61095 1
2.611 1
2.61105 1
2.61109 1
2.61114 1
2.61119 1
2.61124 1
2.61129 1
2.61133 1
2.61138 1
2.61143 1
2.61148 1
2.61153 1
2.61157 1
2.61162 1
2.61167 1
2.61172 1
2.61177 1
2.61181 1
2.61186 1
2.61191 1
2.61196 1
2.61201 1
2.61206 1
2.6121 1
2.61215 1
2.6122 1
2.61225 1
2.6123 1
2.61234 1
2.61239 1
2.61244 1
2.61249 1
2.61254 1
2.61258 1
2.61263 1
2.61268 1
2.61273 1
2.61278 1
2.61282 1
2.61287 1
2.61292 1
2.61297 1
2.61302 1
2.61306 1
2.61311 1
2.61316 1
2.61321 1
2.61326 1
2.6133 1
2.61335 1
2.6134 1
2.61345 1
2.6135 1
2.61355 1
2.61359 1
2.61364 1
2.61369 1
2.61374 1
2.61379 1
2.61383 1
2.61388 1
2.61393 1
2.61398 1
2.61403 1
2.61407 1
2.61412 1
2.61417 1
2.61422 1
2.61427 1
2.61431 1
2.61436 1
2.61441 1
2.61446 1
2.61451 1
2.61455 1
2.6146 1
2.61465 1
2.6147 1
2.61475 1
2.61479 1
2.61484 1
2.61489 1
2.61494 1
2.61499 1
2.61504 1
2.61508 1
2.61513 1
2.61518 1
2.61523 1
2.61528 1
2.61532 1
2.61537 1
2.61542 1
2.61547 1
2.61552 1
2.61556 1
2.61561 1
2.61566 1
2.61571 1
2.61576 1
2.6158 1
2.61585 1
2.6159 1
2.61595 1
2.616 1
2.61604 1
2.61609 1
2.61614 1
2.61619 1
2.61624 1
2.61628 1
2.61633 1
2.61638 1
2.61643 1
2.61648 1
2.61653 1
2.61657 1
2.61662 1
2.61667 1
2.61672 1
2.61677 1
2.61681 1
2.61686 1
2.61691 1
2.61696 1
2.61701 1
2.61705 1
2.6171 1
2.61715 1
2.6172 1
2.61725 1
2.61729 1
2.61734 1
2.61739 1
2.61744 1
2.61749 1
2.61753 1
2.61758 1
2.61763 1
2.61768 1
2.61773 1
2.61777 1
2.61782 1
2.61787 1
2.61792 1
2.61797 1
2.61802 1
2.61806 1
2.61811 1
2.61816 1
2.61821 1
2.61826 1
2.6183 1
2.61835 1
2.6184 1
2.61845 1
2.6185 1
2.61854 1
2.61859 1
2.61864 1
2.61869 1
2.61874 1
2.61878 1
2.61883 1
2.61888 1
2.61893 1
2.61898 1
2.61902 1
2.61907 1
2.61912 1
2.61917 1
2.61922 1
2.61926 1
2.61931 1
2.61936 1
2.61941 1
2.61946 1
2.6195 1
2.61955 1
2.6196 1
2.61965 1
2.6197 1
2.61975 1
2.61979 1
2.61984 1
2.61989 1
2.61994 1
2.61999 1
2.62003 1
2.62008 1
2.62013 1
2.62018 1
2.62023 1
2.62027 1
2.62032 1
2.62037 1
2.62042 1
2.62047 1
2.62051 1
2.62056 1
2.62061 1
2.62066 1
2.62071 1
2.62075 1
2.6208 1
2.62085 1
2.6209 1
2.62095 1
2.62099 1
2.62104 1
2.62109 1
2.62114 1
2.62119 1
2.62124 1
2.62128 1
2.62133 1
2.62138 1
2.62143 1
2.62148 1
2.62152 1
2.62157 1
2.62162 1
2.62167 1
2.62172 1
2.62176 1
2.62181 1
2.62186 1
2.62191 1
2.62196 1
2.622 1
2.62205 1
2.6221 1
2.62215 1
2.6222 1
2.62224 1
2.62229 1
2.62234 1
2.62239 1
2.62244 1
2.62248 1
2.62253 1
2.62258 1
2.62263 1
2.62268 1
2.62273 1
2.62277 1
2.62282 1
2.62287 1
2.62292 1
2.62297 1
2.62301 1
2.62306 1
2.62311 1
2.62316 1
2.62321 1
2.62325 1
2.6233 1
2.62335 1
2.6234 1
2.62345 1
2.62349 1
2.62354 1
2.62359 1
2.62364 1
2.62369 1
2.62373 1
2.62378 1
2.62383 1
2.62388 1
2.62393 1
2.62397 1
2.62402 1
2.62407 1
2.62412 1
2.62417 1
2.62422 1
2.62426 1
2.62431 1
2.62436 1
2.62441 1
2.62446 1
2.6245 1
2.62455 1
2.6246 1
2.62465 1
2.6247 1
2.62474 1
2.62479 1
2.62484 1
2.62489 1
2.62494 1
2.62498 1
2.62503 1
2.62508 1
2.62513 1
2.62518 1
2.62522 1
2.62527 1
2.62532 1
2.62537 1
2.62542 1
2.62546 1
2.62551 1
2.62556 1
2.62561 1
2.62566 1
2.62571 1
2.62575 1
2.6258 1
2.62585 1
2.6259 1
2.62595 1
2.62599 1
2.62604 1
2.62609 1
2.62614 1
2.62619 1
2.62623 1
2.62628 1
2.62633 1
2.62638 1
2.62643 1
2.62647 1
2.62652 1
2.62657 1
2.62662 1
2.62667 1
2.62671 1
2.62676 1
2.62681 1
2.62686 1
2.62691 1
2.62695 1
2.627 1
2.62705 1
2.6271 1
2.62715 1
2.6272 1
2.62724 1
2.62729 1
2.62734 1
2.62739 1
2.62744 1
2.62748 1
2.62753 1
2.62758 1
2.62763 1
2.62768 1
2.62772 1
2.62777 1
2.62782 1
2.62787 1
2.62792 1
2.62796 1
2.62801 1
2.62806 1
2.62811 1
2.62816 1
2.6282 1
2.62825 1
2.6283 1
2.62835 1
2.6284 1
2.62844 1
2.62849 1
2.62854 1
2.62859 1
2.62864 1
2.62869 1
2.62873 1
2.62878 1
2.62883 1
2.62888 1
2.62893 1
2.62897 1
2.62902 1
2.62907 1
2.62912 1
2.62917 1
2.62921 1
2.62926 1
2.62931 1
2.62936 1
2.62941 1
2.62945 1
2.6295 1
2.62955 1
2.6296 1
2.62965 1
2.62969 1
2.62974 1
2.62979 1
2.62984 1
2.62989 1
2.62993 1
2.62998 1
2.63003 1
2.63008 1
2.63013 1
2.63018 1
2.63022 1
2.63027 1
2.63032 1
2.63037 1
2.63042 1
2.63046 1
2.63051 1
2.63056 1
2.63061 1
2.63066 1
2.6307 1
2.63075 1
2.6308 1
2.63085 1
2.6309 1
2.63094 1
2.63099 1
2.63104 1
2.63109 1
2.63114 1
2.63118 1
2.63123 1
2.63128 1
2.63133 1
2.63138 1
2.63142 1
2.63147 1
2.63152 1
2.63157 1
2.63162 1
2.63167 1
2.63171 1
2.63176 1
2.63181 1
2.63186 1
2.63191 1
2.63195 1
2.632 1
2.63205 1
2.6321 1
2.63215 1
2.63219 1
2.63224 1
2.63229 1
2.63234 1
2.63239 1
2.63243 1
2.63248 1
2.63253 1
2.63258 1
2.63263 1
2.63267 1
2.63272 1
2.63277 1
2.63282 1
2.63287 1
2.63291 1
2.63296 1
2.63301 1
2.63306 1
2.63311 1
2.63316 1
2.6332 1
2.63325 1
2.6333 1
2.63335 1
2.6334 1
2.63344 1
2.63349 1
2.63354 1
2.63359 1
2.63364 1
2.63368 1
2.63373 1
2.63378 1
2.63383 1
2.63388 1
2.63392 1
2.63397 1
2.63402 1
2.63407 1
2.63412 1
2.63416 1
2.63421 1
2.63426 1
2.63431 1
2.63436 1
2.6344 1
2.63445 1
2.6345 1
2.63455 1
2.6346 1
2.63465 1
2.63469 1
2.63474 1
2.63479 1
2.63484 1
2.63489 1
2.63493 1
2.63498 1
2.63503 1
2.63508 1
2.63513 1
2.63517 1
2.63522 1
2.63527 1
2.63532 1
2.63537 1
2.63541 1
2.63546 1
2.63551 1
2.63556 1
2.63561 1
2.63565 1
2.6357 1
2.63575 1
2.6358 1
2.63585 1
2.63589 1
2.63594 1
2.63599 1
2.63604 1
2.63609 1
2.63614 1
2.63618 1
2.63623 1
2.63628 1
2.63633 1
2.63638 1
2.63642 1
2.63647 1
2.63652 1
2.63657 1
2.63662 1
2.63666 1
2.63671 1
2.63676 1
2.63681 1
2.63686 1
2.6369 1
2.63695 1
2.637 1
2.63705 1
2.6371 1
2.63714 1
2.63719 1
2.63724 1
2.63729 1
2.63734 1
2.63738 1
2.63743 1
2.63748 1
2.63753 1
2.63758 1
2.63763 1
2.63767 1
2.63772 1
2.63777 1
2.63782 1
2.63787 1
2.63791 1
2.63796 1
2.63801 1
2.63806 1
2.63811 1
2.63815 1
2.6382 1
2.63825 1
2.6383 1
2.63835 1
2.63839 1
2.63844 1
2.63849 1
2.63854 1
2.63859 1
2.63863 1
2.63868 1
2.63873 1
2.63878 1
2.63883 1
2.63887 1
2.63892 1
2.63897 1
2.63902 1
2.63907 1
2.63912 1
2.63916 1
2.63921 1
2.63926 1
2.63931 1
2.63936 1
2.6394 1
2.63945 1
2.6395 1
2.63955 1
2.6396 1
2.63964 1
2.63969 1
2.63974 1
2.63979 1
2.63984 1
2.63988 1
2.63993 1
2.63998 1
2.64003 1
2.64008 1
2.64012 1
2.64017 1
2.64022 1
2.64027 1
2.64032 1
2.64036 1
2.64041 1
2.64046 1
2.64051 1
2.64056 1
2.64061 1
2.64065 1
2.6407 1
2.64075 1
2.6408 1
2.64085 1
2.64089 1
2.64094 1
2.64099 1
2.64104 1
2.64109 1
2.64113 1
2.64118 1
2.64123 1
2.64128 1
2.64133 1
2.64137 1
2.64142 1
2.64147 1
2.64152 1
2.64157 1
2.64161 1
2.64166 1
2.64171 1
2.64176 1
2.64181 1
2.64185 1
2.6419 1
2.64195 1
2.642 1
2.64205 1
2.6421 1
2.64214 1
2.64219 1
2.64224 1
2.64229 1
2.64234 1
2.64238 1
2.64243 1
2.64248 1
2.64253 1
2.64258 1
2.64262 1
2.64267 1
2.64272 1
2.64277 1
2.64282 1
2.64286 1
2.64291 1
2.64296 1
2.64301 1
2.64306 1
2.6431 1
2.64315 1
2.6432 1
2.64325 1
2.6433 1
2.64334 1
2.64339 1
2.64344 1
2.64349 1
2.64354 1
2.64359 1
2.64363 1
2.64368 1
2.64373 1
2.64378 1
2.64383 1
2.64387 1
2.64392 1
2.64397 1
2.64402 1
2.64407 1
2.64411 1
2.64416 1
2.64421 1
2.64426 1
2.64431 1
2.64435 1
2.6444 1
2.64445 1
2.6445 1
2.64455 1
2.64459 1
2.64464 1
2.64469 1
2.64474 1
2.64479 1
2.64483 1
2.64488 1
2.64493 1
2.64498 1
2.64503 1
2.64508 1
2.64512 1
2.64517 1
2.64522 1
2.64527 1
2.64532 1
2.64536 1
2.64541 1
2.64546 1
2.64551 1
2.64556 1
2.6456 1
2.64565 1
2.6457 1
2.64575 1
2.6458 1
2.64584 1
2.64589 1
2.64594 1
2.64599 1
2.64604 1
2.64608 1
2.64613 1
2.64618 1
2.64623 1
2.64628 1
2.64632 1
2.64637 1
2.64642 1
2.64647 1
2.64652 1
2.64657 1
2.64661 1
2.64666 1
2.64671 1
2.64676 1
2.64681 1
2.64685 1
2.6469 1
2.64695 1
2.647 1
2.64705 1
2.64709 1
2.64714 1
2.64719 1
2.64724 1
2.64729 1
2.64733 1
2.64738 1
2.64743 1
2.64748 1
2.64753 1
2.64757 1
2.64762 1
2.64767 1
2.64772 1
2.64777 1
2.64781 1
2.64786 1
2.64791 1
2.64796 1
2.64801 1
2.64806 1
2.6481 1
2.64815 1
2.6482 1
2.64825 1
2.6483 1
2.64834 1
2.64839 1
2.64844 1
2.64849 1
2.64854 1
2.64858 1
2.64863 1
2.64868 1
2.64873 1
2.64878 1
2.64882 1
2.64887 1
2.64892 1
2.64897 1
2.64902 1
2.64906 1
2.64911 1
2.64916 1
2.64921 1
2.64926 1
2.6493 1
2.64935 1
2.6494 1
2.64945 1
2.6495 1
2.64954 1
2.64959 1
2.64964 1
2.64969 1
2.64974 1
2.64979 1
2.64983 1
2.64988 1
2.64993 1
2.64998 1
2.65003 1
2.65007 1
2.65012 1
2.65017 1
2.65022 1
2.65027 1
2.65031 1
2.65036 1
2.65041 1
2.65046 1
2.65051 1
2.65055 1
2.6506 1
2.65065 1
2.6507 1
2.65075 1
2.65079 1
2.65084 1
2.65089 1
2.65094 1
2.65099 1
2.65103 1
2.65108 1
2.65113 1
2.65118 1
2.65123 1
2.65128 1
2.65132 1
2.65137 1
2.65142 1
2.65147 1
2.65152 1
2.65156 1
2.65161 1
2.65166 1
2.65171 1
2.65176 1
2.6518 1
2.65185 1
2.6519 1
2.65195 1
2.652 1
2.65204 1
2.65209 1
2.65214 1
2.65219 1
2.65224 1
2.65228 1
2.65233 1
2.65238 1
2.65243 1
2.65248 1
2.65252 1
2.65257 1
2.65262 1
2.65267 1
2.65272 1
2.65277 1
2.65281 1
2.65286 1
2.65291 1
2.65296 1
2.65301 1
2.65305 1
2.6531 1
2.65315 1
2.6532 1
2.65325 1
2.65329 1
2.65334 1
2.65339 1
2.65344 1
2.65349 1
2.65353 1
2.65358 1
2.65363 1
2.65368 1
2.65373 1
2.65377 1
2.65382 1
2.65387 1
2.65392 1
2.65397 1
2.65401 1
2.65406 1
2.65411 1
2.65416 1
2.65421 1
2.65426 1
2.6543 1
2.65435 1
2.6544 1
2.65445 1
2.6545 1
2.65454 1
2.65459 1
2.65464 1
2.65469 1
2.65474 1
2.65478 1
2.65483 1
2.65488 1
2.65493 1
2.65498 1
2.65502 1
2.65507 1
2.65512 1
2.65517 1
2.65522 1
2.65526 1
2.65531 1
2.65536 1
2.65541 1
2.65546 1
2.6555 1
2.65555 1
2.6556 1
2.65565 1
2.6557 1
2.65575 1
2.65579 1
2.65584 1
2.65589 1
2.65594 1
2.65599 1
2.65603 1
2.65608 1
2.65613 1
2.65618 1
2.65623 1
2.65627 1
2.65632 1
2.65637 1
2.65642 1
2.65647 1
2.65651 1
2.65656 1
2.65661 1
2.65666 1
2.65671 1
2.65675 1
2.6568 1
2.65685 1
2.6569 1
2.65695 1
2.65699 1
2.65704 1
2.65709 1
2.65714 1
2.65719 1
2.65724 1
2.65728 1
2.65733 1
2.65738 1
2.65743 1
2.65748 1
2.65752 1
2.65757 1
2.65762 1
2.65767 1
2.65772 1
2.65776 1
2.65781 1
2.65786 1
2.65791 1
2.65796 1
2.658 1
2.65805 1
2.6581 1
2.65815 1
2.6582 1
2.65824 1
2.65829 1
2.65834 1
2.65839 1
2.65844 1
2.65848 1
2.65853 1
2.65858 1
2.65863 1
2.65868 1
2.65873 1
2.65877 1
2.65882 1
2.65887 1
2.65892 1
2.65897 1
2.65901 1
2.65906 1
2.65911 1
2.65916 1
2.65921 1
2.65925 1
2.6593 1
2.65935 1
2.6594 1
2.65945 1
2.65949 1
2.65954 1
2.65959 1
2.65964 1
2.65969 1
2.65973 1
2.65978 1
2.65983 1
2.65988 1
2.65993 1
2.65997 1
2.66002 1
2.66007 1
2.66012 1
2.66017 1
2.66022 1
2.66026 1
2.66031 1
2.66036 1
2.66041 1
2.66046 1
2.6605 1
2.66055 1
2.6606 1
2.66065 1
2.6607 1
2.66074 1
2.66079 1
2.66084 1
2.66089 1
2.66094 1
2.66098 1
2.66103 1
2.66108 1
2.66113 1
2.66118 1
2.66122 1
2.66127 1
2.66132 1
2.66137 1
2.66142 1
2.66146 1
2.66151 1
2.66156 1
2.66161 1
2.66166 1
2.66171 1
2.66175 1
2.6618 1
2.66185 1
2.6619 1
2.66195 1
2.66199 1
2.66204 1
2.66209 1
2.66214 1
2.66219 1
2.66223 1
2.66228 1
2.66233 1
2.66238 1
2.66243 1
2.66247 1
2.66252 1
2.66257 1
2.66262 1
2.66267 1
2.66271 1
2.66276 1
2.66281 1
2.66286 1
2.66291 1
2.66295 1
2.663 1
2.66305 1
2.6631 1
2.66315 1
2.6632 1
2.66324 1
2.66329 1
2.66334 1
2.66339 1
2.66344 1
2.66348 1
2.66353 1
2.66358 1
2.66363 1
2.66368 1
2.66372 1
2.66377 1
2.66382 1
2.66387 1
2.66392 1
2.66396 1
2.66401 1
2.66406 1
2.66411 1
2.66416 1
2.6642 1
2.66425 1
2.6643 1
2.66435 1
2.6644 1
2.66444 1
2.66449 1
2.66454 1
2.66459 1
2.66464 1
2.66469 1
2.66473 1
2.66478 1
2.66483 1
2.66488 1
2.66493 1
2.66497 1
2.66502 1
2.66507 1
2.66512 1
2.66517 1
2.66521 1
2.66526 1
2.66531 1
2.66536 1
2.66541 1
2.66545 1
2.6655 1
2.66555 1
2.6656 1
2.66565 1
2.66569 1
2.66574 1
2.66579 1
2.66584 1
2.66589 1
2.66593 1
2.66598 1
2.66603 1
2.66608 1
2.66613 1
2.66618 1
2.66622 1
2.66627 1
2.66632 1
2.66637 1
2.66642 1
2.66646 1
2.66651 1
2.66656 1
2.66661 1
2.66666 1
2.6667 1
2.66675 1
2.6668 1
2.66685 1
2.6669 1
2.66694 1
2.66699 1
2.66704 1
2.66709 1
2.66714 1
2.66718 1
2.66723 1
2.66728 1
2.66733 1
2.66738 1
2.66742 1
2.66747 1
2.66752 1
2.66757 1
2.66762 1
2.66767 1
2.66771 1
2.66776 1
2.66781 1
2.66786 1
2.66791 1
2.66795 1
2.668 1
2.66805 1
2.6681 1
2.66815 1
2.66819 1
2.66824 1
2.66829 1
2.66834 1
2.66839 1
2.66843 1
2.66848 1
2.66853 1
2.66858 1
2.66863 1
2.66867 1
2.66872 1
2.66877 1
2.66882 1
2.66887 1
2.66891 1
2.66896 1
2.66901 1
2.66906 1
2.66911 1
2.66916 1
2.6692 1
2.66925 1
2.6693 1
2.66935 1
2.6694 1
2.66944 1
2.66949 1
2.66954 1
2.66959 1
2.66964 1
2.66968 1
2.66973 1
2.66978 1
2.66983 1
2.66988 1
2.66992 1
2.66997 1
2.67002 1
2.67007 1
2.67012 1
2.67016 1
2.67021 1
2.67026 1
2.67031 1
2.67036 1
2.6704 1
2.67045 1
2.6705 1
2.67055 1
2.6706 1
2.67065 1
2.67069 1
2.67074 1
2.67079 1
2.67084 1
2.67089 1
2.67093 1
2.67098 1
2.67103 1
2.67108 1
2.67113 1
2.67117 1
2.67122 1
2.67127 1
2.67132 1
2.67137 1
2.67141 1
2.67146 1
2.67151 1
2.67156 1
2.67161 1
2.67165 1
2.6717 1
2.67175 1
2.6718 1
2.67185 1
2.67189 1
2.67194 1
2.67199 1
2.67204 1
2.67209 1
2.67214 1
2.67218 1
2.67223 1
2.67228 1
2.67233 1
2.67238 1
2.67242 1
2.67247 1
2.67252 1
2.67257 1
2.67262 1
2.67266 1
2.67271 1
2.67276 1
2.67281 1
2.67286 1
2.6729 1
2.67295 1
2.673 1
2.67305 1
2.6731 1
2.67314 1
2.67319 1
2.67324 1
2.67329 1
2.67334 1
2.67338 1
2.67343 1
2.67348 1
2.67353 1
2.67358 1
2.67363 1
2.67367 1
2.67372 1
2.67377 1
2.67382 1
2.67387 1
2.67391 1
2.67396 1
2.67401 1
2.67406 1
2.67411 1
2.67415 1
2.6742 1
2.67425 1
2.6743 1
2.67435 1
2.67439 1
2.67444 1
2.67449 1
2.67454 1
2.67459 1
2.67463 1
2.67468 1
2.67473 1
2.67478 1
2.67483 1
2.67487 1
2.67492 1
2.67497 1
2.67502 1
2.67507 1
2.67512 1
2.67516 1
2.67521 1
2.67526 1
2.67531 1
2.67536 1
2.6754 1
2.67545 1
2.6755 1
2.67555 1
2.6756 1
2.67564 1
2.67569 1
2.67574 1
2.67579 1
2.67584 1
2.67588 1
2.67593 1
2.67598 1
2.67603 1
2.67608 1
2.67612 1
2.67617 1
2.67622 1
2.67627 1
2.67632 1
2.67636 1
2.67641 1
2.67646 1
2.67651 1
2.67656 1
2.67661 1
2.67665 1
2.6767 1
2.67675 1
2.6768 1
2.67685 1
2.67689 1
2.67694 1
2.67699 1
2.67704 1
2.67709 1
2.67713 1
2.67718 1
2.67723 1
2.67728 1
2.67733 1
2.67737 1
2.67742 1
2.67747 1
2.67752 1
2.67757 1
2.67761 1
2.67766 1
2.67771 1
2.67776 1
2.67781 1
2.67785 1
2.6779 1
2.67795 1
2.678 1
2.67805 1
2.6781 1
2.67814 1
2.67819 1
2.67824 1
2.67829 1
2.67834 1
2.67838 1
2.67843 1
2.67848 1
2.67853 1
2.67858 1
2.67862 1
2.67867 1
2.67872 1
2.67877 1
2.67882 1
2.67886 1
2.67891 1
2.67896 1
2.67901 1
2.67906 1
2.6791 1
2.67915 1
2.6792 1
2.67925 1
2.6793 1
2.67934 1
2.67939 1
2.67944 1
2.67949 1
2.67954 1
2.67958 1
2.67963 1
2.67968 1
2.67973 1
2.67978 1
2.67983 1
2.67987 1
2.67992 1
2.67997 1
2.68002 1
2.68007 1
2.68011 1
2.68016 1
2.68021 1
2.68026 1
2.68031 1
2.68035 1
2.6804 1
2.68045 1
2.6805 1
2.68055 1
2.68059 1
2.68064 1
2.68069 1
2.68074 1
2.68079 1
2.68083 1
2.68088 1
2.68093 1
2.68098 1
2.68103 1
2.68107 1
2.68112 1
2.68117 1
2.68122 1
2.68127 1
2.68132 1
2.68136 1
2.68141 1
2.68146 1
2.68151 1
2.68156 1
2.6816 1
2.68165 1
2.6817 1
2.68175 1
2.6818 1
2.68184 1
2.68189 1
2.68194 1
2.68199 1
2.68204 1
2.68208 1
2.68213 1
2.68218 1
2.68223 1
2.68228 1
2.68232 1
2.68237 1
2.68242 1
2.68247 1
2.68252 1
2.68256 1
2.68261 1
2.68266 1
2.68271 1
2.68276 1
2.68281 1
2.68285 1
2.6829 1
2.68295 1
2.683 1
2.68305 1
2.68309 1
2.68314 1
2.68319 1
2.68324 1
2.68329 1
2.68333 1
2.68338 1
2.68343 1
2.68348 1
2.68353 1
2.68357 1
2.68362 1
2.68367 1
2.68372 1
2.68377 1
2.68381 1
2.68386 1
2.68391 1
2.68396 1
2.68401 1
2.68405 1
2.6841 1
2.68415 1
2.6842 1
2.68425 1
2.6843 1
2.68434 1
2.68439 1
2.68444 1
2.68449 1
2.68454 1
2.68458 1
2.68463 1
2.68468 1
2.68473 1
2.68478 1
2.68482 1
2.68487 1
2.68492 1
2.68497 1
2.68502 1
2.68506 1
2.68511 1
2.68516 1
2.68521 1
2.68526 1
2.6853 1
2.68535 1
2.6854 1
2.68545 1
2.6855 1
2.68554 1
2.68559 1
2.68564 1
2.68569 1
2.68574 1
2.68579 1
2.68583 1
2.68588 1
2.68593 1
2.68598 1
2.68603 1
2.68607 1
2.68612 1
2.68617 1
2.68622 1
2.68627 1
2.68631 1
2.68636 1
2.68641 1
2.68646 1
2.68651 1
2.68655 1
2.6866 1
2.68665 1
2.6867 1
2.68675 1
2.68679 1
2.68684 1
2.68689 1
2.68694 1
2.68699 1
2.68703 1
2.68708 1
2.68713 1
2.68718 1
2.68723 1
2.68728 1
2.68732 1
2.68737 1
2.68742 1
2.68747 1
2.68752 1
2.68756 1
2.68761 1
2.68766 1
2.68771 1
2.68776 1
2.6878 1
2.68785 1
2.6879 1
2.68795 1
2.688 1
2.68804 1
2.68809 1
2.68814 1
2.68819 1
2.68824 1
2.68828 1
2.68833 1
2.68838 1
2.68843 1
2.68848 1
2.68852 1
2.68857 1
2.68862 1
2.68867 1
2.68872 1
2.68877 1
2.68881 1
2.68886 1
2.68891 1
2.68896 1
2.68901 1
2.68905 1
2.6891 1
2.68915 1
2.6892 1
2.68925 1
2.68929 1
2.68934 1
2.68939 1
2.68944 1
2.68949 1
2.68953 1
2.68958 1
2.68963 1
2.68968 1
2.68973 1
2.68977 1
2.68982 1
2.68987 1
2.68992 1
2.68997 1
2.69001 1
2.69006 1
2.69011 1
2.69016 1
2.69021 1
2.69026 1
2.6903 1
2.69035 1
2.6904 1
2.69045 1
2.6905 1
2.69054 1
2.69059 1
2.69064 1
2.69069 1
2.69074 1
2.69078 1
2.69083 1
2.69088 1
2.69093 1
2.69098 1
2.69102 1
2.69107 1
2.69112 1
2.69117 1
2.69122 1
2.69126 1
2.69131 1
2.69136 1
2.69141 1
2.69146 1
2.6915 1
2.69155 1
2.6916 1
2.69165 1
2.6917 1
2.69175 1
2.69179 1
2.69184 1
2.69189 1
2.69194 1
2.69199 1
2.69203 1
2.69208 1
2.69213 1
2.69218 1
2.69223 1
2.69227 1
2.69232 1
2.69237 1
2.69242 1
2.69247 1
2.69251 1
2.69256 1
2.69261 1
2.69266 1
2.69271 1
2.69275 1
2.6928 1
2.69285 1
2.6929 1
2.69295 1
2.69299 1
2.69304 1
2.69309 1
2.69314 1
2.69319 1
2.69324 1
2.69328 1
2.69333 1
2.69338 1
2.69343 1
2.69348 1
2.69352 1
2.69357 1
2.69362 1
2.69367 1
2.69372 1
2.69376 1
2.69381 1
2.69386 1
2.69391 1
2.69396 1
2.694 1
2.69405 1
2.6941 1
2.69415 1
2.6942 1
2.69424 1
2.69429 1
2.69434 1
2.69439 1
2.69444 1
2.69448 1
2.69453 1
2.69458 1
2.69463 1
2.69468 1
2.69473 1
2.69477 1
2.69482 1
2.69487 1
2.69492 1
2.69497 1
2.69501 1
2.69506 1
2.69511 1
2.69516 1
2.69521 1
2.69525 1
2.6953 1
2.69535 1
2.6954 1
2.69545 1
2.69549 1
2.69554 1
2.69559 1
2.69564 1
2.69569 1
2.69573 1
2.69578 1
2.69583 1
2.69588 1
2.69593 1
2.69597 1
2.69602 1
2.69607 1
2.69612 1
2.69617 1
2.69622 1
2.69626 1
2.69631 1
2.69636 1
2.69641 1
2.69646 1
2.6965 1
2.69655 1
2.6966 1
2.69665 1
2.6967 1
2.69674 1
2.69679 1
2.69684 1
2.69689 1
2.69694 1
2.69698 1
2.69703 1
2.69708 1
2.69713 1
2.69718 1
2.69722 1
2.69727 1
2.69732 1
2.69737 1
2.69742 1
2.69746 1
2.69751 1
2.69756 1
2.69761 1
2.69766 1
2.69771 1
2.69775 1
2.6978 1
2.69785 1
2.6979 1
2.69795 1
2.69799 1
2.69804 1
2.69809 1
2.69814 1
2.69819 1
2.69823 1
2.69828 1
2.69833 1
2.69838 1
2.69843 1
2.69847 1
2.69852 1
2.69857 1
2.69862 1
2.69867 1
2.69871 1
2.69876 1
2.69881 1
2.69886 1
2.69891 1
2.69895 1
2.699 1
2.69905 1
2.6991 1
2.69915 1
2.6992 1
2.69924 1
2.69929 1
2.69934 1
2.69939 1
2.69944 1
2.69948 1
2.69953 1
2.69958 1
2.69963 1
2.69968 1
2.69972 1
2.69977 1
2.69982 1
2.69987 1
2.69992 1
2.69996 1
2.70001 1
2.70006 1
2.70011 1
2.70016 1
2.7002 1
2.70025 1
2.7003 1
2.70035 1
2.7004 1
2.70044 1
2.70049 1
2.70054 1
2.70059 1
2.70064 1
2.70069 1
2.70073 1
2.70078 1
2.70083 1
2.70088 1
2.70093 1
2.70097 1
2.70102 1
2.70107 1
2.70112 1
2.70117 1
2.70121 1
2.70126 1
2.70131 1
2.70136 1
2.70141 1
2.70145 1
2.7015 1
2.70155 1
2.7016 1
2.70165 1
2.70169 1
2.70174 1
2.70179 1
2.70184 1
2.70189 1
2.70193 1
2.70198 1
2.70203 1
2.70208 1
2.70213 1
2.70218 1
2.70222 1
2.70227 1
2.70232 1
2.70237 1
2.70242 1
2.70246 1
2.70251 1
2.70256 1
2.70261 1
2.70266 1
2.7027 1
2.70275 1
2.7028 1
2.70285 1
2.7029 1
2.70294 1
2.70299 1
2.70304 1
2.70309 1
2.70314 1
2.70318 1
2.70323 1
2.70328 1
2.70333 1
2.70338 1
2.70342 1
2.70347 1
2.70352 1
2.70357 1
2.70362 1
2.70367 1
2.70371 1
2.70376 1
2.70381 1
2.70386 1
2.70391 1
2.70395 1
2.704 1
2.70405 1
2.7041 1
2.70415 1
2.70419 1
2.70424 1
2.70429 1
2.70434 1
2.70439 1
2.70443 1
2.70448 1
2.70453 1
2.70458 1
2.70463 1
2.70467 1
2.70472 1
2.70477 1
2.70482 1
2.70487 1
2.70491 1
2.70496 1
2.70501 1
2.70506 1
2.70511 1
2.70516 1
2.7052 1
2.70525 1
2.7053 1
2.70535 1
2.7054 1
2.70544 1
2.70549 1
2.70554 1
2.70559 1
2.70564 1
2.70568 1
2.70573 1
2.70578 1
2.70583 1
2.70588 1
2.70592 1
2.70597 1
2.70602 1
2.70607 1
2.70612 1
2.70616 1
2.70621 1
2.70626 1
2.70631 1
2.70636 1
2.7064 1
2.70645 1
2.7065 1
2.70655 1
2.7066 1
2.70665 1
2.70669 1
2.70674 1
2.70679 1
2.70684 1
2.70689 1
2.70693 1
2.70698 1
2.70703 1
2.70708 1
2.70713 1
2.70717 1
2.70722 1
2.70727 1
2.70732 1
2.70737 1
2.70741 1
2.70746 1
2.70751 1
2.70756 1
2.70761 1
2.70765 1
2.7077 1
2.70775 1
2.7078 1
2.70785 1
2.70789 1
2.70794 1
2.70799 1
2.70804 1
2.70809 1
2.70814 1
2.70818 1
2.70823 1
2.70828 1
2.70833 1
2.70838 1
2.70842 1
2.70847 1
2.70852 1
2.70857 1
2.70862 1
2.70866 1
2.70871 1
2.70876 1
2.70881 1
2.70886 1
2.7089 1
2.70895 1
2.709 1
2.70905 1
2.7091 1
2.70914 1
2.70919 1
2.70924 1
2.70929 1
2.70934 1
2.70938 1
2.70943 1
2.70948 1
2.70953 1
2.70958 1
2.70962 1
2.70967 1
2.70972 1
2.70977 1
2.70982 1
2.70987 1
2.70991 1
2.70996 1
2.71001 1
2.71006 1
2.71011 1
2.71015 1
2.7102 1
2.71025 1
2.7103 1
2.71035 1
2.71039 1
2.71044 1
2.71049 1
2.71054 1
2.71059 1
2.71063 1
2.71068 1
2.71073 1
2.71078 1
2.71083 1
2.71087 1
2.71092 1
2.71097 1
2.71102 1
2.71107 1
2.71111 1
2.71116 1
2.71121 1
2.71126 1
2.71131 1
2.71136 1
2.7114 1
2.71145 1
2.7115 1
2.71155 1
2.7116 1
2.71164 1
2.71169 1
2.71174 1
2.71179 1
2.71184 1
2.71188 1
2.71193 1
2.71198 1
2.71203 1
2.71208 1
2.71212 1
2.71217 1
2.71222 1
2.71227 1
2.71232 1
2.71236 1
2.71241 1
2.71246 1
2.71251 1
2.71256 1
2.7126 1
2.71265 1
2.7127 1
2.71275 1
2.7128 1
2.71285 1
2.71289 1
2.71294 1
2.71299 1
2.71304 1
2.71309 1
2.71313 1
2.71318 1
2.71323 1
2.71328 1
2.71333 1
2.71337 1
2.71342 1
2.71347 1
2.71352 1
2.71357 1
2.71361 1
2.71366 1
2.71371 1
2.71376 1
2.71381 1
2.71385 1
2.7139 1
2.71395 1
2.714 1
2.71405 1
2.71409 1
2.71414 1
2.71419 1
2.71424 1
2.71429 1
2.71434 1
2.71438 1
2.71443 1
2.71448 1
2.71453 1
2.71458 1
2.71462 1
2.71467 1
2.71472 1
2.71477 1
2.71482 1
2.71486 1
2.71491 1
2.71496 1
2.71501 1
2.71506 1
2.7151 1
2.71515 1
2.7152 1
2.71525 1
2.7153 1
2.71534 1
2.71539 1
2.71544 1
2.71549 1
2.71554 1
2.71558 1
2.71563 1
2.71568 1
2.71573 1
2.71578 1
2.71583 1
2.71587 1
2.71592 1
2.71597 1
2.71602 1
2.71607 1
2.71611 1
2.71616 1
2.71621 1
2.71626 1
2.71631 1
2.71635 1
2.7164 1
2.71645 1
2.7165 1
2.71655 1
2.71659 1
2.71664 1
2.71669 1
2.71674 1
2.71679 1
2.71683 1
2.71688 1
2.71693 1
2.71698 1
2.71703 1
2.71707 1
2.71712 1
2.71717 1
2.71722 1
2.71727 1
2.71732 1
2.71736 1
2.71741 1
2.71746 1
2.71751 1
2.71756 1
2.7176 1
2.71765 1
2.7177 1
2.71775 1
2.7178 1
2.71784 1
2.71789 1
2.71794 1
2.71799 1
2.71804 1
2.71808 1
2.71813 1
2.71818 1
2.71823 1
2.71828 1
2.71832 1
2.71837 1
2.71842 1
2.71847 1
2.71852 1
2.71856 1
2.71861 1
2.71866 1
2.71871 1
2.71876 1
2.71881 1
2.71885 1
2.7189 1
2.71895 1
2.719 1
2.71905 1
2.71909 1
2.71914 1
2.71919 1
2.71924 1
2.71929 1
2.71933 1
2.71938 1
2.71943 1
2.71948 1
2.71953 1
2.71957 1
2.71962 1
2.71967 1
2.71972 1
2.71977 1
2.71981 1
2.71986 1
2.71991 1
2.71996 1
2.72001 1
2.72005 1
2.7201 1
2.72015 1
2.7202 1
2.72025 1
2.7203 1
2.72034 1
2.72039 1
2.72044 1
2.72049 1
2.72054 1
2.72058 1
2.72063 1
2.72068 1
2.72073 1
2.72078 1
2.72082 1
2.72087 1
2.72092 1
2.72097 1
2.72102 1
2.72106 1
2.72111 1
2.72116 1
2.72121 1
2.72126 1
2.7213 1
2.72135 1
2.7214 1
2.72145 1
2.7215 1
2.72154 1
2.72159 1
2.72164 1
2.72169 1
2.72174 1
2.72179 1
2.72183 1
2.72188 1
2.72193 1
2.72198 1
2.72203 1
2.72207 1
2.72212 1
2.72217 1
2.72222 1
2.72227 1
2.72231 1
2.72236 1
2.72241 1
2.72246 1
2.72251 1
2.72255 1
2.7226 1
2.72265 1
2.7227 1
2.72275 1
2.72279 1
2.72284 1
2.72289 1
2.72294 1
2.72299 1
2.72303 1
2.72308 1
2.72313 1
2.72318 1
2.72323 1
2.72328 1
2.72332 1
2.72337 1
2.72342 1
2.72347 1
2.72352 1
2.72356 1
2.72361 1
2.72366 1
2.72371 1
2.72376 1
2.7238 1
2.72385 1
2.7239 1
2.72395 1
2.724 1
2.72404 1
2.72409 1
2.72414 1
2.72419 1
2.72424 1
2.72428 1
2.72433 1
2.72438 1
2.72443 1
2.72448 1
2.72452 1
2.72457 1
2.72462 1
2.72467 1
2.72472 1
2.72477 1
2.72481 1
2.72486 1
2.72491 1
2.72496 1
2.72501 1
2.72505 1
2.7251 1
2.72515 1
2.7252 1
2.72525 1
2.72529 1
2.72534 1
2.72539 1
2.72544 1
2.72549 1
2.72553 1
2.72558 1
2.72563 1
2.72568 1
2.72573 1
2.72577 1
2.72582 1
2.72587 1
2.72592 1
2.72597 1
2.72601 1
2.72606 1
2.72611 1
2.72616 1
2.72621 1
2.72626 1
2.7263 1
2.72635 1
2.7264 1
2.72645 1
2.7265 1
2.72654 1
2.72659 1
2.72664 1
2.72669 1
2.72674 1
2.72678 1
2.72683 1
2.72688 1
2.72693 1
2.72698 1
2.72702 1
2.72707 1
2.72712 1
2.72717 1
2.72722 1
2.72726 1
2.72731 1
2.72736 1
2.72741 1
2.72746 1
2.7275 1
2.72755 1
2.7276 1
2.72765 1
2.7277 1
2.72775 1
2.72779 1
2.72784 1
2.72789 1
2.72794 1
2.72799 1
2.72803 1
2.72808 1
2.72813 1
2.72818 1
2.72823 1
2.72827 1
2.72832 1
2.72837 1
2.72842 1
2.72847 1
2.72851 1
2.72856 1
2.72861 1
2.72866 1
2.72871 1
2.72875 1
2.7288 1
2.72885 1
2.7289 1
2.72895 1
2.72899 1
2.72904 1
2.72909 1
2.72914 1
2.72919 1
2.72924 1
2.72928 1
2.72933 1
2.72938 1
2.72943 1
2.72948 1
2.72952 1
2.72957 1
2.72962 1
2.72967 1
2.72972 1
2.72976 1
2.72981 1
2.72986 1
2.72991 1
2.72996 1
2.73 1
2.73005 1
2.7301 1
2.73015 1
2.7302 1
2.73024 1
2.73029 1
2.73034 1
2.73039 1
2.73044 1
2.73048 1
2.73053 1
2.73058 1
2.73063 1
2.73068 1
2.73073 1
2.73077 1
2.73082 1
2.73087 1
2.73092 1
2.73097 1
2.73101 1
2.73106 1
2.73111 1
2.73116 1
2.73121 1
2.73125 1
2.7313 1
2.73135 1
2.7314 1
2.73145 1
2.73149 1
2.73154 1
2.73159 1
2.73164 1
2.73169 1
2.73173 1
2.73178 1
2.73183 1
2.73188 1
2.73193 1
2.73197 1
2.73202 1
2.73207 1
2.73212 1
2.73217 1
2.73222 1
2.73226 1
2.73231 1
2.73236 1
2.73241 1
2.73246 1
2.7325 1
2.73255 1
2.7326 1
2.73265 1
2.7327 1
2.73274 1
2.73279 1
2.73284 1
2.73289 1
2.73294 1
2.73298 1
2.73303 1
2.73308 1
2.73313 1
2.73318 1
2.73322 1
2.73327 1
2.73332 1
2.73337 1
2.73342 1
2.73346 1
2.73351 1
2.73356 1
2.73361 1
2.73366 1
2.73371 1
2.73375 1
2.7338 1
2.73385 1
2.7339 1
2.73395 1
2.73399 1
2.73404 1
2.73409 1
2.73414 1
2.73419 1
2.73423 1
2.73428 1
2.73433 1
2.73438 1
2.73443 1
2.73447 1
2.73452 1
2.73457 1
2.73462 1
2.73467 1
2.73471 1
2.73476 1
2.73481 1
2.73486 1
2.73491 1
2.73495 1
2.735 1
2.73505 1
2.7351 1
2.73515 1
2.7352 1
2.73524 1
2.73529 1
2.73534 1
2.73539 1
2.73544 1
2.73548 1
2.73553 1
2.73558 1
2.73563 1
2.73568 1
2.73572 1
2.73577 1
2.73582 1
2.73587 1
2.73592 1
2.73596 1
2.73601 1
2.73606 1
2.73611 1
2.73616 1
2.7362 1
2.73625 1
2.7363 1
2.73635 1
2.7364 1
2.73644 1
2.73649 1
2.73654 1
2.73659 1
2.73664 1
2.73669 1
2.73673 1
2.73678 1
2.73683 1
2.73688 1
2.73693 1
2.73697 1
2.73702 1
2.73707 1
2.73712 1
2.73717 1
2.73721 1
2.73726 1
2.73731 1
2.73736 1
2.73741 1
2.73745 1
2.7375 1
2.73755 1
2.7376 1
2.73765 1
2.73769 1
2.73774 1
2.73779 1
2.73784 1
2.73789 1
2.73793 1
2.73798 1
2.73803 1
2.73808 1
2.73813 1
2.73818 1
2.73822 1
2.73827 1
2.73832 1
2.73837 1
2.73842 1
2.73846 1
2.73851 1
2.73856 1
2.73861 1
2.73866 1
2.7387 1
2.73875 1
2.7388 1
2.73885 1
2.7389 1
2.73894 1
2.73899 1
2.73904 1
2.73909 1
2.73914 1
2.73918 1
2.73923 1
2.73928 1
2.73933 1
2.73938 1
2.73942 1
2.73947 1
2.73952 1
2.73957 1
2.73962 1
2.73966 1
2.73971 1
2.73976 1
2.73981 1
2.73986 1
2.73991 1
2.73995 1
2.74 1
2.74005 1
2.7401 1
2.74015 1
2.74019 1
2.74024 1
2.74029 1
2.74034 1
2.74039 1
2.74043 1
2.74048 1
2.74053 1
2.74058 1
2.74063 1
2.74067 1
2.74072 1
2.74077 1
2.74082 1
2.74087 1
2.74091 1
2.74096 1
2.74101 1
2.74106 1
2.74111 1
2.74115 1
2.7412 1
2.74125 1
2.7413 1
2.74135 1
2.7414 1
2.74144 1
2.74149 1
2.74154 1
2.74159 1
2.74164 1
2.74168 1
2.74173 1
2.74178 1
2.74183 1
2.74188 1
2.74192 1
2.74197 1
2.74202 1
2.74207 1
2.74212 1
2.74216 1
2.74221 1
2.74226 1
2.74231 1
2.74236 1
2.7424 1
2.74245 1
2.7425 1
2.74255 1
2.7426 1
2.74264 1
2.74269 1
2.74274 1
2.74279 1
2.74284 1
2.74289 1
2.74293 1
2.74298 1
2.74303 1
2.74308 1
2.74313 1
2.74317 1
2.74322 1
2.74327 1
2.74332 1
2.74337 1
2.74341 1
2.74346 1
2.74351 1
2.74356 1
2.74361 1
2.74365 1
2.7437 1
2.74375 1
2.7438 1
2.74385 1
2.74389 1
2.74394 1
2.74399 1
2.74404 1
2.74409 1
2.74413 1
2.74418 1
2.74423 1
2.74428 1
2.74433 1
2.74438 1
2.74442 1
2.74447 1
2.74452 1
2.74457 1
2.74462 1
2.74466 1
2.74471 1
2.74476 1
2.74481 1
2.74486 1
2.7449 1
2.74495 1
2.745 1
2.74505 1
2.7451 1
2.74514 1
2.74519 1
2.74524 1
2.74529 1
2.74534 1
2.74538 1
2.74543 1
2.74548 1
2.74553 1
2.74558 1
2.74562 1
2.74567 1
2.74572 1
2.74577 1
2.74582 1
2.74587 1
2.74591 1
2.74596 1
2.74601 1
2.74606 1
2.74611 1
2.74615 1
2.7462 1
2.74625 1
2.7463 1
2.74635 1
2.74639 1
2.74644 1
2.74649 1
2.74654 1
2.74659 1
2.74663 1
2.74668 1
2.74673 1
2.74678 1
2.74683 1
2.74687 1
2.74692 1
2.74697 1
2.74702 1
2.74707 1
2.74711 1
2.74716 1
2.74721 1
2.74726 1
2.74731 1
2.74736 1
2.7474 1
2.74745 1
2.7475 1
2.74755 1
2.7476 1
2.74764 1
2.74769 1
2.74774 1
2.74779 1
2.74784 1
2.74788 1
2.74793 1
2.74798 1
2.74803 1
2.74808 1
2.74812 1
2.74817 1
2.74822 1
2.74827 1
2.74832 1
2.74836 1
2.74841 1
2.74846 1
2.74851 1
2.74856 1
2.7486 1
2.74865 1
2.7487 1
2.74875 1
2.7488 1
2.74885 1
2.74889 1
2.74894 1
2.74899 1
2.74904 1
2.74909 1
2.74913 1
2.74918 1
2.74923 1
2.74928 1
2.74933 1
2.74937 1
2.74942 1
2.74947 1
2.74952 1
2.74957 1
2.74961 1
2.74966 1
2.74971 1
2.74976 1
2.74981 1
2.74985 1
2.7499 1
2.74995 1
2.75 1
2.75005 1
2.75009 1
2.75014 1
2.75019 1
2.75024 1
2.75029 1
2.75034 1
2.75038 1
2.75043 1
2.75048 1
2.75053 1
2.75058 1
2.75062 1
2.75067 1
2.75073 1
2.75078 1
2.75083 1
2.75088 1
2.75092 1
2.75097 1
2.75102 1
2.75107 1
2.75112 1
2.75116 1
2.75121 1
2.75126 1
2.75131 1
2.75136 1
2.7514 1
2.75145 1
2.7515 1
2.75155 1
2.7516 1
2.75164 1
2.75169 1
2.75174 1
2.75179 1
2.75184 1
2.75189 1
2.75193 1
2.75198 1
2.75203 1
2.75208 1
2.75213 1
2.75217 1
2.75222 1
2.75227 1
2.75232 1
2.75237 1
2.75241 1
2.75246 1
2.75251 1
2.75256 1
2.75261 1
2.75265 1
2.7527 1
2.75275 1
2.7528 1
2.75285 1
2.75289 1
2.75294 1
2.75299 1
2.75304 1
2.75309 1
2.75313 1
2.75318 1
2.75323 1
2.75328 1
2.75333 1
2.75338 1
2.75342 1
2.75347 1
2.75352 1
2.75357 1
2.75362 1
2.75366 1
2.75371 1
2.75376 1
2.75381 1
2.75386 1
2.7539 1
2.75395 1
2.754 1
2.75405 1
2.7541 1
2.75414 1
2.75419 1
2.75424 1
2.75429 1
2.75434 1
2.75438 1
2.75443 1
2.75448 1
2.75453 1
2.75458 1
2.75462 1
2.75467 1
2.75472 1
2.75477 1
2.75482 1
2.75487 1
2.75491 1
2.75496 1
2.75501 1
2.75506 1
2.75511 1
2.75515 1
2.7552 1
2.75525 1
2.7553 1
2.75535 1
2.75539 1
2.75544 1
2.75549 1
2.75554 1
2.75559 1
2.75563 1
2.75568 1
2.75573 1
2.75578 1
2.75583 1
2.75587 1
2.75592 1
2.75597 1
2.75602 1
2.75607 1
2.75611 1
2.75616 1
2.75621 1
2.75626 1
2.75631 1
2.75636 1
2.7564 1
2.75645 1
2.7565 1
2.75655 1
2.7566 1
2.75664 1
2.75669 1
2.75674 1
2.75679 1
2.75684 1
2.75688 1
2.75693 1
2.75698 1
2.75703 1
2.75708 1
2.75712 1
2.75717 1
2.75722 1
2.75727 1
2.75732 1
2.75736 1
2.75741 1
2.75746 1
2.75751 1
2.75756 1
2.7576 1
2.75765 1
2.7577 1
2.75775 1
2.7578 1
2.75785 1
2.75789 1
2.75794 1
2.75799 1
2.75804 1
2.75809 1
2.75813 1
2.75818 1
2.75823 1
2.75828 1
2.75833 1
2.75837 1
2.75842 1
2.75847 1
2.75852 1
2.75857 1
2.75861 1
2.75866 1
2.75871 1
2.75876 1
2.75881 1
2.75885 1
2.7589 1
2.75895 1
2.759 1
2.75905 1
2.75909 1
2.75914 1
2.75919 1
2.75924 1
2.75929 1
2.75934 1
2.75938 1
2.75943 1
2.75948 1
2.75953 1
2.75958 1
2.75962 1
2.75967 1
2.75972 1
2.75977 1
2.75982 1
2.75986 1
2.75991 1
2.75996 1
2.76001 1
2.76006 1
2.7601 1
2.76015 1
2.7602 1
2.76025 1
2.7603 1
2.76034 1
2.76039 1
2.76044 1
2.76049 1
2.76054 1
2.76058 1
2.76063 1
2.76068 1
2.76073 1
2.76078 1
2.76083 1
2.76087 1
2.76092 1
2.76097 1
2.76102 1
2.76107 1
2.76111 1
2.76116 1
2.76121 1
2.76126 1
2.76131 1
2.76135 1
2.7614 1
2.76145 1
2.7615 1
2.76155 1
2.76159 1
2.76164 1
2.76169 1
2.76174 1
2.76179 1
2.76183 1
2.76188 1
2.76193 1
2.76198 1
2.76203 1
2.76207 1
2.76212 1
2.76217 1
2.76222 1
2.76227 1
2.76232 1
2.76236 1
2.76241 1
2.76246 1
2.76251 1
2.76256 1
2.7626 1
2.76265 1
2.7627 1
2.76275 1
2.7628 1
2.76284 1
2.76289 1
2.76294 1
2.76299 1
2.76304 1
2.76308 1
2.76313 1
2.76318 1
2.76323 1
2.76328 1
2.76332 1
2.76337 1
2.76342 1
2.76347 1
2.76352 1
2.76356 1
2.76361 1
2.76366 1
2.76371 1
2.76376 1
2.76381 1
2.76385 1
2.7639 1
2.76395 1
2.764 1
2.76405 1
2.76409 1
2.76414 1
2.76419 1
2.76424 1
2.76429 1
2.76433 1
2.76438 1
2.76443 1
2.76448 1
2.76453 1
2.76457 1
2.76462 1
2.76467 1
2.76472 1
2.76477 1
2.76481 1
2.76486 1
2.76491 1
2.76496 1
2.76501 1
2.76505 1
2.7651 1
2.76515 1
2.7652 1
2.76525 1
2.7653 1
2.76534 1
2.76539 1
2.76544 1
2.76549 1
2.76554 1
2.76558 1
2.76563 1
2.76568 1
2.76573 1
2.76578 1
2.76582 1
2.76587 1
2.76592 1
2.76597 1
2.76602 1
2.76606 1
2.76611 1
2.76616 1
2.76621 1
2.76626 1
2.7663 1
2.76635 1
2.7664 1
2.76645 1
2.7665 1
2.76654 1
2.76659 1
2.76664 1
2.76669 1
2.76674 1
2.76679 1
2.76683 1
2.76688 1
2.76693 1
2.76698 1
2.76703 1
2.76707 1
2.76712 1
2.76717 1
2.76722 1
2.76727 1
2.76731 1
2.76736 1
2.76741 1
2.76746 1
2.76751 1
2.76755 1
2.7676 1
2.76765 1
2.7677 1
2.76775 1
2.76779 1
2.76784 1
2.76789 1
2.76794 1
2.76799 1
2.76803 1
2.76808 1
2.76813 1
2.76818 1
2.76823 1
2.76828 1
2.76832 1
2.76837 1
2.76842 1
2.76847 1
2.76852 1
2.76856 1
2.76861 1
2.76866 1
2.76871 1
2.76876 1
2.7688 1
2.76885 1
2.7689 1
2.76895 1
2.769 1
2.76904 1
2.76909 1
2.76914 1
2.76919 1
2.76924 1
2.76928 1
2.76933 1
2.76938 1
2.76943 1
2.76948 1
2.76952 1
2.76957 1
2.76962 1
2.76967 1
2.76972 1
2.76977 1
2.76981 1
2.76986 1
2.76991 1
2.76996 1
2.77001 1
2.77005 1
2.7701 1
2.77015 1
2.7702 1
2.77025 1
2.77029 1
2.77034 1
2.77039 1
2.77044 1
2.77049 1
2.77053 1
2.77058 1
2.77063 1
2.77068 1
2.77073 1
2.77077 1
2.77082 1
2.77087 1
2.77092 1
2.77097 1
2.77101 1
2.77106 1
2.77111 1
2.77116 1
2.77121 1
2.77126 1
2.7713 1
2.77135 1
2.7714 1
2.77145 1
2.7715 1
2.77154 1
2.77159 1
2.77164 1
2.77169 1
2.77174 1
2.77178 1
2.77183 1
2.77188 1
2.77193 1
2.77198 1
2.77202 1
2.77207 1
2.77212 1
2.77217 1
2.77222 1
2.77226 1
2.77231 1
2.77236 1
2.77241 1
2.77246 1
2.7725 1
2.77255 1
2.7726 1
2.77265 1
2.7727 1
2.77275 1
2.77279 1
2.77284 1
2.77289 1
2.77294 1
2.77299 1
2.77303 1
2.77308 1
2.77313 1
2.77318 1
2.77323 1
2.77327 1
2.77332 1
2.77337 1
2.77342 1
2.77347 1
2.77351 1
2.77356 1
2.77361 1
2.77366 1
2.77371 1
2.77375 1
2.7738 1
2.77385 1
2.7739 1
2.77395 1
2.77399 1
2.77404 1
2.77409 1
2.77414 1
2.77419 1
2.77424 1
2.77428 1
2.77433 1
2.77438 1
2.77443 1
2.77448 1
2.77452 1
2.77457 1
2.77462 1
2.77467 1
2.77472 1
2.77476 1
2.77481 1
2.77486 1
2.77491 1
2.77496 1
2.775 1
2.77505 1
2.7751 1
2.77515 1
2.7752 1
2.77524 1
2.77529 1
2.77534 1
2.77539 1
2.77544 1
2.77548 1
2.77553 1
2.77558 1
2.77563 1
2.77568 1
2.77573 1
2.77577 1
2.77582 1
2.77587 1
2.77592 1
2.77597 1
2.77601 1
2.77606 1
2.77611 1
2.77616 1
2.77621 1
2.77625 1
2.7763 1
2.77635 1
2.7764 1
2.77645 1
2.77649 1
2.77654 1
2.77659 1
2.77664 1
2.77669 1
2.77673 1
2.77678 1
2.77683 1
2.77688 1
2.77693 1
2.77697 1
2.77702 1
2.77707 1
2.77712 1
2.77717 1
2.77721 1
2.77726 1
2.77731 1
2.77736 1
2.77741 1
2.77746 1
2.7775 1
2.77755 1
2.7776 1
2.77765 1
2.7777 1
2.77774 1
2.77779 1
2.77784 1
2.77789 1
2.77794 1
2.77798 1
2.77803 1
2.77808 1
2.77813 1
2.77818 1
2.77822 1
2.77827 1
2.77832 1
2.77837 1
2.77842 1
2.77846 1
2.77851 1
2.77856 1
2.77861 1
2.77866 1
2.7787 1
2.77875 1
2.7788 1
2.77885 1
2.7789 1
2.77895 1
2.77899 1
2.77904 1
2.77909 1
2.77914 1
2.77919 1
2.77923 1
2.77928 1
2.77933 1
2.77938 1
2.77943 1
2.77947 1
2.77952 1
2.77957 1
2.77962 1
2.77967 1
2.77971 1
2.77976 1
2.77981 1
2.77986 1
2.77991 1
2.77995 1
2.78 1
2.78005 1
2.7801 1
2.78015 1
2.78019 1
2.78024 1
2.78029 1
2.78034 1
2.78039 1
2.78044 1
2.78048 1
2.78053 1
2.78058 1
2.78063 1
2.78068 1
2.78072 1
2.78077 1
2.78082 1
2.78087 1
2.78092 1
2.78096 1
2.78101 1
2.78106 1
2.78111 1
2.78116 1
2.7812 1
2.78125 1
2.7813 1
2.78135 1
2.7814 1
2.78144 1
2.78149 1
2.78154 1
2.78159 1
2.78164 1
2.78168 1
2.78173 1
2.78178 1
2.78183 1
2.78188 1
2.78193 1
2.78197 1
2.78202 1
2.78207 1
2.78212 1
2.78217 1
2.78221 1
2.78226 1
2.78231 1
2.78236 1
2.78241 1
2.78245 1
2.7825 1
2.78255 1
2.7826 1
2.78265 1
2.78269 1
2.78274 1
2.78279 1
2.78284 1
2.78289 1
2.78293 1
2.78298 1
2.78303 1
2.78308 1
2.78313 1
2.78317 1
2.78322 1
2.78327 1
2.78332 1
2.78337 1
2.78342 1
2.78346 1
2.78351 1
2.78356 1
2.78361 1
2.78366 1
2.7837 1
2.78375 1
2.7838 1
2.78385 1
2.7839 1
2.78394 1
2.78399 1
2.78404 1
2.78409 1
2.78414 1
2.78418 1
2.78423 1
2.78428 1
2.78433 1
2.78438 1
2.78442 1
2.78447 1
2.78452 1
2.78457 1
2.78462 1
2.78466 1
2.78471 1
2.78476 1
2.78481 1
2.78486 1
2.78491 1
2.78495 1
2.785 1
2.78505 1
2.7851 1
2.78515 1
2.78519 1
2.78524 1
2.78529 1
2.78534 1
2.78539 1
2.78543 1
2.78548 1
2.78553 1
2.78558 1
2.78563 1
2.78567 1
2.78572 1
2.78577 1
2.78582 1
2.78587 1
2.78591 1
2.78596 1
2.78601 1
2.78606 1
2.78611 1
2.78615 1
2.7862 1
2.78625 1
2.7863 1
2.78635 1
2.7864 1
2.78644 1
2.78649 1
2.78654 1
2.78659 1
2.78664 1
2.78668 1
2.78673 1
2.78678 1
2.78683 1
2.78688 1
2.78692 1
2.78697 1
2.78702 1
2.78707 1
2.78712 1
2.78716 1
2.78721 1
2.78726 1
2.78731 1
2.78736 1
2.7874 1
2.78745 1
2.7875 1
2.78755 1
2.7876 1
2.78764 1
2.78769 1
2.78774 1
2.78779 1
2.78784 1
2.78789 1
2.78793 1
2.78798 1
2.78803 1
2.78808 1
2.78813 1
2.78817 1
2.78822 1
2.78827 1
2.78832 1
2.78837 1
2.78841 1
2.78846 1
2.78851 1
2.78856 1
2.78861 1
2.78865 1
2.7887 1
2.78875 1
2.7888 1
2.78885 1
2.78889 1
2.78894 1
2.78899 1
2.78904 1
2.78909 1
2.78913 1
2.78918 1
2.78923 1
2.78928 1
2.78933 1
2.78938 1
2.78942 1
2.78947 1
2.78952 1
2.78957 1
2.78962 1
2.78966 1
2.78971 1
2.78976 1
2.78981 1
2.78986 1
2.7899 1
2.78995 1
2.79 1
2.79005 1
2.7901 1
2.79014 1
2.79019 1
2.79024 1
2.79029 1
2.79034 1
2.79038 1
2.79043 1
2.79048 1
2.79053 1
2.79058 1
2.79062 1
2.79067 1
2.79072 1
2.79077 1
2.79082 1
2.79087 1
2.79091 1
2.79096 1
2.79101 1
2.79106 1
2.79111 1
2.79115 1
2.7912 1
2.79125 1
2.7913 1
2.79135 1
2.79139 1
2.79144 1
2.79149 1
2.79154 1
2.79159 1
2.79163 1
2.79168 1
2.79173 1
2.79178 1
2.79183 1
2.79187 1
2.79192 1
2.79197 1
2.79202 1
2.79207 1
2.79211 1
2.79216 1
2.79221 1
2.79226 1
2.79231 1
2.79236 1
2.7924 1
2.79245 1
2.7925 1
2.79255 1
2.7926 1
2.79264 1
2.79269 1
2.79274 1
2.79279 1
2.79284 1
2.79288 1
2.79293 1
2.79298 1
2.79303 1
2.79308 1
2.79312 1
2.79317 1
2.79322 1
2.79327 1
2.79332 1
2.79336 1
2.79341 1
2.79346 1
2.79351 1
2.79356 1
2.7936 1
2.79365 1
2.7937 1
2.79375 1
2.7938 1
2.79385 1
2.79389 1
2.79394 1
2.79399 1
2.79404 1
2.79409 1
2.79413 1
2.79418 1
2.79423 1
2.79428 1
2.79433 1
2.79437 1
2.79442 1
2.79447 1
2.79452 1
2.79457 1
2.79461 1
2.79466 1
2.79471 1
2.79476 1
2.79481 1
2.79485 1
2.7949 1
2.79495 1
2.795 1
2.79505 1
2.79509 1
2.79514 1
2.79519 1
2.79524 1
2.79529 1
2.79534 1
2.79538 1
2.79543 1
2.79548 1
2.79553 1
2.79558 1
2.79562 1
2.79567 1
2.79572 1
2.79577 1
2.79582 1
2.79586 1
2.79591 1
2.79596 1
2.79601 1
2.79606 1
2.7961 1
2.79615 1
2.7962 1
2.79625 1
2.7963 1
2.79634 1
2.79639 1
2.79644 1
2.79649 1
2.79654 1
2.79658 1
2.79663 1
2.79668 1
2.79673 1
2.79678 1
2.79683 1
2.79687 1
2.79692 1
2.79697 1
2.79702 1
2.79707 1
2.79711 1
2.79716 1
2.79721 1
2.79726 1
2.79731 1
2.79735 1
2.7974 1
2.79745 1
2.7975 1
2.79755 1
2.79759 1
2.79764 1
2.79769 1
2.79774 1
2.79779 1
2.79783 1
2.79788 1
2.79793 1
2.79798 1
2.79803 1
2.79807 1
2.79812 1
2.79817 1
2.79822 1
2.79827 1
2.79832 1
2.79836 1
2.79841 1
2.79846 1
2.79851 1
2.79856 1
2.7986 1
2.79865 1
2.7987 1
2.79875 1
2.7988 1
2.79884 1
2.79889 1
2.79894 1
2.79899 1
2.79904 1
2.79908 1
2.79913 1
2.79918 1
2.79923 1
2.79928 1
2.79932 1
2.79937 1
2.79942 1
2.79947 1
2.79952 1
2.79956 1
2.79961 1
2.79966 1
2.79971 1
2.79976 1
2.79981 1
2.79985 1
2.7999 1
2.79995 1
2.8 1
2.80005 1
2.80009 1
2.80014 1
2.80019 1
2.80024 1
2.80029 1
2.80033 1
2.80038 1
2.80043 1
2.80048 1
2.80053 1
2.80057 1
2.80062 1
2.80067 1
2.80072 1
2.80077 1
2.80081 1
2.80086 1
2.80091 1
2.80096 1
2.80101 1
2.80105 1
2.8011 1
2.80115 1
2.8012 1
2.80125 1
2.8013 1
2.80134 1
2.80139 1
2.80144 1
2.80149 1
2.80154 1
2.80158 1
2.80163 1
2.80168 1
2.80173 1
2.80178 1
2.80182 1
2.80187 1
2.80192 1
2.80197 1
2.80202 1
2.80206 1
2.80211 1
2.80216 1
2.80221 1
2.80226 1
2.8023 1
2.80235 1
2.8024 1
2.80245 1
2.8025 1
2.80254 1
2.80259 1
2.80264 1
2.80269 1
2.80274 1
2.80279 1
2.80283 1
2.80288 1
2.80293 1
2.80298 1
2.80303 1
2.80307 1
2.80312 1
2.80317 1
2.80322 1
2.80327 1
2.80331 1
2.80336 1
2.80341 1
2.80346 1
2.80351 1
2.80355 1
2.8036 1
2.80365 1
2.8037 1
2.80375 1
2.80379 1
2.80384 1
2.80389 1
2.80394 1
2.80399 1
2.80403 1
2.80408 1
2.80413 1
2.80418 1
2.80423 1
2.80428 1
2.80432 1
2.80437 1
2.80442 1
2.80447 1
2.80452 1
2.80456 1
2.80461 1
2.80466 1
2.80471 1
2.80476 1
2.8048 1
2.80485 1
2.8049 1
2.80495 1
2.805 1
2.80504 1
2.80509 1
2.80514 1
2.80519 1
2.80524 1
2.80528 1
2.80533 1
2.80538 1
2.80543 1
2.80548 1
2.80552 1
2.80557 1
2.80562 1
2.80567 1
2.80572 1
2.80577 1
2.80581 1
2.80586 1
2.80591 1
2.80596 1
2.80601 1
2.80605 1
2.8061 1
2.80615 1
2.8062 1
2.80625 1
2.80629 1
2.80634 1
2.80639 1
2.80644 1
2.80649 1
2.80653 1
2.80658 1
2.80663 1
2.80668 1
2.80673 1
2.80677 1
2.80682 1
2.80687 1
2.80692 1
2.80697 1
2.80701 1
2.80706 1
2.80711 1
2.80716 1
2.80721 1
2.80725 1
2.8073 1
2.80735 1
2.8074 1
2.80745 1
2.8075 1
2.80754 1
2.80759 1
2.80764 1
2.80769 1
2.80774 1
2.80778 1
2.80783 1
2.80788 1
2.80793 1
2.80798 1
2.80802 1
2.80807 1
2.80812 1
2.80817 1
2.80822 1
2.80826 1
2.80831 1
2.80836 1
2.80841 1
2.80846 1
2.8085 1
2.80855 1
2.8086 1
2.80865 1
2.8087 1
2.80874 1
2.80879 1
2.80884 1
2.80889 1
2.80894 1
2.80899 1
2.80903 1
2.80908 1
2.80913 1
2.80918 1
2.80923 1
2.80927 1
2.80932 1
2.80937 1
2.80942 1
2.80947 1
2.80951 1
2.80956 1
2.80961 1
2.80966 1
2.80971 1
2.80975 1
2.8098 1
2.80985 1
2.8099 1
2.80995 1
2.80999 1
2.81004 1
2.81009 1
2.81014 1
2.81019 1
2.81023 1
2.81028 1
2.81033 1
2.81038 1
2.81043 1
2.81048 1
2.81052 1
2.81057 1
2.81062 1
2.81067 1
2.81072 1
2.81076 1
2.81081 1
2.81086 1
2.81091 1
2.81096 1
2.811 1
2.81105 1
2.8111 1
2.81115 1
2.8112 1
2.81124 1
2.81129 1
2.81134 1
2.81139 1
2.81144 1
2.81148 1
2.81153 1
2.81158 1
2.81163 1
2.81168 1
2.81172 1
2.81177 1
2.81182 1
2.81187 1
2.81192 1
2.81197 1
2.81201 1
2.81206 1
2.81211 1
2.81216 1
2.81221 1
2.81225 1
2.8123 1
2.81235 1
2.8124 1
2.81245 1
2.81249 1
2.81254 1
2.81259 1
2.81264 1
2.81269 1
2.81273 1
2.81278 1
2.81283 1
2.81288 1
2.81293 1
2.81297 1
2.81302 1
2.81307 1
2.81312 1
2.81317 1
2.81321 1
2.81326 1
2.81331 1
2.81336 1
2.81341 1
2.81346 1
2.8135 1
2.81355 1
2.8136 1
2.81365 1
2.8137 1
2.81374 1
2.81379 1
2.81384 1
2.81389 1
2.81394 1
2.81398 1
2.81403 1
2.81408 1
2.81413 1
2.81418 1
2.81422 1
2.81427 1
2.81432 1
2.81437 1
2.81442 1
2.81446 1
2.81451 1
2.81456 1
2.81461 1
2.81466 1
2.8147 1
2.81475 1
2.8148 1
2.81485 1
2.8149 1
2.81495 1
2.81499 1
2.81504 1
2.81509 1
2.81514 1
2.81519 1
2.81523 1
2.81528 1
2.81533 1
2.81538 1
2.81543 1
2.81547 1
2.81552 1
2.81557 1
2.81562 1
2.81567 1
2.81571 1
2.81576 1
2.81581 1
2.81586 1
2.81591 1
2.81595 1
2.816 1
2.81605 1
2.8161 1
2.81615 1
2.81619 1
2.81624 1
2.81629 1
2.81634 1
2.81639 1
2.81644 1
2.81648 1
2.81653 1
2.81658 1
2.81663 1
2.81668 1
2.81672 1
2.81677 1
2.81682 1
2.81687 1
2.81692 1
2.81696 1
2.81701 1
2.81706 1
2.81711 1
2.81716 1
2.8172 1
2.81725 1
2.8173 1
2.81735 1
2.8174 1
2.81744 1
2.81749 1
2.81754 1
2.81759 1
2.81764 1
2.81768 1
2.81773 1
2.81778 1
2.81783 1
2.81788 1
2.81793 1
2.81797 1
2.81802 1
2.81807 1
2.81812 1
2.81817 1
2.81821 1
2.81826 1
2.81831 1
2.81836 1
2.81841 1
2.81845 1
2.8185 1
2.81855 1
2.8186 1
2.81865 1
2.81869 1
2.81874 1
2.81879 1
2.81884 1
2.81889 1
2.81893 1
2.81898 1
2.81903 1
2.81908 1
2.81913 1
2.81917 1
2.81922 1
2.81927 1
2.81932 1
2.81937 1
2.81942 1
2.81946 1
2.81951 1
2.81956 1
2.81961 1
2.81966 1
2.8197 1
2.81975 1
2.8198 1
2.81985 1
2.8199 1
2.81994 1
2.81999 1
2.82004 1
2.82009 1
2.82014 1
2.82018 1
2.82023 1
2.82028 1
2.82033 1
2.82038 1
2.82042 1
2.82047 1
2.82052 1
2.82057 1
2.82062 1
2.82066 1
2.82071 1
2.82076 1
2.82081 1
2.82086 1
2.82091 1
2.82095 1
2.821 1
2.82105 1
2.8211 1
2.82115 1
2.82119 1
2.82124 1
2.82129 1
2.82134 1
2.82139 1
2.82143 1
2.82148 1
2.82153 1
2.82158 1
2.82163 1
2.82167 1
2.82172 1
2.82177 1
2.82182 1
2.82187 1
2.82191 1
2.82196 1
2.82201 1
2.82206 1
2.82211 1
2.82215 1
2.8222 1
2.82225 1
2.8223 1
2.82235 1
2.8224 1
2.82244 1
2.82249 1
2.82254 1
2.82259 1
2.82264 1
2.82268 1
2.82273 1
2.82278 1
2.82283 1
2.82288 1
2.82292 1
2.82297 1
2.82302 1
2.82307 1
2.82312 1
2.82316 1
2.82321 1
2.82326 1
2.82331 1
2.82336 1
2.8234 1
2.82345 1
2.8235 1
2.82355 1
2.8236 1
2.82364 1
2.82369 1
2.82374 1
2.82379 1
2.82384 1
2.82389 1
2.82393 1
2.82398 1
2.82403 1
2.82408 1
2.82413 1
2.82417 1
2.82422 1
2.82427 1
2.82432 1
2.82437 1
2.82441 1
2.82446 1
2.82451 1
2.82456 1
2.82461 1
2.82465 1
2.8247 1
2.82475 1
2.8248 1
2.82485 1
2.82489 1
2.82494 1
2.82499 1
2.82504 1
2.82509 1
2.82513 1
2.82518 1
2.82523 1
2.82528 1
2.82533 1
2.82538 1
2.82542 1
2.82547 1
2.82552 1
2.82557 1
2.82562 1
2.82566 1
2.82571 1
2.82576 1
2.82581 1
2.82586 1
2.8259 1
2.82595 1
2.826 1
2.82605 1
2.8261 1
2.82614 1
2.82619 1
2.82624 1
2.82629 1
2.82634 1
2.82638 1
2.82643 1
2.82648 1
2.82653 1
2.82658 1
2.82662 1
2.82667 1
2.82672 1
2.82677 1
2.82682 1
2.82687 1
2.82691 1
2.82696 1
2.82701 1
2.82706 1
2.82711 1
2.82715 1
2.8272 1
2.82725 1
2.8273 1
2.82735 1
2.82739 1
2.82744 1
2.82749 1
2.82754 1
2.82759 1
2.82763 1
2.82768 1
2.82773 1
2.82778 1
2.82783 1
2.82787 1
2.82792 1
2.82797 1
2.82802 1
2.82807 1
2.82811 1
2.82816 1
2.82821 1
2.82826 1
2.82831 1
2.82836 1
2.8284 1
2.82845 1
2.8285 1
2.82855 1
2.8286 1
2.82864 1
2.82869 1
2.82874 1
2.82879 1
2.82884 1
2.82888 1
2.82893 1
2.82898 1
2.82903 1
2.82908 1
2.82912 1
2.82917 1
2.82922 1
2.82927 1
2.82932 1
2.82936 1
2.82941 1
2.82946 1
2.82951 1
2.82956 1
2.8296 1
2.82965 1
2.8297 1
2.82975 1
2.8298 1
2.82985 1
2.82989 1
2.82994 1
2.82999 1
2.83004 1
2.83009 1
2.83013 1
2.83018 1
2.83023 1
2.83028 1
2.83033 1
2.83037 1
2.83042 1
2.83047 1
2.83052 1
2.83057 1
2.83061 1
2.83066 1
2.83071 1
2.83076 1
2.83081 1
2.83085 1
2.8309 1
2.83095 1
2.831 1
2.83105 1
2.83109 1
2.83114 1
2.83119 1
2.83124 1
2.83129 1
2.83134 1
2.83138 1
2.83143 1
2.83148 1
2.83153 1
2.83158 1
2.83162 1
2.83167 1
2.83172 1
2.83177 1
2.83182 1
2.83186 1
2.83191 1
2.83196 1
2.83201 1
2.83206 1
2.8321 1
2.83215 1
2.8322 1
2.83225 1
2.8323 1
2.83234 1
2.83239 1
2.83244 1
2.83249 1
2.83254 1
2.83258 1
2.83263 1
2.83268 1
2.83273 1
2.83278 1
2.83283 1
2.83287 1
2.83292 1
2.83297 1
2.83302 1
2.83307 1
2.83311 1
2.83316 1
2.83321 1
2.83326 1
2.83331 1
2.83335 1
2.8334 1
2.83345 1
2.8335 1
2.83355 1
2.83359 1
2.83364 1
2.83369 1
2.83374 1
2.83379 1
2.83383 1
2.83388 1
2.83393 1
2.83398 1
2.83403 1
2.83407 1
2.83412 1
2.83417 1
2.83422 1
2.83427 1
2.83432 1
2.83436 1
2.83441 1
2.83446 1
2.83451 1
2.83456 1
2.8346 1
2.83465 1
2.8347 1
2.83475 1
2.8348 1
2.83484 1
2.83489 1
2.83494 1
2.83499 1
2.83504 1
2.83508 1
2.83513 1
2.83518 1
2.83523 1
2.83528 1
2.83532 1
2.83537 1
2.83542 1
2.83547 1
2.83552 1
2.83556 1
2.83561 1
2.83566 1
2.83571 1
2.83576 1
2.83581 1
2.83585 1
2.8359 1
2.83595 1
2.836 1
2.83605 1
2.83609 1
2.83614 1
2.83619 1
2.83624 1
2.83629 1
2.83633 1
2.83638 1
2.83643 1
2.83648 1
2.83653 1
2.83657 1
2.83662 1
2.83667 1
2.83672 1
2.83677 1
2.83681 1
2.83686 1
2.83691 1
2.83696 1
2.83701 1
2.83705 1
2.8371 1
2.83715 1
2.8372 1
2.83725 1
2.83729 1
2.83734 1
2.83739 1
2.83744 1
2.83749 1
2.83754 1
2.83758 1
2.83763 1
2.83768 1
2.83773 1
2.83778 1
2.83782 1
2.83787 1
2.83792 1
2.83797 1
2.83802 1
2.83806 1
2.83811 1
2.83816 1
2.83821 1
2.83826 1
2.8383 1
2.83835 1
2.8384 1
2.83845 1
2.8385 1
2.83854 1
2.83859 1
2.83864 1
2.83869 1
2.83874 1
2.83878 1
2.83883 1
2.83888 1
2.83893 1
2.83898 1
2.83903 1
2.83907 1
2.83912 1
2.83917 1
2.83922 1
2.83927 1
2.83931 1
2.83936 1
2.83941 1
2.83946 1
2.83951 1
2.83955 1
2.8396 1
2.83965 1
2.8397 1
2.83975 1
2.83979 1
2.83984 1
2.83989 1
2.83994 1
2.83999 1
2.84003 1
2.84008 1
2.84013 1
2.84018 1
2.84023 1
2.84027 1
2.84032 1
2.84037 1
2.84042 1
2.84047 1
2.84052 1
2.84056 1
2.84061 1
2.84066 1
2.84071 1
2.84076 1
2.8408 1
2.84085 1
2.8409 1
2.84095 1
2.841 1
2.84104 1
2.84109 1
2.84114 1
2.84119 1
2.84124 1
2.84128 1
2.84133 1
2.84138 1
2.84143 1
2.84148 1
2.84152 1
2.84157 1
2.84162 1
2.84167 1
2.84172 1
2.84176 1
2.84181 1
2.84186 1
2.84191 1
2.84196 1
2.84201 1
2.84205 1
2.8421 1
2.84215 1
2.8422 1
2.84225 1
2.84229 1
2.84234 1
2.84239 1
2.84244 1
2.84249 1
2.84253 1
2.84258 1
2.84263 1
2.84268 1
2.84273 1
2.84277 1
2.84282 1
2.84287 1
2.84292 1
2.84297 1
2.84301 1
2.84306 1
2.84311 1
2.84316 1
2.84321 1
2.84325 1
2.8433 1
2.84335 1
2.8434 1
2.84345 1
2.8435 1
2.84354 1
2.84359 1
2.84364 1
2.84369 1
2.84374 1
2.84378 1
2.84383 1
2.84388 1
2.84393 1
2.84398 1
2.84402 1
2.84407 1
2.84412 1
2.84417 1
2.84422 1
2.84426 1
2.84431 1
2.84436 1
2.84441 1
2.84446 1
2.8445 1
2.84455 1
2.8446 1
2.84465 1
2.8447 1
2.84474 1
2.84479 1
2.84484 1
2.84489 1
2.84494 1
2.84499 1
2.84503 1
2.84508 1
2.84513 1
2.84518 1
2.84523 1
2.84527 1
2.84532 1
2.84537 1
2.84542 1
2.84547 1
2.84551 1
2.84556 1
2.84561 1
2.84566 1
2.84571 1
2.84575 1
2.8458 1
2.84585 1
2.8459 1
2.84595 1
2.84599 1
2.84604 1
2.84609 1
2.84614 1
2.84619 1
2.84623 1
2.84628 1
2.84633 1
2.84638 1
2.84643 1
2.84648 1
2.84652 1
2.84657 1
2.84662 1
2.84667 1
2.84672 1
2.84676 1
2.84681 1
2.84686 1
2.84691 1
2.84696 1
2.847 1
2.84705 1
2.8471 1
2.84715 1
2.8472 1
2.84724 1
2.84729 1
2.84734 1
2.84739 1
2.84744 1
2.84748 1
2.84753 1
2.84758 1
2.84763 1
2.84768 1
2.84772 1
2.84777 1
2.84782 1
2.84787 1
2.84792 1
2.84797 1
2.84801 1
2.84806 1
2.84811 1
2.84816 1
2.84821 1
2.84825 1
2.8483 1
2.84835 1
2.8484 1
2.84845 1
2.84849 1
2.84854 1
2.84859 1
2.84864 1
2.84869 1
2.84873 1
2.84878 1
2.84883 1
2.84888 1
2.84893 1
2.84897 1
2.84902 1
2.84907 1
2.84912 1
2.84917 1
2.84921 1
2.84926 1
2.84931 1
2.84936 1
2.84941 1
2.84946 1
2.8495 1
2.84955 1
2.8496 1
2.84965 1
2.8497 1
2.84974 1
2.84979 1
2.84984 1
2.84989 1
2.84994 1
2.84998 1
2.85003 1
2.85008 1
2.85013 1
2.85018 1
2.85022 1
2.85027 1
2.85032 1
2.85037 1
2.85042 1
2.85046 1
2.85051 1
2.85056 1
2.85061 1
2.85066 1
2.8507 1
2.85075 1
2.8508 1
2.85085 1
2.8509 1
2.85095 1
2.85099 1
2.85104 1
2.85109 1
2.85114 1
2.85119 1
2.85123 1
2.85128 1
2.85133 1
2.85138 1
2.85143 1
2.85147 1
2.85152 1
2.85157 1
2.85162 1
2.85167 1
2.85171 1
2.85176 1
2.85181 1
2.85186 1
2.85191 1
2.85195 1
2.852 1
2.85205 1
2.8521 1
2.85215 1
2.85219 1
2.85224 1
2.85229 1
2.85234 1
2.85239 1
2.85244 1
2.85248 1
2.85253 1
2.85258 1
2.85263 1
2.85268 1
2.85272 1
2.85277 1
2.85282 1
2.85287 1
2.85292 1
2.85296 1
2.85301 1
2.85306 1
2.85311 1
2.85316 1
2.8532 1
2.85325 1
2.8533 1
2.85335 1
2.8534 1
2.85344 1
2.85349 1
2.85354 1
2.85359 1
2.85364 1
2.85368 1
2.85373 1
2.85378 1
2.85383 1
2.85388 1
2.85393 1
2.85397 1
2.85402 1
2.85407 1
2.85412 1
2.85417 1
2.85421 1
2.85426 1
2.85431 1
2.85436 1
2.85441 1
2.85445 1
2.8545 1
2.85455 1
2.8546 1
2.85465 1
2.85469 1
2.85474 1
2.85479 1
2.85484 1
2.85489 1
2.85493 1
2.85498 1
2.85503 1
2.85508 1
2.85513 1
2.85517 1
2.85522 1
2.85527 1
2.85532 1
2.85537 1
2.85542 1
2.85546 1
2.85551 1
2.85556 1
2.85561 1
2.85566 1
2.8557 1
2.85575 1
2.8558 1
2.85585 1
2.8559 1
2.85594 1
2.85599 1
2.85604 1
2.85609 1
2.85614 1
2.85618 1
2.85623 1
2.85628 1
2.85633 1
2.85638 1
2.85642 1
2.85647 1
2.85652 1
2.85657 1
2.85662 1
2.85666 1
2.85671 1
2.85676 1
2.85681 1
2.85686 1
2.85691 1
2.85695 1
2.857 1
2.85705 1
2.8571 1
2.85715 1
2.85719 1
2.85724 1
2.85729 1
2.85734 1
2.85739 1
2.85743 1
2.85748 1
2.85753 1
2.85758 1
2.85763 1
2.85767 1
2.85772 1
2.85777 1
2.85782 1
2.85787 1
2.85791 1
2.85796 1
2.85801 1
2.85806 1
2.85811 1
2.85815 1
2.8582 1
2.85825 1
2.8583 1
2.85835 1
2.8584 1
2.85844 1
2.85849 1
2.85854 1
2.85859 1
2.85864 1
2.85868 1
2.85873 1
2.85878 1
2.85883 1
2.85888 1
2.85892 1
2.85897 1
2.85902 1
2.85907 1
2.85912 1
2.85916 1
2.85921 1
2.85926 1
2.85931 1
2.85936 1
2.8594 1
2.85945 1
2.8595 1
2.85955 1
2.8596 1
2.85964 1
2.85969 1
2.85974 1
2.85979 1
2.85984 1
2.85989 1
2.85993 1
2.85998 1
2.86003 1
2.86008 1
2.86013 1
2.86017 1
2.86022 1
2.86027 1
2.86032 1
2.86037 1
2.86041 1
2.86046 1
2.86051 1
2.86056 1
2.86061 1
2.86065 1
2.8607 1
2.86075 1
2.8608 1
2.86085 1
2.86089 1
2.86094 1
2.86099 1
2.86104 1
2.86109 1
2.86113 1
2.86118 1
2.86123 1
2.86128 1
2.86133 1
2.86138 1
2.86142 1
2.86147 1
2.86152 1
2.86157 1
2.86162 1
2.86166 1
2.86171 1
2.86176 1
2.86181 1
2.86186 1
2.8619 1
2.86195 1
2.862 1
2.86205 1
2.8621 1
2.86214 1
2.86219 1
2.86224 1
2.86229 1
2.86234 1
2.86238 1
2.86243 1
2.86248 1
2.86253 1
2.86258 1
2.86262 1
2.86267 1
2.86272 1
2.86277 1
2.86282 1
2.86287 1
2.86291 1
2.86296 1
2.86301 1
2.86306 1
2.86311 1
2.86315 1
2.8632 1
2.86325 1
2.8633 1
2.86335 1
2.86339 1
2.86344 1
2.86349 1
2.86354 1
2.86359 1
2.86363 1
2.86368 1
2.86373 1
2.86378 1
2.86383 1
2.86387 1
2.86392 1
2.86397 1
2.86402 1
2.86407 1
2.86411 1
2.86416 1
2.86421 1
2.86426 1
2.86431 1
2.86436 1
2.8644 1
2.86445 1
2.8645 1
2.86455 1
2.8646 1
2.86464 1
2.86469 1
2.86474 1
2.86479 1
2.86484 1
2.86488 1
2.86493 1
2.86498 1
2.86503 1
2.86508 1
2.86512 1
2.86517 1
2.86522 1
2.86527 1
2.86532 1
2.86536 1
2.86541 1
2.86546 1
2.86551 1
2.86556 1
2.8656 1
2.86565 1
2.8657 1
2.86575 1
2.8658 1
2.86585 1
2.86589 1
2.86594 1
2.86599 1
2.86604 1
2.86609 1
2.86613 1
2.86618 1
2.86623 1
2.86628 1
2.86633 1
2.86637 1
2.86642 1
2.86647 1
2.86652 1
2.86657 1
2.86661 1
2.86666 1
2.86671 1
2.86676 1
2.86681 1
2.86685 1
2.8669 1
2.86695 1
2.867 1
2.86705 1
2.86709 1
2.86714 1
2.86719 1
2.86724 1
2.86729 1
2.86733 1
2.86738 1
2.86743 1
2.86748 1
2.86753 1
2.86758 1
2.86762 1
2.86767 1
2.86772 1
2.86777 1
2.86782 1
2.86786 1
2.86791 1
2.86796 1
2.86801 1
2.86806 1
2.8681 1
2.86815 1
2.8682 1
2.86825 1
2.8683 1
2.86834 1
2.86839 1
2.86844 1
2.86849 1
2.86854 1
2.86858 1
2.86863 1
2.86868 1
2.86873 1
2.86878 1
2.86882 1
2.86887 1
2.86892 1
2.86897 1
2.86902 1
2.86907 1
2.86911 1
2.86916 1
2.86921 1
2.86926 1
2.86931 1
2.86935 1
2.8694 1
2.86945 1
2.8695 1
2.86955 1
2.86959 1
2.86964 1
2.86969 1
2.86974 1
2.86979 1
2.86983 1
2.86988 1
2.86993 1
2.86998 1
2.87003 1
2.87007 1
2.87012 1
2.87017 1
2.87022 1
2.87027 1
2.87031 1
2.87036 1
2.87041 1
2.87046 1
2.87051 1
2.87056 1
2.8706 1
2.87065 1
2.8707 1
2.87075 1
2.8708 1
2.87084 1
2.87089 1
2.87094 1
2.87099 1
2.87104 1
2.87108 1
2.87113 1
2.87118 1
2.87123 1
2.87128 1
2.87132 1
2.87137 1
2.87142 1
2.87147 1
2.87152 1
2.87156 1
2.87161 1
2.87166 1
2.87171 1
2.87176 1
2.8718 1
2.87185 1
2.8719 1
2.87195 1
2.872 1
2.87205 1
2.87209 1
2.87214 1
2.87219 1
2.87224 1
2.87229 1
2.87233 1
2.87238 1
2.87243 1
2.87248 1
2.87253 1
2.87257 1
2.87262 1
2.87267 1
2.87272 1
2.87277 1
2.87281 1
2.87286 1
2.87291 1
2.87296 1
2.87301 1
2.87305 1
2.8731 1
2.87315 1
2.8732 1
2.87325 1
2.87329 1
2.87334 1
2.87339 1
2.87344 1
2.87349 1
2.87354 1
2.87358 1
2.87363 1
2.87368 1
2.87373 1
2.87378 1
2.87382 1
2.87387 1
2.87392 1
2.87397 1
2.87402 1
2.87406 1
2.87411 1
2.87416 1
2.87421 1
2.87426 1
2.8743 1
2.87435 1
2.8744 1
2.87445 1
2.8745 1
2.87454 1
2.87459 1
2.87464 1
2.87469 1
2.87474 1
2.87478 1
2.87483 1
2.87488 1
2.87493 1
2.87498 1
2.87503 1
2.87507 1
2.87512 1
2.87517 1
2.87522 1
2.87527 1
2.87531 1
2.87536 1
2.87541 1
2.87546 1
2.87551 1
2.87555 1
2.8756 1
2.87565 1
2.8757 1
2.87575 1
2.87579 1
2.87584 1
2.87589 1
2.87594 1
2.87599 1
2.87603 1
2.87608 1
2.87613 1
2.87618 1
2.87623 1
2.87627 1
2.87632 1
2.87637 1
2.87642 1
2.87647 1
2.87652 1
2.87656 1
2.87661 1
2.87666 1
2.87671 1
2.87676 1
2.8768 1
2.87685 1
2.8769 1
2.87695 1
2.877 1
2.87704 1
2.87709 1
2.87714 1
2.87719 1
2.87724 1
2.87728 1
2.87733 1
2.87738 1
2.87743 1
2.87748 1
2.87752 1
2.87757 1
2.87762 1
2.87767 1
2.87772 1
2.87776 1
2.87781 1
2.87786 1
2.87791 1
2.87796 1
2.87801 1
2.87805 1
2.8781 1
2.87815 1
2.8782 1
2.87825 1
2.87829 1
2.87834 1
2.87839 1
2.87844 1
2.87849 1
2.87853 1
2.87858 1
2.87863 1
2.87868 1
2.87873 1
2.87877 1
2.87882 1
2.87887 1
2.87892 1
2.87897 1
2.87901 1
2.87906 1
2.87911 1
2.87916 1
2.87921 1
2.87925 1
2.8793 1
2.87935 1
2.8794 1
2.87945 1
2.8795 1
2.87954 1
2.87959 1
2.87964 1
2.87969 1
2.87974 1
2.87978 1
2.87983 1
2.87988 1
2.87993 1
2.87998 1
2.88002 1
2.88007 1
2.88012 1
2.88017 1
2.88022 1
2.88026 1
2.88031 1
2.88036 1
2.88041 1
2.88046 1
2.8805 1
2.88055 1
2.8806 1
2.88065 1
2.8807 1
2.88074 1
2.88079 1
2.88084 1
2.88089 1
2.88094 1
2.88099 1
2.88103 1
2.88108 1
2.88113 1
2.88118 1
2.88123 1
2.88127 1
2.88132 1
2.88137 1
2.88142 1
2.88147 1
2.88151 1
2.88156 1
2.88161 1
2.88166 1
2.88171 1
2.88175 1
2.8818 1
2.88185 1
2.8819 1
2.88195 1
2.88199 1
2.88204 1
2.88209 1
2.88214 1
2.88219 1
2.88223 1
2.88228 1
2.88233 1
2.88238 1
2.88243 1
2.88248 1
2.88252 1
2.88257 1
2.88262 1
2.88267 1
2.88272 1
2.88276 1
2.88281 1
2.88286 1
2.88291 1
2.88296 1
2.883 1
2.88305 1
2.8831 1
2.88315 1
2.8832 1
2.88324 1
2.88329 1
2.88334 1
2.88339 1
2.88344 1
2.88348 1
2.88353 1
2.88358 1
2.88363 1
2.88368 1
2.88372 1
2.88377 1
2.88382 1
2.88387 1
2.88392 1
2.88397 1
2.88401 1
2.88406 1
2.88411 1
2.88416 1
2.88421 1
2.88425 1
2.8843 1
2.88435 1
2.8844 1
2.88445 1
2.88449 1
2.88454 1
2.88459 1
2.88464 1
2.88469 1
2.88473 1
2.88478 1
2.88483 1
2.88488 1
2.88493 1
2.88497 1
2.88502 1
2.88507 1
2.88512 1
2.88517 1
2.88521 1
2.88526 1
2.88531 1
2.88536 1
2.88541 1
2.88546 1
2.8855 1
2.88555 1
2.8856 1
2.88565 1
2.8857 1
2.88574 1
2.88579 1
2.88584 1
2.88589 1
2.88594 1
2.88598 1
2.88603 1
2.88608 1
2.88613 1
2.88618 1
2.88622 1
2.88627 1
2.88632 1
2.88637 1
2.88642 1
2.88646 1
2.88651 1
2.88656 1
2.88661 1
2.88666 1
2.8867 1
2.88675 1
2.8868 1
2.88685 1
2.8869 1
2.88695 1
2.88699 1
2.88704 1
2.88709 1
2.88714 1
2.88719 1
2.88723 1
2.88728 1
2.88733 1
2.88738 1
2.88743 1
2.88747 1
2.88752 1
2.88757 1
2.88762 1
2.88767 1
2.88771 1
2.88776 1
2.88781 1
2.88786 1
2.88791 1
2.88795 1
2.888 1
2.88805 1
2.8881 1
2.88815 1
2.88819 1
2.88824 1
2.88829 1
2.88834 1
2.88839 1
2.88844 1
2.88848 1
2.88853 1
2.88858 1
2.88863 1
2.88868 1
2.88872 1
2.88877 1
2.88882 1
2.88887 1
2.88892 1
2.88896 1
2.88901 1
2.88906 1
2.88911 1
2.88916 1
2.8892 1
2.88925 1
2.8893 1
2.88935 1
2.8894 1
2.88944 1
2.88949 1
2.88954 1
2.88959 1
2.88964 1
2.88968 1
2.88973 1
2.88978 1
2.88983 1
2.88988 1
2.88993 1
2.88997 1
2.89002 1
2.89007 1
2.89012 1
2.89017 1
2.89021 1
2.89026 1
2.89031 1
2.89036 1
2.89041 1
2.89045 1
2.8905 1
2.89055 1
2.8906 1
2.89065 1
2.89069 1
2.89074 1
2.89079 1
2.89084 1
2.89089 1
2.89093 1
2.89098 1
2.89103 1
2.89108 1
2.89113 1
2.89117 1
2.89122 1
2.89127 1
2.89132 1
2.89137 1
2.89142 1
2.89146 1
2.89151 1
2.89156 1
2.89161 1
2.89166 1
2.8917 1
2.89175 1
2.8918 1
2.89185 1
2.8919 1
2.89194 1
2.89199 1
2.89204 1
2.89209 1
2.89214 1
2.89218 1
2.89223 1
2.89228 1
2.89233 1
2.89238 1
2.89242 1
2.89247 1
2.89252 1
2.89257 1
2.89262 1
2.89266 1
2.89271 1
2.89276 1
2.89281 1
2.89286 1
2.89291 1
2.89295 1
2.893 1
2.89305 1
2.8931 1
2.89315 1
2.89319 1
2.89324 1
2.89329 1
2.89334 1
2.89339 1
2.89343 1
2.89348 1
2.89353 1
2.89358 1
2.89363 1
2.89367 1
2.89372 1
2.89377 1
2.89382 1
2.89387 1
2.89391 1
2.89396 1
2.89401 1
2.89406 1
2.89411 1
2.89415 1
2.8942 1
2.89425 1
2.8943 1
2.89435 1
2.8944 1
2.89444 1
2.89449 1
2.89454 1
2.89459 1
2.89464 1
2.89468 1
2.89473 1
2.89478 1
2.89483 1
2.89488 1
2.89492 1
2.89497 1
2.89502 1
2.89507 1
2.89512 1
2.89516 1
2.89521 1
2.89526 1
2.89531 1
2.89536 1
2.8954 1
2.89545 1
2.8955 1
2.89555 1
2.8956 1
2.89564 1
2.89569 1
2.89574 1
2.89579 1
2.89584 1
2.89589 1
2.89593 1
2.89598 1
2.89603 1
2.89608 1
2.89613 1
2.89617 1
2.89622 1
2.89627 1
2.89632 1
2.89637 1
2.89641 1
2.89646 1
2.89651 1
2.89656 1
2.89661 1
2.89665 1
2.8967 1
2.89675 1
2.8968 1
2.89685 1
2.89689 1
2.89694 1
2.89699 1
2.89704 1
2.89709 1
2.89713 1
2.89718 1
2.89723 1
2.89728 1
2.89733 1
2.89737 1
2.89742 1
2.89747 1
2.89752 1
2.89757 1
2.89762 1
2.89766 1
2.89771 1
2.89776 1
2.89781 1
2.89786 1
2.8979 1
2.89795 1
2.898 1
2.89805 1
2.8981 1
2.89814 1
2.89819 1
2.89824 1
2.89829 1
2.89834 1
2.89838 1
2.89843 1
2.89848 1
2.89853 1
2.89858 1
2.89862 1
2.89867 1
2.89872 1
2.89877 1
2.89882 1
2.89886 1
2.89891 1
2.89896 1
2.89901 1
2.89906 1
2.89911 1
2.89915 1
2.8992 1
2.89925 1
2.8993 1
2.89935 1
2.89939 1
2.89944 1
2.89949 1
2.89954 1
2.89959 1
2.89963 1
2.89968 1
2.89973 1
2.89978 1
2.89983 1
2.89987 1
2.89992 1
2.89997 1
2.90002 1
2.90007 1
2.90011 1
2.90016 1
2.90021 1
2.90026 1
2.90031 1
2.90035 1
2.9004 1
2.90045 1
2.9005 1
2.90055 1
2.9006 1
2.90064 1
2.90069 1
2.90074 1
2.90079 1
2.90084 1
2.90088 1
2.90093 1
2.90098 1
2.90103 1
2.90108 1
2.90112 1
2.90117 1
2.90122 1
2.90127 1
2.90132 1
2.90136 1
2.90141 1
2.90146 1
2.90151 1
2.90156 1
2.9016 1
2.90165 1
2.9017 1
2.90175 1
2.9018 1
2.90184 1
2.90189 1
2.90194 1
2.90199 1
2.90204 1
2.90209 1
2.90213 1
2.90218 1
2.90223 1
2.90228 1
2.90233 1
2.90237 1
2.90242 1
2.90247 1
2.90252 1
2.90257 1
2.90261 1
2.90266 1
2.90271 1
2.90276 1
2.90281 1
2.90285 1
2.9029 1
2.90295 1
2.903 1
2.90305 1
2.90309 1
2.90314 1
2.90319 1
2.90324 1
2.90329 1
2.90333 1
2.90338 1
2.90343 1
2.90348 1
2.90353 1
2.90358 1
2.90362 1
2.90367 1
2.90372 1
2.90377 1
2.90382 1
2.90386 1
2.90391 1
2.90396 1
2.90401 1
2.90406 1
2.9041 1
2.90415 1
2.9042 1
2.90425 1
2.9043 1
2.90434 1
2.90439 1
2.90444 1
2.90449 1
2.90454 1
2.90458 1
2.90463 1
2.90468 1
2.90473 1
2.90478 1
2.90482 1
2.90487 1
2.90492 1
2.90497 1
2.90502 1
2.90507 1
2.90511 1
2.90516 1
2.90521 1
2.90526 1
2.90531 1
2.90535 1
2.9054 1
2.90545 1
2.9055 1
2.90555 1
2.90559 1
2.90564 1
2.90569 1
2.90574 1
2.90579 1
2.90583 1
2.90588 1
2.90593 1
2.90598 1
2.90603 1
2.90607 1
2.90612 1
2.90617 1
2.90622 1
2.90627 1
2.90631 1
2.90636 1
2.90641 1
2.90646 1
2.90651 1
2.90656 1
2.9066 1
2.90665 1
2.9067 1
2.90675 1
2.9068 1
2.90684 1
2.90689 1
2.90694 1
2.90699 1
2.90704 1
2.90708 1
2.90713 1
2.90718 1
2.90723 1
2.90728 1
2.90732 1
2.90737 1
2.90742 1
2.90747 1
2.90752 1
2.90756 1
2.90761 1
2.90766 1
2.90771 1
2.90776 1
2.9078 1
2.90785 1
2.9079 1
2.90795 1
2.908 1
2.90805 1
2.90809 1
2.90814 1
2.90819 1
2.90824 1
2.90829 1
2.90833 1
2.90838 1
2.90843 1
2.90848 1
2.90853 1
2.90857 1
2.90862 1
2.90867 1
2.90872 1
2.90877 1
2.90881 1
2.90886 1
2.90891 1
2.90896 1
2.90901 1
2.90905 1
2.9091 1
2.90915 1
2.9092 1
2.90925 1
2.90929 1
2.90934 1
2.90939 1
2.90944 1
2.90949 1
2.90954 1
2.90958 1
2.90963 1
2.90968 1
2.90973 1
2.90978 1
2.90982 1
2.90987 1
2.90992 1
2.90997 1
2.91002 1
2.91006 1
2.91011 1
2.91016 1
2.91021 1
2.91026 1
2.9103 1
2.91035 1
2.9104 1
2.91045 1
2.9105 1
2.91054 1
2.91059 1
2.91064 1
2.91069 1
2.91074 1
2.91078 1
2.91083 1
2.91088 1
2.91093 1
2.91098 1
2.91103 1
2.91107 1
2.91112 1
2.91117 1
2.91122 1
2.91127 1
2.91131 1
2.91136 1
2.91141 1
2.91146 1
2.91151 1
2.91155 1
2.9116 1
2.91165 1
2.9117 1
2.91175 1
2.91179 1
2.91184 1
2.91189 1
2.91194 1
2.91199 1
2.91203 1
2.91208 1
2.91213 1
2.91218 1
2.91223 1
2.91227 1
2.91232 1
2.91237 1
2.91242 1
2.91247 1
2.91252 1
2.91256 1
2.91261 1
2.91266 1
2.91271 1
2.91276 1
2.9128 1
2.91285 1
2.9129 1
2.91295 1
2.913 1
2.91304 1
2.91309 1
2.91314 1
2.91319 1
2.91324 1
2.91328 1
2.91333 1
2.91338 1
2.91343 1
2.91348 1
2.91352 1
2.91357 1
2.91362 1
2.91367 1
2.91372 1
2.91376 1
2.91381 1
2.91386 1
2.91391 1
2.91396 1
2.91401 1
2.91405 1
2.9141 1
2.91415 1
2.9142 1
2.91425 1
2.91429 1
2.91434 1
2.91439 1
2.91444 1
2.91449 1
2.91453 1
2.91458 1
2.91463 1
2.91468 1
2.91473 1
2.91477 1
2.91482 1
2.91487 1
2.91492 1
2.91497 1
2.91501 1
2.91506 1
2.91511 1
2.91516 1
2.91521 1
2.91525 1
2.9153 1
2.91535 1
2.9154 1
2.91545 1
2.9155 1
2.91554 1
2.91559 1
2.91564 1
2.91569 1
2.91574 1
2.91578 1
2.91583 1
2.91588 1
2.91593 1
2.91598 1
2.91602 1
2.91607 1
2.91612 1
2.91617 1
2.91622 1
2.91626 1
2.91631 1
2.91636 1
2.91641 1
2.91646 1
2.9165 1
2.91655 1
2.9166 1
2.91665 1
2.9167 1
2.91674 1
2.91679 1
2.91684 1
2.91689 1
2.91694 1
2.91699 1
2.91703 1
2.91708 1
2.91713 1
2.91718 1
2.91723 1
2.91727 1
2.91732 1
2.91737 1
2.91742 1
2.91747 1
2.91751 1
2.91756 1
2.91761 1
2.91766 1
2.91771 1
2.91775 1
2.9178 1
2.91785 1
2.9179 1
2.91795 1
2.91799 1
2.91804 1
2.91809 1
2.91814 1
2.91819 1
2.91823 1
2.91828 1
2.91833 1
2.91838 1
2.91843 1
2.91848 1
2.91852 1
2.91857 1
2.91862 1
2.91867 1
2.91872 1
2.91876 1
2.91881 1
2.91886 1
2.91891 1
2.91896 1
2.919 1
2.91905 1
2.9191 1
2.91915 1
2.9192 1
2.91924 1
2.91929 1
2.91934 1
2.91939 1
2.91944 1
2.91948 1
2.91953 1
2.91958 1
2.91963 1
2.91968 1
2.91972 1
2.91977 1
2.91982 1
2.91987 1
2.91992 1
2.91997 1
2.92001 1
2.92006 1
2.92011 1
2.92016 1
2.92021 1
2.92025 1
2.9203 1
2.92035 1
2.9204 1
2.92045 1
2.92049 1
2.92054 1
2.92059 1
2.92064 1
2.92069 1
2.92073 1
2.92078 1
2.92083 1
2.92088 1
2.92093 1
2.92097 1
2.92102 1
2.92107 1
2.92112 1
2.92117 1
2.92121 1
2.92126 1
2.92131 1
2.92136 1
2.92141 1
2.92146 1
2.9215 1
2.92155 1
2.9216 1
2.92165 1
2.9217 1
2.92174 1
2.92179 1
2.92184 1
2.92189 1
2.92194 1
2.92198 1
2.92203 1
2.92208 1
2.92213 1
2.92218 1
2.92222 1
2.92227 1
2.92232 1
2.92237 1
2.92242 1
2.92246 1
2.92251 1
2.92256 1
2.92261 1
2.92266 1
2.9227 1
2.92275 1
2.9228 1
2.92285 1
2.9229 1
2.92295 1
2.92299 1
2.92304 1
2.92309 1
2.92314 1
2.92319 1
2.92323 1
2.92328 1
2.92333 1
2.92338 1
2.92343 1
2.92347 1
2.92352 1
2.92357 1
2.92362 1
2.92367 1
2.92371 1
2.92376 1
2.92381 1
2.92386 1
2.92391 1
2.92395 1
2.924 1
2.92405 1
2.9241 1
2.92415 1
2.92419 1
2.92424 1
2.92429 1
2.92434 1
2.92439 1
2.92444 1
2.92448 1
2.92453 1
2.92458 1
2.92463 1
2.92468 1
2.92472 1
2.92477 1
2.92482 1
2.92487 1
2.92492 1
2.92496 1
2.92501 1
2.92506 1
2.92511 1
2.92516 1
2.9252 1
2.92525 1
2.9253 1
2.92535 1
2.9254 1
2.92544 1
2.92549 1
2.92554 1
2.92559 1
2.92564 1
2.92568 1
2.92573 1
2.92578 1
2.92583 1
2.92588 1
2.92593 1
2.92597 1
2.92602 1
2.92607 1
2.92612 1
2.92617 1
2.92621 1
2.92626 1
2.92631 1
2.92636 1
2.92641 1
2.92645 1
2.9265 1
2.92655 1
2.9266 1
2.92665 1
2.92669 1
2.92674 1
2.92679 1
2.92684 1
2.92689 1
2.92693 1
2.92698 1
2.92703 1
2.92708 1
2.92713 1
2.92717 1
2.92722 1
2.92727 1
2.92732 1
2.92737 1
2.92741 1
2.92746 1
2.92751 1
2.92756 1
2.92761 1
2.92766 1
2.9277 1
2.92775 1
2.9278 1
2.92785 1
2.9279 1
2.92794 1
2.92799 1
2.92804 1
2.92809 1
2.92814 1
2.92818 1
2.92823 1
2.92828 1
2.92833 1
2.92838 1
2.92842 1
2.92847 1
2.92852 1
2.92857 1
2.92862 1
2.92866 1
2.92871 1
2.92876 1
2.92881 1
2.92886 1
2.9289 1
2.92895 1
2.929 1
2.92905 1
2.9291 1
2.92915 1
2.92919 1
2.92924 1
2.92929 1
2.92934 1
2.92939 1
2.92943 1
2.92948 1
2.92953 1
2.92958 1
2.92963 1
2.92967 1
2.92972 1
2.92977 1
2.92982 1
2.92987 1
2.92991 1
2.92996 1
2.93001 1
2.93006 1
2.93011 1
2.93015 1
2.9302 1
2.93025 1
2.9303 1
2.93035 1
2.93039 1
2.93044 1
2.93049 1
2.93054 1
2.93059 1
2.93064 1
2.93068 1
2.93073 1
2.93078 1
2.93083 1
2.93088 1
2.93092 1
2.93097 1
2.93102 1
2.93107 1
2.93112 1
2.93116 1
2.93121 1
2.93126 1
2.93131 1
2.93136 1
2.9314 1
2.93145 1
2.9315 1
2.93155 1
2.9316 1
2.93164 1
2.93169 1
2.93174 1
2.93179 1
2.93184 1
2.93188 1
2.93193 1
2.93198 1
2.93203 1
2.93208 1
2.93213 1
2.93217 1
2.93222 1
2.93227 1
2.93232 1
2.93237 1
2.93241 1
2.93246 1
2.93251 1
2.93256 1
2.93261 1
2.93265 1
2.9327 1
2.93275 1
2.9328 1
2.93285 1
2.93289 1
2.93294 1
2.93299 1
2.93304 1
2.93309 1
2.93313 1
2.93318 1
2.93323 1
2.93328 1
2.93333 1
2.93337 1
2.93342 1
2.93347 1
2.93352 1
2.93357 1
2.93362 1
2.93366 1
2.93371 1
2.93376 1
2.93381 1
2.93386 1
2.9339 1
2.93395 1
2.934 1
2.93405 1
2.9341 1
2.93414 1
2.93419 1
2.93424 1
2.93429 1
2.93434 1
2.93438 1
2.93443 1
2.93448 1
2.93453 1
2.93458 1
2.93462 1
2.93467 1
2.93472 1
2.93477 1
2.93482 1
2.93486 1
2.93491 1
2.93496 1
2.93501 1
2.93506 1
2.93511 1
2.93515 1
2.9352 1
2.93525 1
2.9353 1
2.93535 1
2.93539 1
2.93544 1
2.93549 1
2.93554 1
2.93559 1
2.93563 1
2.93568 1
2.93573 1
2.93578 1
2.93583 1
2.93587 1
2.93592 1
2.93597 1
2.93602 1
2.93607 1
2.93611 1
2.93616 1
2.93621 1
2.93626 1
2.93631 1
2.93635 1
2.9364 1
2.93645 1
2.9365 1
2.93655 1
2.9366 1
2.93664 1
2.93669 1
2.93674 1
2.93679 1
2.93684 1
2.93688 1
2.93693 1
2.93698 1
2.93703 1
2.93708 1
2.93712 1
2.93717 1
2.93722 1
2.93727 1
2.93732 1
2.93736 1
2.93741 1
2.93746 1
2.93751 1
2.93756 1
2.9376 1
2.93765 1
2.9377 1
2.93775 1
2.9378 1
2.93784 1
2.93789 1
2.93794 1
2.93799 1
2.93804 1
2.93809 1
2.93813 1
2.93818 1
2.93823 1
2.93828 1
2.93833 1
2.93837 1
2.93842 1
2.93847 1
2.93852 1
2.93857 1
2.93861 1
2.93866 1
2.93871 1
2.93876 1
2.93881 1
2.93885 1
2.9389 1
2.93895 1
2.939 1
2.93905 1
2.93909 1
2.93914 1
2.93919 1
2.93924 1
2.93929 1
2.93933 1
2.93938 1
2.93943 1
2.93948 1
2.93953 1
2.93958 1
2.93962 1
2.93967 1
2.93972 1
2.93977 1
2.93982 1
2.93986 1
2.93991 1
2.93996 1
2.94001 1
2.94006 1
2.9401 1
2.94015 1
2.9402 1
2.94025 1
2.9403 1
2.94034 1
2.94039 1
2.94044 1
2.94049 1
2.94054 1
2.94058 1
2.94063 1
2.94068 1
2.94073 1
2.94078 1
2.94082 1
2.94087 1
2.94092 1
2.94097 1
2.94102 1
2.94107 1
2.94111 1
2.94116 1
2.94121 1
2.94126 1
2.94131 1
2.94135 1
2.9414 1
2.94145 1
2.9415 1
2.94155 1
2.94159 1
2.94164 1
2.94169 1
2.94174 1
2.94179 1
2.94183 1
2.94188 1
2.94193 1
2.94198 1
2.94203 1
2.94207 1
2.94212 1
2.94217 1
2.94222 1
2.94227 1
2.94231 1
2.94236 1
2.94241 1
2.94246 1
2.94251 1
2.94256 1
2.9426 1
2.94265 1
2.9427 1
2.94275 1
2.9428 1
2.94284 1
2.94289 1
2.94294 1
2.94299 1
2.94304 1
2.94308 1
2.94313 1
2.94318 1
2.94324 1
2.94329 1
2.94334 1
2.94338 1
2.94343 1
2.94348 1
2.94353 1
2.94358 1
2.94362 1
2.94367 1
2.94372 1
2.94377 1
2.94382 1
2.94386 1
2.94391 1
2.94396 1
2.94401 1
2.94406 1
2.94411 1
2.94415 1
2.9442 1
2.94425 1
2.9443 1
2.94435 1
2.94439 1
2.94444 1
2.94449 1
2.94454 1
2.94459 1
2.94463 1
2.94468 1
2.94473 1
2.94478 1
2.94483 1
2.94487 1
2.94492 1
2.94497 1
2.94502 1
2.94507 1
2.94511 1
2.94516 1
2.94521 1
2.94526 1
2.94531 1
2.94535 1
2.9454 1
2.94545 1
2.9455 1
2.94555 1
2.9456 1
2.94564 1
2.94569 1
2.94574 1
2.94579 1
2.94584 1
2.94588 1
2.94593 1
2.94598 1
2.94603 1
2.94608 1
2.94612 1
2.94617 1
2.94622 1
2.94627 1
2.94632 1
2.94636 1
2.94641 1
2.94646 1
2.94651 1
2.94656 1
2.9466 1
2.94665 1
2.9467 1
2.94675 1
2.9468 1
2.94684 1
2.94689 1
2.94694 1
2.94699 1
2.94704 1
2.94709 1
2.94713 1
2.94718 1
2.94723 1
2.94728 1
2.94733 1
2.94737 1
2.94742 1
2.94747 1
2.94752 1
2.94757 1
2.94761 1
2.94766 1
2.94771 1
2.94776 1
2.94781 1
2.94785 1
2.9479 1
2.94795 1
2.948 1
2.94805 1
2.94809 1
2.94814 1
2.94819 1
2.94824 1
2.94829 1
2.94833 1
2.94838 1
2.94843 1
2.94848 1
2.94853 1
2.95385 1
