13.1236 1
13.126 1
13.1284 1
13.1308 1
13.1332 1
13.1356 1
13.138 1
13.1404 1
13.1428 1
13.1452 1
13.1476 1
13.15 1
13.1524 1
13.1548 1
13.1572 1
13.1596 1
13.162 1
13.1644 1
13.1668 1
13.1692 1
13.1716 1
13.174 1
13.1764 1
13.1788 1
13.1812 1
13.1836 1
13.186 1
13.1884 1
13.1908 1
13.1933 1
13.1957 1
13.1981 1
13.2005 1
13.2029 1
13.2053 1
13.2077 1
13.2101 1
13.2125 1
13.2149 1
13.2173 1
13.2197 1
13.2221 1
13.2245 1
13.2269 1
13.2293 1
13.2317 1
13.2341 1
13.2365 1
13.2389 1
13.2413 1
13.2437 1
13.2461 1
13.2485 1
13.2509 1
13.2533 1
13.2557 1
13.2581 1
13.2605 1
13.2629 1
13.2653 1
13.2678 1
13.2702 1
13.2726 1
13.275 1
13.2774 1
13.2798 1
13.2822 1
13.2846 1
13.287 1
13.2894 1
13.2918 1
13.2942 1
13.2966 1
13.299 1
13.3014 1
13.3038 1
13.3062 1
13.3086 1
13.311 1
13.3134 1
13.3158 1
13.3182 1
13.3206 1
13.323 1
13.3254 1
13.3278 1
13.3302 1
13.3326 1
13.335 1
13.3374 1
13.3398 1
13.3423 1
13.3447 1
13.3471 1
13.3495 1
13.3519 1
13.3543 1
13.3567 1
13.3591 1
13.3615 1
13.3639 1
13.3663 1
13.3687 1
13.3711 1
13.3735 1
13.3759 1
13.3783 1
13.3807 1
13.3831 1
13.3855 1
13.3879 1
13.3903 1
13.3927 1
13.3951 1
13.3975 1
13.3999 1
13.4023 1
13.4047 1
13.4071 1
13.4095 1
13.4119 1
13.4143 1
13.4167 1
13.4192 1
13.4216 1
13.424 1
13.4264 1
13.4288 1
13.4312 1
13.4336 1
13.436 1
13.4384 1
13.4408 1
13.4432 1
13.4456 1
13.448 1
13.4504 1
13.4528 1
13.4552 1
13.4576 1
13.46 1
13.4624 1
13.4648 1
13.4672 1
13.4696 1
13.472 1
13.4744 1
13.4768 1
13.4792 1
13.4816 1
13.484 1
13.4864 1
13.4888 1
13.4912 1
13.4937 1
13.4961 1
13.4985 1
13.5009 1
13.5033 1
13.5057 1
13.5081 1
13.5105 1
13.5129 1
13.5153 1
13.5177 1
13.5201 1
13.5225 1
13.5249 1
13.5273 1
13.5297 1
13.5321 1
13.5345 1
13.5369 1
13.5393 1
13.5417 1
13.5441 1
13.5465 1
13.5489 1
13.5513 1
13.5537 1
13.5561 1
13.5585 1
13.5609 1
13.5633 1
13.5657 1
13.5682 1
13.5706 1
13.573 1
13.5754 1
13.5778 1
13.5802 1
13.5826 1
13.585 1
13.5874 1
13.5898 1
13.5922 1
13.5946 1
13.597 1
13.5994 1
13.6018 1
13.6042 1
13.6066 1
13.609 1
13.6114 1
13.6138 1
13.6162 1
13.6186 1
13.621 1
13.6234 1
13.6258 1
13.6282 1
13.6306 1
13.633 1
13.6354 1
13.6378 1
13.6402 1
13.6427 1
13.6451 1
13.6475 1
13.6499 1
13.6523 1
13.6547 1
13.6571 1
13.6595 1
13.6619 1
13.6643 1
13.6667 1
13.6691 1
13.6715 1
13.6739 1
13.6763 1
13.6787 1
13.6811 1
13.6835 1
13.6859 1
13.6883 1
13.6907 1
13.6931 1
13.6955 1
13.6979 1
13.7003 1
13.7027 1
13.7051 1
13.7075 1
13.7099 1
13.7123 1
13.7147 1
13.7171 1
13.7196 1
13.722 1
13.7244 1
13.7268 1
13.7292 1
13.7316 1
13.734 1
13.7364 1
13.7388 1
13.7412 1
13.7436 1
13.746 1
13.7484 1
13.7508 1
13.7532 1
13.7556 1
13.758 1
13.7604 1
13.7628 1
13.7652 1
13.7676 1
13.77 1
13.7724 1
13.7748 1
13.7772 1
13.7796 1
13.782 1
13.7844 1
13.7868 1
13.7892 1
13.7916 1
13.7941 1
13.7965 1
13.7989 1
13.8013 1
13.8037 1
13.8061 1
13.8085 1
13.8109 1
13.8133 1
13.8157 1
13.8181 1
13.8205 1
13.8229 1
13.8253 1
13.8277 1
13.8301 1
13.8325 1
13.8349 1
13.8373 1
13.8397 1
13.8421 1
13.8445 1
13.8469 1
13.8493 1
13.8517 1
13.8541 1
13.8565 1
13.8589 1
13.8613 1
13.8637 1
13.8661 1
13.8686 1
13.871 1
13.8734 1
13.8758 1
13.8782 1
13.8806 1
13.883 1
13.8854 1
13.8878 1
13.8902 1
13.8926 1
13.895 1
13.8974 1
13.8998 1
13.9022 1
13.9046 1
13.907 1
13.9094 1
13.9118 1
13.9142 1
13.9166 1
13.919 1
13.9214 1
13.9238 1
13.9262 1
13.9286 1
13.931 1
13.9334 1
13.9358 1
13.9382 1
13.9406 1
13.9431 1
13.9455 1
13.9479 1
13.9503 1
13.9527 1
13.9551 1
13.9575 1
13.9599 1
13.9623 1
13.9647 1
13.9671 1
13.9695 1
13.9719 1
13.9743 1
13.9767 1
13.9791 1
13.9815 1
13.9839 1
13.9863 1
13.9887 1
13.9911 1
13.9935 1
13.9959 1
13.9983 1
14.0007 1
14.0031 1
14.0055 1
14.0079 1
14.0103 1
14.0127 1
14.0151 1
14.0175 1
14.02 1
14.0224 1
14.0248 1
14.0272 1
14.0296 1
14.032 1
14.0344 1
14.0368 1
14.0392 1
14.0416 1
14.044 1
14.0464 1
14.0488 1
14.0512 1
14.0536 1
14.056 1
14.0584 1
14.0608 1
14.0632 1
14.0656 1
14.068 1
14.0704 1
14.0728 1
14.0752 1
14.0776 1
14.08 1
14.0824 1
14.0848 1
14.0872 1
14.0896 1
14.092 1
14.0945 1
14.0969 1
14.0993 1
14.1017 1
14.1041 1
14.1065 1
14.1089 1
14.1113 1
14.1137 1
14.1161 1
14.1185 1
14.1209 1
14.1233 1
25.277 1
25.2854 1
25.2938 1
25.3023 1
25.3107 1
25.3191 1
25.3275 1
25.3359 1
25.3443 1
25.3528 1
25.3614 1
25.3699 1
25.3784 1
25.387 1
25.3955 1
25.404 1
25.4126 1
25.4211 1
25.4296 1
25.4382 1
25.4468 1
25.4555 1
25.4641 1
25.4728 1
25.4814 1
25.4901 1
25.4988 1
25.5076 1
25.5164 1
25.5252 1
25.5339 1
25.5428 1
25.5517 1
25.5606 1
25.5695 1
25.5784 1
25.5873 1
25.5962 1
25.6051 1
25.614 1
25.6228 1
25.6317 1
25.6407 1
25.6498 1
25.6588 1
25.6678 1
25.6768 1
25.6858 1
25.6949 1
25.7041 1
25.7132 1
25.7223 1
25.7315 1
25.7406 1
25.7497 1
25.7589 1
25.768 1
25.7771 1
25.7864 1
25.7956 1
25.8049 1
25.8141 1
25.8234 1
25.8326 1
25.842 1
25.8514 1
25.8608 1
25.8701 1
25.8795 1
25.889 1
25.8985 1
25.908 1
25.9175 1
25.927 1
25.9366 1
25.9462 1
25.9558 1
25.9654 1
25.975 1
25.9846 1
25.9943 1
26.0039 1
26.0135 1
26.0231 1
26.0327 1
26.0424 1
26.0522 1
26.0619 1
26.0716 1
26.0814 1
26.0912 1
26.1011 1
26.1109 1
26.1208 1
26.1306 1
26.1406 1
26.1506 1
26.1606 1
26.1705 1
26.1805 1
26.1906 1
26.2007 1
26.2108 1
26.2209 1
26.231 1
26.2412 1
26.2514 1
26.2616 1
26.2718 1
57.6146 1
57.6188 1
57.623 1
57.6272 1
57.6314 1
57.6356 1
57.6398 1
57.644 1
57.6482 1
57.6525 1
57.6567 1
57.6609 1
57.6651 1
57.6693 1
57.6735 1
57.6777 1
57.6819 1
57.6861 1
57.6903 1
57.6945 1
57.6987 1
57.7029 1
57.7071 1
57.7113 1
57.7154 1
57.7195 1
57.7236 1
57.7277 1
57.7318 1
57.7358 1
57.7399 1
57.744 1
57.7481 1
57.7522 1
57.7563 1
57.7604 1
57.7644 1
57.7685 1
57.7726 1
57.7767 1
57.7808 1
57.7849 1
57.789 1
57.793 1
57.7971 1
57.8012 1
57.8053 1
57.8094 1
57.8135 1
57.8176 1
57.8216 1
57.8257 1
57.8298 1
57.8339 1
57.838 1
57.8421 1
57.8461 1
57.8502 1
57.8543 1
57.8584 1
57.8625 1
57.8666 1
57.8707 1
57.8747 1
57.8788 1
57.8829 1
57.887 1
57.8911 1
57.8952 1
57.8993 1
57.9033 1
57.9074 1
57.9115 1
57.9156 1
57.9197 1
57.9238 1
57.9279 1
57.9319 1
57.936 1
57.9401 1
57.9442 1
57.9482 1
57.9521 1
57.9561 1
57.9601 1
57.964 1
57.968 1
57.972 1
57.9759 1
57.9799 1
57.9839 1
57.9878 1
57.9918 1
57.9957 1
57.9997 1
58.0037 1
58.0076 1
58.0116 1
58.0156 1
58.0195 1
58.0235 1
58.0275 1
58.0314 1
58.0354 1
58.0394 1
58.0433 1
58.0473 1
58.0513 1
58.0552 1
58.0592 1
58.0632 1
58.0671 1
58.0711 1
58.0751 1
58.079 1
58.083 1
58.087 1
58.0909 1
58.0949 1
58.0988 1
58.1028 1
58.1068 1
58.1107 1
58.1147 1
58.1187 1
58.1226 1
58.1266 1
58.1306 1
58.1345 1
58.1385 1
58.1425 1
58.1464 1
58.1504 1
58.1544 1
58.1583 1
58.1623 1
58.1663 1
58.1702 1
58.1741 1
58.1779 1
58.1818 1
58.1856 1
58.1894 1
58.1933 1
58.1971 1
58.201 1
58.2048 1
58.2087 1
58.2125 1
58.2164 1
58.2202 1
58.2241 1
58.2279 1
58.2317 1
58.2356 1
58.2394 1
58.2433 1
58.2471 1
58.251 1
58.2548 1
58.2587 1
58.2625 1
58.2663 1
58.2702 1
58.274 1
58.2779 1
58.2817 1
58.2856 1
58.2894 1
58.2933 1
58.2971 1
58.301 1
58.3048 1
58.3086 1
58.3125 1
58.3163 1
58.3202 1
58.324 1
58.3279 1
58.3317 1
58.3356 1
58.3394 1
58.3433 1
58.3471 1
58.3509 1
58.3548 1
58.3586 1
58.3625 1
58.3663 1
58.3702 1
58.374 1
58.3779 1
58.3817 1
58.3855 1
58.3894 1
58.3932 1
58.3971 1
58.4009 1
58.4048 1
58.4086 1
58.4125 1
58.4162 1
58.4199 1
58.4236 1
58.4274 1
58.4311 1
58.4348 1
58.4385 1
58.4423 1
58.446 1
58.4497 1
58.4534 1
58.4572 1
58.4609 1
58.4646 1
58.4683 1
58.4721 1
58.4758 1
58.4795 1
58.4832 1
58.487 1
58.4907 1
58.4944 1
58.4981 1
58.5019 1
58.5056 1
58.5093 1
58.513 1
58.5168 1
58.5205 1
58.5242 1
58.5279 1
58.5317 1
58.5354 1
58.5391 1
58.5428 1
58.5466 1
58.5503 1
58.554 1
58.5577 1
58.5615 1
58.5652 1
58.5689 1
58.5726 1
58.5764 1
58.5801 1
58.5838 1
58.5875 1
58.5913 1
58.595 1
58.5987 1
58.6024 1
58.6062 1
58.6099 1
58.6136 1
