2.15992 1
2.15997 1
2.16002 1
2.16007 1
2.16011 1
2.16016 1
2.16021 1
2.16026 1
2.16031 1
2.16035 1
2.1604 1
2.16045 1
2.1605 1
2.16055 1
2.16059 1
2.16064 1
2.16069 1
2.16074 1
2.16079 1
2.16084 1
2.16088 1
2.16093 1
2.16098 1
2.16103 1
2.16108 1
2.16112 1
2.16117 1
2.16122 1
2.16127 1
2.16132 1
2.16136 1
2.16141 1
2.16146 1
2.16151 1
2.16156 1
2.1616 1
2.16165 1
2.1617 1
2.16175 1
2.1618 1
2.16184 1
2.16189 1
2.16194 1
2.16199 1
2.16204 1
2.16208 1
2.16213 1
2.16218 1
2.16223 1
2.16228 1
2.16233 1
2.16237 1
2.16242 1
2.16247 1
2.16252 1
2.16257 1
2.16261 1
2.16266 1
2.16271 1
2.16276 1
2.16281 1
2.16285 1
2.1629 1
2.16295 1
2.163 1
2.16305 1
2.16309 1
2.16314 1
2.16319 1
2.16324 1
2.16329 1
2.16333 1
2.16338 1
2.16343 1
2.16348 1
2.16353 1
2.16357 1
2.16362 1
2.16367 1
2.16372 1
2.16377 1
2.16382 1
2.16386 1
2.16391 1
2.16396 1
2.16401 1
2.16406 1
2.1641 1
2.16415 1
2.1642 1
2.16425 1
2.1643 1
2.16434 1
2.16439 1
2.16444 1
2.16449 1
2.16454 1
2.16458 1
2.16463 1
2.16468 1
2.16473 1
2.16478 1
2.16482 1
2.16487 1
2.16492 1
2.16497 1
2.16502 1
2.16506 1
2.16511 1
2.16516 1
2.16521 1
2.16526 1
2.16531 1
2.16535 1
2.1654 1
2.16545 1
2.1655 1
2.16555 1
2.16559 1
2.16564 1
2.16569 1
2.16574 1
2.16579 1
2.16583 1
2.16588 1
2.16593 1
2.16598 1
2.16603 1
2.16607 1
2.16612 1
2.16617 1
2.16622 1
2.16627 1
2.16631 1
2.16636 1
2.16641 1
2.16646 1
2.16651 1
2.16655 1
2.1666 1
2.16665 1
2.1667 1
2.16675 1
2.1668 1
2.16684 1
2.16689 1
2.16694 1
2.16699 1
2.16704 1
2.16708 1
2.16713 1
2.16718 1
2.16723 1
2.16728 1
2.16732 1
2.16737 1
2.16742 1
2.16747 1
2.16752 1
2.16756 1
2.16761 1
2.16766 1
2.16771 1
2.16776 1
2.1678 1
2.16785 1
2.1679 1
2.16795 1
2.168 1
2.16804 1
2.16809 1
2.16814 1
2.16819 1
2.16824 1
2.16829 1
2.16833 1
2.16838 1
2.16843 1
2.16848 1
2.16853 1
2.16857 1
2.16862 1
2.16867 1
2.16872 1
2.16877 1
2.16881 1
2.16886 1
2.16891 1
2.16896 1
2.16901 1
2.16905 1
2.1691 1
2.16915 1
2.1692 1
2.16925 1
2.16929 1
2.16934 1
2.16939 1
2.16944 1
2.16949 1
2.16953 1
2.16958 1
2.16963 1
2.16968 1
2.16973 1
2.16978 1
2.16982 1
2.16987 1
2.16992 1
2.16997 1
2.17002 1
2.17006 1
2.17011 1
2.17016 1
2.17021 1
2.17026 1
2.1703 1
2.17035 1
2.1704 1
2.17045 1
2.1705 1
2.17054 1
2.17059 1
2.17064 1
2.17069 1
2.17074 1
2.17078 1
2.17083 1
2.17088 1
2.17093 1
2.17098 1
2.17102 1
2.17107 1
2.17112 1
2.17117 1
2.17122 1
2.17127 1
2.17131 1
2.17136 1
2.17141 1
2.17146 1
2.17151 1
2.17155 1
2.1716 1
2.17165 1
2.1717 1
2.17175 1
2.17179 1
2.17184 1
2.17189 1
2.17194 1
2.17199 1
2.17203 1
2.17208 1
2.17213 1
2.17218 1
2.17223 1
2.17227 1
2.17232 1
2.17237 1
2.17242 1
2.17247 1
2.17251 1
2.17256 1
2.17261 1
2.17266 1
2.17271 1
2.17276 1
2.1728 1
2.17285 1
2.1729 1
2.17295 1
2.173 1
2.17304 1
2.17309 1
2.17314 1
2.17319 1
2.17324 1
2.17328 1
2.17333 1
2.17338 1
2.17343 1
2.17348 1
2.17352 1
2.17357 1
2.17362 1
2.17367 1
2.17372 1
2.17376 1
2.17381 1
2.17386 1
2.17391 1
2.17396 1
2.174 1
2.17405 1
2.1741 1
2.17415 1
2.1742 1
2.17424 1
2.17429 1
2.17434 1
2.17439 1
2.17444 1
2.17449 1
2.17453 1
2.17458 1
2.17463 1
2.17468 1
2.17473 1
2.17477 1
2.17482 1
2.17487 1
2.17492 1
2.17497 1
2.17501 1
2.17506 1
2.17511 1
2.17516 1
2.17521 1
2.17525 1
2.1753 1
2.17535 1
2.1754 1
2.17545 1
2.17549 1
2.17554 1
2.17559 1
2.17564 1
2.17569 1
2.17573 1
2.17578 1
2.17583 1
2.17588 1
2.17593 1
2.17598 1
2.17602 1
2.17607 1
2.17612 1
2.17617 1
2.17622 1
2.17626 1
2.17631 1
2.17636 1
2.17641 1
2.17646 1
2.1765 1
2.17655 1
2.1766 1
2.17665 1
2.1767 1
2.17674 1
2.17679 1
2.17684 1
2.17689 1
2.17694 1
2.17698 1
2.17703 1
2.17708 1
2.17713 1
2.17718 1
2.17722 1
2.17727 1
2.17732 1
2.17737 1
2.17742 1
2.17747 1
2.17751 1
2.17756 1
2.17761 1
2.17766 1
2.17771 1
2.17775 1
2.1778 1
2.17785 1
2.1779 1
2.17795 1
2.17799 1
2.17804 1
2.17809 1
2.17814 1
2.17819 1
2.17823 1
2.17828 1
2.17833 1
2.17838 1
2.17843 1
2.17847 1
2.17852 1
2.17857 1
2.17862 1
2.17867 1
2.17871 1
2.17876 1
2.17881 1
2.17886 1
2.17891 1
2.17896 1
2.179 1
2.17905 1
2.1791 1
2.17915 1
2.1792 1
2.17924 1
2.17929 1
2.17934 1
2.17939 1
2.17944 1
2.17948 1
2.17953 1
2.17958 1
2.17963 1
2.17968 1
2.17972 1
2.17977 1
2.17982 1
2.17987 1
2.17992 1
2.17996 1
2.18001 1
2.18006 1
2.18011 1
2.18016 1
2.1802 1
2.18025 1
2.1803 1
2.18035 1
2.1804 1
2.18045 1
2.18049 1
2.18054 1
2.18059 1
2.18064 1
2.18069 1
2.18073 1
2.18078 1
2.18083 1
2.18088 1
2.18093 1
2.18097 1
2.18102 1
2.18107 1
2.18112 1
2.18117 1
2.18121 1
2.18126 1
2.18131 1
2.18136 1
2.18141 1
2.18145 1
2.1815 1
2.18155 1
2.1816 1
2.18165 1
2.18169 1
2.18174 1
2.18179 1
2.18184 1
2.18189 1
2.18194 1
2.18198 1
2.18203 1
2.18208 1
2.18213 1
2.18218 1
2.18222 1
2.18227 1
2.18232 1
2.18237 1
2.18242 1
2.18246 1
2.18251 1
2.18256 1
2.18261 1
2.18266 1
2.1827 1
2.18275 1
2.1828 1
2.18285 1
2.1829 1
2.18294 1
2.18299 1
2.18304 1
2.18309 1
2.18314 1
2.18318 1
2.18323 1
2.18328 1
2.18333 1
2.18338 1
2.18343 1
2.18347 1
2.18352 1
2.18357 1
2.18362 1
2.18367 1
2.18371 1
2.18376 1
2.18381 1
2.18386 1
2.18391 1
2.18395 1
2.184 1
2.18405 1
2.1841 1
2.18415 1
2.18419 1
2.18424 1
2.18429 1
2.18434 1
2.18439 1
2.18443 1
2.18448 1
2.18453 1
2.18458 1
2.18463 1
2.18467 1
2.18472 1
2.18477 1
2.18482 1
2.18487 1
2.18492 1
2.18496 1
2.18501 1
2.18506 1
2.18511 1
2.18516 1
2.1852 1
2.18525 1
2.1853 1
2.18535 1
2.1854 1
2.18544 1
2.18549 1
2.18554 1
2.18559 1
2.18564 1
2.18568 1
2.18573 1
2.18578 1
2.18583 1
2.18588 1
2.18592 1
2.18597 1
2.18602 1
2.18607 1
2.18612 1
2.18616 1
2.18621 1
2.18626 1
2.18631 1
2.18636 1
2.18641 1
2.18645 1
2.1865 1
2.18655 1
2.1866 1
2.18665 1
2.18669 1
2.18674 1
2.18679 1
2.18684 1
2.18689 1
2.18693 1
2.18698 1
2.18703 1
2.18708 1
2.18713 1
2.18717 1
2.18722 1
2.18727 1
2.18732 1
2.18737 1
2.18741 1
2.18746 1
2.18751 1
2.18756 1
2.18761 1
2.18765 1
2.1877 1
2.18775 1
2.1878 1
2.18785 1
2.1879 1
2.18794 1
2.18799 1
2.18804 1
2.18809 1
2.18814 1
2.18818 1
2.18823 1
2.18828 1
2.18833 1
2.18838 1
2.18842 1
2.18847 1
2.18852 1
2.18857 1
2.18862 1
2.18866 1
2.18871 1
2.18876 1
2.18881 1
2.18886 1
2.1889 1
2.18895 1
2.189 1
2.18905 1
2.1891 1
2.18914 1
2.18919 1
2.18924 1
2.18929 1
2.18934 1
2.18939 1
2.18943 1
2.18948 1
2.18953 1
2.18958 1
2.18963 1
2.18967 1
2.18972 1
2.18977 1
2.18982 1
2.18987 1
2.18991 1
2.18996 1
2.19001 1
2.19006 1
2.19011 1
2.19015 1
2.1902 1
2.19025 1
2.1903 1
2.19035 1
2.19039 1
2.19044 1
2.19049 1
2.19054 1
2.19059 1
2.19063 1
2.19068 1
2.19073 1
2.19078 1
2.19083 1
2.19088 1
2.19092 1
2.19097 1
2.19102 1
2.19107 1
2.19112 1
2.19116 1
2.19121 1
2.19126 1
2.19131 1
2.19136 1
2.1914 1
2.19145 1
2.1915 1
2.19155 1
2.1916 1
2.19164 1
2.19169 1
2.19174 1
2.19179 1
2.19184 1
2.19188 1
2.19193 1
2.19198 1
2.19203 1
2.19208 1
2.19212 1
2.19217 1
2.19222 1
2.19227 1
2.19232 1
2.19237 1
2.19241 1
2.19246 1
2.19251 1
2.19256 1
2.19261 1
2.19265 1
2.1927 1
2.19275 1
2.1928 1
2.19285 1
2.19289 1
2.19294 1
2.19299 1
2.19304 1
2.19309 1
2.19313 1
2.19318 1
2.19323 1
2.19328 1
2.19333 1
2.19337 1
2.19342 1
2.19347 1
2.19352 1
2.19357 1
2.19361 1
2.19366 1
2.19371 1
2.19376 1
2.19381 1
2.19386 1
2.1939 1
2.19395 1
2.194 1
2.19405 1
2.1941 1
2.19414 1
2.19419 1
2.19424 1
2.19429 1
2.19434 1
2.19438 1
2.19443 1
2.19448 1
2.19453 1
2.19458 1
2.19462 1
2.19467 1
2.19472 1
2.19477 1
2.19482 1
2.19486 1
2.19491 1
2.19496 1
2.19501 1
2.19506 1
2.1951 1
2.19515 1
2.1952 1
2.19525 1
2.1953 1
2.19535 1
2.19539 1
2.19544 1
2.19549 1
2.19554 1
2.19559 1
2.19563 1
2.19568 1
2.19573 1
2.19578 1
2.19583 1
2.19587 1
2.19592 1
2.19597 1
2.19602 1
2.19607 1
2.19611 1
2.19616 1
2.19621 1
2.19626 1
2.19631 1
2.19635 1
2.1964 1
2.19645 1
2.1965 1
2.19655 1
2.19659 1
2.19664 1
2.19669 1
2.19674 1
2.19679 1
2.19684 1
2.19688 1
2.19693 1
2.19698 1
2.19703 1
2.19708 1
2.19712 1
2.19717 1
2.19722 1
2.19727 1
2.19732 1
2.19736 1
2.19741 1
2.19746 1
2.19751 1
2.19756 1
2.1976 1
2.19765 1
2.1977 1
2.19775 1
2.1978 1
2.19784 1
2.19789 1
2.19794 1
2.19799 1
2.19804 1
2.19808 1
2.19813 1
2.19818 1
2.19823 1
2.19828 1
2.19833 1
2.19837 1
2.19842 1
2.19847 1
2.19852 1
2.19857 1
2.19861 1
2.19866 1
2.19871 1
2.19876 1
2.19881 1
2.19885 1
2.1989 1
2.19895 1
2.199 1
2.19905 1
2.19909 1
2.19914 1
2.19919 1
2.19924 1
2.19929 1
2.19933 1
2.19938 1
2.19943 1
2.19948 1
2.19953 1
2.19957 1
2.19962 1
2.19967 1
2.19972 1
2.19977 1
2.19982 1
2.19986 1
2.19991 1
2.19996 1
2.20001 1
2.20006 1
2.2001 1
2.20015 1
2.2002 1
2.20025 1
2.2003 1
2.20034 1
2.20039 1
2.20044 1
2.20049 1
2.20054 1
2.20058 1
2.20063 1
2.20068 1
2.20073 1
2.20078 1
2.20082 1
2.20087 1
2.20092 1
2.20097 1
2.20102 1
2.20106 1
2.20111 1
2.20116 1
2.20121 1
2.20126 1
2.20131 1
2.20135 1
2.2014 1
2.20145 1
2.2015 1
2.20155 1
2.20159 1
2.20164 1
2.20169 1
2.20174 1
2.20179 1
2.20183 1
2.20188 1
2.20193 1
2.20198 1
2.20203 1
2.20207 1
2.20212 1
2.20217 1
2.20222 1
2.20227 1
2.20231 1
2.20236 1
2.20241 1
2.20246 1
2.20251 1
2.20255 1
2.2026 1
2.20265 1
2.2027 1
2.20275 1
2.2028 1
2.20284 1
2.20289 1
2.20294 1
2.20299 1
2.20304 1
2.20308 1
2.20313 1
2.20318 1
2.20323 1
2.20328 1
2.20332 1
2.20337 1
2.20342 1
2.20347 1
2.20352 1
2.20356 1
2.20361 1
2.20366 1
2.20371 1
2.20376 1
2.2038 1
2.20385 1
2.2039 1
2.20395 1
2.204 1
2.20404 1
2.20409 1
2.20414 1
2.20419 1
2.20424 1
2.20428 1
2.20433 1
2.20438 1
2.20443 1
2.20448 1
2.20453 1
2.20457 1
2.20462 1
2.20467 1
2.20472 1
2.20477 1
2.20481 1
2.20486 1
2.20491 1
2.20496 1
2.20501 1
2.20505 1
2.2051 1
2.20515 1
2.2052 1
2.20525 1
2.20529 1
2.20534 1
2.20539 1
2.20544 1
2.20549 1
2.20553 1
2.20558 1
2.20563 1
2.20568 1
2.20573 1
2.20577 1
2.20582 1
2.20587 1
2.20592 1
2.20597 1
2.20602 1
2.20606 1
2.20611 1
2.20616 1
2.20621 1
2.20626 1
2.2063 1
2.20635 1
2.2064 1
2.20645 1
2.2065 1
2.20654 1
2.20659 1
2.20664 1
2.20669 1
2.20674 1
2.20678 1
2.20683 1
2.20688 1
2.20693 1
2.20698 1
2.20702 1
2.20707 1
2.20712 1
2.20717 1
2.20722 1
2.20726 1
2.20731 1
2.20736 1
2.20741 1
2.20746 1
2.20751 1
2.20755 1
2.2076 1
2.20765 1
2.2077 1
2.20775 1
2.20779 1
2.20784 1
2.20789 1
2.20794 1
2.20799 1
2.20803 1
2.20808 1
2.20813 1
2.20818 1
2.20823 1
2.20827 1
2.20832 1
2.20837 1
2.20842 1
2.20847 1
2.20851 1
2.20856 1
2.20861 1
2.20866 1
2.20871 1
2.20875 1
2.2088 1
2.20885 1
2.2089 1
2.20895 1
2.209 1
2.20904 1
2.20909 1
2.20914 1
2.20919 1
2.20924 1
2.20928 1
2.20933 1
2.20938 1
2.20943 1
2.20948 1
2.20952 1
2.20957 1
2.20962 1
2.20967 1
2.20972 1
2.20976 1
2.20981 1
2.20986 1
2.20991 1
2.20996 1
2.21 1
2.21005 1
2.2101 1
2.21015 1
2.2102 1
2.21024 1
2.21029 1
2.21034 1
2.21039 1
2.21044 1
2.21049 1
2.21053 1
2.21058 1
2.21063 1
2.21068 1
2.21073 1
2.21077 1
2.21082 1
2.21087 1
2.21092 1
2.21097 1
2.21101 1
2.21106 1
2.21111 1
2.21116 1
2.21121 1
2.21125 1
2.2113 1
2.21135 1
2.2114 1
2.21145 1
2.21149 1
2.21154 1
2.21159 1
2.21164 1
2.21169 1
2.21173 1
2.21178 1
2.21183 1
2.21188 1
2.21193 1
2.21198 1
2.21202 1
2.21207 1
2.21212 1
2.21217 1
2.21222 1
2.21226 1
2.21231 1
2.21236 1
2.21241 1
2.21246 1
2.2125 1
2.21255 1
2.2126 1
2.21265 1
2.2127 1
2.21274 1
2.21279 1
2.21284 1
2.21289 1
2.21294 1
2.21298 1
2.21303 1
2.21308 1
2.21313 1
2.21318 1
2.21322 1
2.21327 1
2.21332 1
2.21337 1
2.21342 1
2.21347 1
2.21351 1
2.21356 1
2.21361 1
2.21366 1
2.21371 1
2.21375 1
2.2138 1
2.21385 1
2.2139 1
2.21395 1
2.21399 1
2.21404 1
2.21409 1
2.21414 1
2.21419 1
2.21423 1
2.21428 1
2.21433 1
2.21438 1
2.21443 1
2.21447 1
2.21452 1
2.21457 1
2.21462 1
2.21467 1
2.21471 1
2.21476 1
2.21481 1
2.21486 1
2.21491 1
2.21496 1
2.215 1
2.21505 1
2.2151 1
2.21515 1
2.2152 1
2.21524 1
2.21529 1
2.21534 1
2.21539 1
2.21544 1
2.21548 1
2.21553 1
2.21558 1
2.21563 1
2.21568 1
2.21572 1
2.21577 1
2.21582 1
2.21587 1
2.21592 1
2.21596 1
2.21601 1
2.21606 1
2.21611 1
2.21616 1
2.2162 1
2.21625 1
2.2163 1
2.21635 1
2.2164 1
2.21645 1
2.21649 1
2.21654 1
2.21659 1
2.21664 1
2.21669 1
2.21673 1
2.21678 1
2.21683 1
2.21688 1
2.21693 1
2.21697 1
2.21702 1
2.21707 1
2.21712 1
2.21717 1
2.21721 1
2.21726 1
2.21731 1
2.21736 1
2.21741 1
2.21745 1
2.2175 1
2.21755 1
2.2176 1
2.21765 1
2.21769 1
2.21774 1
2.21779 1
2.21784 1
2.21789 1
2.21794 1
2.21798 1
2.21803 1
2.21808 1
2.21813 1
2.21818 1
2.21822 1
2.21827 1
2.21832 1
2.21837 1
2.21842 1
2.21846 1
2.21851 1
2.21856 1
2.21861 1
2.21866 1
2.2187 1
2.21875 1
2.2188 1
2.21885 1
2.2189 1
2.21894 1
2.21899 1
2.21904 1
2.21909 1
2.21914 1
2.21918 1
2.21923 1
2.21928 1
2.21933 1
2.21938 1
2.21943 1
2.21947 1
2.21952 1
2.21957 1
2.21962 1
2.21967 1
2.21971 1
2.21976 1
2.21981 1
2.21986 1
2.21991 1
2.21995 1
2.22 1
2.22005 1
2.2201 1
2.22015 1
2.22019 1
2.22024 1
2.22029 1
2.22034 1
2.22039 1
2.22043 1
2.22048 1
2.22053 1
2.22058 1
2.22063 1
2.22067 1
2.22072 1
2.22077 1
2.22082 1
2.22087 1
2.22092 1
2.22096 1
2.22101 1
2.22106 1
2.22111 1
2.22116 1
2.2212 1
2.22125 1
2.2213 1
2.22135 1
2.2214 1
2.22144 1
2.22149 1
2.22154 1
2.22159 1
2.22164 1
2.22168 1
2.22173 1
2.22178 1
2.22183 1
2.22188 1
2.22192 1
2.22197 1
2.22202 1
2.22207 1
2.22212 1
2.22216 1
2.22221 1
2.22226 1
2.22231 1
2.22236 1
2.22241 1
2.22245 1
2.2225 1
2.22255 1
2.2226 1
2.22265 1
2.22269 1
2.22274 1
2.22279 1
2.22284 1
2.22289 1
2.22293 1
2.22298 1
2.22303 1
2.22308 1
2.22313 1
2.22317 1
2.22322 1
2.22327 1
2.22332 1
2.22337 1
2.22341 1
2.22346 1
2.22351 1
2.22356 1
2.22361 1
2.22365 1
2.2237 1
2.22375 1
2.2238 1
2.22385 1
2.2239 1
2.22394 1
2.22399 1
2.22404 1
2.22409 1
2.22414 1
2.22418 1
2.22423 1
2.22428 1
2.22433 1
2.22438 1
2.22442 1
2.22447 1
2.22452 1
2.22457 1
2.22462 1
2.22466 1
2.22471 1
2.22476 1
2.22481 1
2.22486 1
2.2249 1
2.22495 1
2.225 1
2.22505 1
2.2251 1
2.22514 1
2.22519 1
2.22524 1
2.22529 1
2.22534 1
2.22539 1
2.22543 1
2.22548 1
2.22553 1
2.22558 1
2.22563 1
2.22567 1
2.22572 1
2.22577 1
2.22582 1
2.22587 1
2.22591 1
2.22596 1
2.22601 1
2.22606 1
2.22611 1
2.22615 1
2.2262 1
2.22625 1
2.2263 1
2.22635 1
2.22641 1
2.22645 1
2.2265 1
2.22655 1
2.2266 1
2.22665 1
2.22669 1
2.22674 1
2.22679 1
2.22684 1
2.22689 1
2.22694 1
2.22698 1
2.22703 1
2.22708 1
2.22713 1
2.22718 1
2.22722 1
2.22727 1
2.22732 1
2.22737 1
2.22742 1
2.22746 1
2.22751 1
2.22756 1
2.22761 1
2.22766 1
2.2277 1
2.22775 1
2.2278 1
2.22785 1
2.2279 1
2.22794 1
2.22799 1
2.22804 1
2.22809 1
2.22814 1
2.22818 1
2.22823 1
2.22828 1
2.22833 1
2.22838 1
2.22843 1
2.22847 1
2.22852 1
2.22857 1
2.22862 1
2.22867 1
2.22871 1
2.22876 1
2.22881 1
2.22886 1
2.22891 1
2.22895 1
2.229 1
2.22905 1
2.2291 1
2.22915 1
2.22919 1
2.22924 1
2.22929 1
2.22934 1
2.22939 1
2.22943 1
2.22948 1
2.22953 1
2.22958 1
2.22963 1
2.22967 1
2.22972 1
2.22977 1
2.22982 1
2.22987 1
2.22992 1
2.22996 1
2.23001 1
2.23006 1
2.23011 1
2.23016 1
2.2302 1
2.23025 1
2.2303 1
2.23035 1
2.2304 1
2.23044 1
2.23049 1
2.23054 1
2.23059 1
2.23064 1
2.23068 1
2.23073 1
2.23078 1
2.23083 1
2.23088 1
2.23092 1
2.23097 1
2.23102 1
2.23107 1
2.23112 1
2.23116 1
2.23121 1
2.23126 1
2.23131 1
2.23136 1
2.23141 1
2.23145 1
2.2315 1
2.23155 1
2.2316 1
2.23165 1
2.23169 1
2.23174 1
2.23179 1
2.23184 1
2.23189 1
2.23193 1
2.23198 1
2.23203 1
2.23208 1
2.23213 1
2.23217 1
2.23222 1
2.23227 1
2.23232 1
2.23237 1
2.23241 1
2.23246 1
2.23251 1
2.23256 1
2.23261 1
2.23265 1
2.2327 1
2.23275 1
2.2328 1
2.23285 1
2.2329 1
2.23294 1
2.23299 1
2.23304 1
2.23309 1
2.23314 1
2.23318 1
2.23323 1
2.23328 1
2.23333 1
2.23338 1
2.23342 1
2.23347 1
2.23352 1
2.23357 1
2.23362 1
2.23366 1
2.23371 1
2.23376 1
2.23381 1
2.23386 1
2.2339 1
2.23395 1
2.234 1
2.23405 1
2.2341 1
2.23414 1
2.23419 1
2.23424 1
2.23429 1
2.23434 1
2.23439 1
2.23443 1
2.23448 1
2.23453 1
2.23458 1
2.23463 1
2.23467 1
2.23472 1
2.23477 1
2.23482 1
2.23487 1
2.23491 1
2.23496 1
2.23501 1
2.23506 1
2.23511 1
2.23515 1
2.2352 1
2.23525 1
2.2353 1
2.23535 1
2.23539 1
2.23544 1
2.23549 1
2.23554 1
2.23559 1
2.23563 1
2.23568 1
2.23573 1
2.23578 1
2.23583 1
2.23588 1
2.23592 1
2.23597 1
2.23602 1
2.23607 1
2.23612 1
2.23616 1
2.23621 1
2.23626 1
2.23631 1
2.23636 1
2.2364 1
2.23645 1
2.2365 1
2.23655 1
2.2366 1
2.23664 1
2.23669 1
2.23674 1
2.23679 1
2.23684 1
2.23688 1
2.23693 1
2.23698 1
2.23703 1
2.23708 1
2.23712 1
2.23717 1
2.23722 1
2.23727 1
2.23732 1
2.23737 1
2.23741 1
2.23746 1
2.23751 1
2.23756 1
2.23761 1
2.23765 1
2.2377 1
2.23775 1
2.2378 1
2.23785 1
2.23789 1
2.23794 1
2.23799 1
2.23804 1
2.23809 1
2.23813 1
2.23818 1
2.23823 1
2.23828 1
2.23833 1
2.23837 1
2.23842 1
2.23847 1
2.23852 1
2.23857 1
2.23861 1
2.23866 1
2.23871 1
2.23876 1
2.23881 1
2.23886 1
2.2389 1
2.23895 1
2.239 1
2.23905 1
2.2391 1
2.23914 1
2.23919 1
2.23924 1
2.23929 1
2.23934 1
2.23938 1
2.23943 1
2.23948 1
2.23953 1
2.23958 1
2.23962 1
2.23967 1
2.23972 1
2.23977 1
2.23982 1
2.23986 1
2.23991 1
2.23996 1
2.24001 1
2.24006 1
2.2401 1
2.24015 1
2.2402 1
2.24025 1
2.2403 1
2.24035 1
2.24039 1
2.24044 1
2.24049 1
2.24054 1
2.24059 1
2.24063 1
2.24068 1
2.24073 1
2.24078 1
2.24083 1
2.24087 1
2.24092 1
2.24097 1
2.24102 1
2.24107 1
2.24111 1
2.24116 1
2.24121 1
2.24126 1
2.24131 1
2.24135 1
2.2414 1
2.24145 1
2.2415 1
2.24155 1
2.24159 1
2.24164 1
2.24169 1
2.24174 1
2.24179 1
2.24183 1
2.24188 1
2.24193 1
2.24198 1
2.24203 1
2.24208 1
2.24212 1
2.24217 1
2.24222 1
2.24227 1
2.24232 1
2.24236 1
2.24241 1
2.24246 1
2.24251 1
2.24256 1
2.2426 1
2.24265 1
2.2427 1
2.24275 1
2.2428 1
2.24284 1
2.24289 1
2.24294 1
2.24299 1
2.24304 1
2.24308 1
2.24313 1
2.24318 1
2.24323 1
2.24328 1
2.24332 1
2.24337 1
2.24342 1
2.24347 1
2.24352 1
2.24357 1
2.24361 1
2.24366 1
2.24371 1
2.24376 1
2.24381 1
2.24385 1
2.2439 1
2.24395 1
2.244 1
2.24405 1
2.24409 1
2.24414 1
2.24419 1
2.24424 1
2.24429 1
2.24433 1
2.24438 1
2.24443 1
2.24448 1
2.24453 1
2.24457 1
2.24462 1
2.24467 1
2.24472 1
2.24477 1
2.24481 1
2.24486 1
2.24491 1
2.24496 1
2.24501 1
2.24506 1
2.2451 1
2.24515 1
2.2452 1
2.24525 1
2.2453 1
2.24534 1
2.24539 1
2.24544 1
2.24549 1
2.24554 1
2.24558 1
2.24563 1
2.24568 1
2.24573 1
2.24578 1
2.24582 1
2.24587 1
2.24592 1
2.24597 1
2.24602 1
2.24606 1
2.24611 1
2.24616 1
2.24621 1
2.24626 1
2.2463 1
2.24635 1
2.2464 1
2.24645 1
2.2465 1
2.24655 1
2.24659 1
2.24664 1
2.24669 1
2.24674 1
2.24679 1
2.24683 1
2.24688 1
2.24693 1
2.24698 1
2.24703 1
2.24707 1
2.24712 1
2.24717 1
2.24722 1
2.24727 1
2.24731 1
2.24736 1
2.24741 1
2.24746 1
2.24751 1
2.24755 1
2.2476 1
2.24765 1
2.2477 1
2.24775 1
2.24779 1
2.24784 1
2.24789 1
2.24794 1
2.24799 1
2.24804 1
2.24808 1
2.24813 1
2.24818 1
2.24823 1
2.24828 1
2.24832 1
2.24837 1
2.24842 1
2.24847 1
2.24852 1
2.24856 1
2.24861 1
2.24866 1
2.24871 1
2.24876 1
2.2488 1
2.24885 1
2.2489 1
2.24895 1
2.249 1
2.24904 1
2.24909 1
2.24914 1
2.24919 1
2.24924 1
2.24928 1
2.24933 1
2.24938 1
2.24943 1
2.24948 1
2.24953 1
2.24957 1
2.24962 1
2.24967 1
2.24972 1
2.24977 1
2.24981 1
2.24986 1
2.24991 1
2.24996 1
2.25001 1
2.25005 1
2.2501 1
2.25015 1
2.2502 1
2.25025 1
2.25029 1
2.25034 1
2.25039 1
2.25044 1
2.25049 1
2.25053 1
2.25058 1
2.25063 1
2.25068 1
2.25073 1
2.25077 1
2.25082 1
2.25087 1
2.25092 1
2.25097 1
2.25102 1
2.25106 1
2.25111 1
2.25116 1
2.25121 1
2.25126 1
2.2513 1
2.25135 1
2.2514 1
2.25145 1
2.2515 1
2.25154 1
2.25159 1
2.25164 1
2.25169 1
2.25174 1
2.25178 1
2.25183 1
2.25188 1
2.25193 1
2.25198 1
2.25202 1
2.25207 1
2.25212 1
2.25217 1
2.25222 1
2.25226 1
2.25231 1
2.25236 1
2.25241 1
2.25246 1
2.25251 1
2.25255 1
2.2526 1
2.25265 1
2.2527 1
2.25275 1
2.25279 1
2.25284 1
2.25289 1
2.25294 1
2.25299 1
2.25303 1
2.25308 1
2.25313 1
2.25318 1
2.25323 1
2.25327 1
2.25332 1
2.25337 1
2.25342 1
2.25347 1
2.25351 1
2.25356 1
2.25361 1
2.25366 1
2.25371 1
2.25375 1
2.2538 1
2.25385 1
2.2539 1
2.25395 1
2.254 1
2.25404 1
2.25409 1
2.25414 1
2.25419 1
2.25424 1
2.25428 1
2.25433 1
2.25438 1
2.25443 1
2.25448 1
2.25452 1
2.25457 1
2.25462 1
2.25467 1
2.25472 1
2.25476 1
2.25481 1
2.25486 1
2.25491 1
2.25496 1
2.255 1
2.25505 1
2.2551 1
2.25515 1
2.2552 1
2.25524 1
2.25529 1
2.25534 1
2.25539 1
2.25544 1
2.25549 1
2.25553 1
2.25558 1
2.25563 1
2.25568 1
2.25573 1
2.25577 1
2.25582 1
2.25587 1
2.25592 1
2.25597 1
2.25601 1
2.25606 1
2.25611 1
2.25616 1
2.25621 1
2.25625 1
2.2563 1
2.25635 1
2.2564 1
2.25645 1
2.25649 1
2.25654 1
2.25659 1
2.25664 1
2.25669 1
2.25673 1
2.25678 1
2.25683 1
2.25688 1
2.25693 1
2.25698 1
2.25702 1
2.25707 1
2.25712 1
2.25717 1
2.25722 1
2.25726 1
2.25731 1
2.25736 1
2.25741 1
2.25746 1
2.2575 1
2.25755 1
2.2576 1
2.25765 1
2.2577 1
2.25774 1
2.25779 1
2.25784 1
2.25789 1
2.25794 1
2.25798 1
2.25803 1
2.25808 1
2.25813 1
2.25818 1
2.25822 1
2.25827 1
2.25832 1
2.25837 1
2.25842 1
2.25847 1
2.25851 1
2.25856 1
2.25861 1
2.25866 1
2.25871 1
2.25875 1
2.2588 1
2.25885 1
2.2589 1
2.25895 1
2.25899 1
2.25904 1
2.25909 1
2.25914 1
2.25919 1
2.25923 1
2.25928 1
2.25933 1
2.25938 1
2.25943 1
2.25947 1
2.25952 1
2.25957 1
2.25962 1
2.25967 1
2.25971 1
2.25976 1
2.25981 1
2.25986 1
2.25991 1
2.25996 1
2.26 1
2.26005 1
2.2601 1
2.26015 1
2.2602 1
2.26024 1
2.26029 1
2.26034 1
2.26039 1
2.26044 1
2.26048 1
2.26053 1
2.26058 1
2.26063 1
2.26068 1
2.26072 1
2.26077 1
2.26082 1
2.26087 1
2.26092 1
2.26096 1
2.26101 1
2.26106 1
2.26111 1
2.26116 1
2.2612 1
2.26125 1
2.2613 1
2.26135 1
2.2614 1
2.26145 1
2.26149 1
2.26154 1
2.26159 1
2.26164 1
2.26169 1
2.26173 1
2.26178 1
2.26183 1
2.26188 1
2.26193 1
2.26197 1
2.26202 1
2.26207 1
2.26212 1
2.26217 1
2.26221 1
2.26226 1
2.26231 1
2.26236 1
2.26241 1
2.26245 1
2.2625 1
2.26255 1
2.2626 1
2.26265 1
2.26269 1
2.26274 1
2.26279 1
2.26284 1
2.26289 1
2.26294 1
2.26298 1
2.26303 1
2.26308 1
2.26313 1
2.26318 1
2.26322 1
2.26327 1
2.26332 1
2.26337 1
2.26342 1
2.26346 1
2.26351 1
2.26356 1
2.26361 1
2.26366 1
2.2637 1
2.26375 1
2.2638 1
2.26385 1
2.2639 1
2.26394 1
2.26399 1
2.26404 1
2.26409 1
2.26414 1
2.26418 1
2.26423 1
2.26428 1
2.26433 1
2.26438 1
2.26443 1
2.26447 1
2.26452 1
2.26457 1
2.26462 1
2.26467 1
2.26471 1
2.26885 1
2.32037 1
2.34181 1
2.34186 1
2.3419 1
2.34195 1
2.342 1
2.34205 1
2.3421 1
2.34215 1
2.34219 1
2.34224 1
2.34229 1
2.34234 1
2.34239 1
2.34243 1
2.34248 1
2.34253 1
2.34258 1
2.34263 1
2.34267 1
2.34272 1
2.34277 1
2.34282 1
2.34287 1
2.34291 1
2.34296 1
2.34301 1
2.34306 1
2.34311 1
2.34315 1
2.3432 1
2.34325 1
2.3433 1
2.34335 1
2.34339 1
2.34344 1
2.34349 1
2.34354 1
2.34359 1
2.34364 1
2.34368 1
2.34373 1
2.34378 1
2.34383 1
2.34388 1
2.34392 1
2.34397 1
2.34402 1
2.34407 1
2.34412 1
2.34416 1
2.34421 1
2.34426 1
2.34431 1
2.34436 1
2.3444 1
2.34445 1
2.3445 1
2.34455 1
2.3446 1
2.34464 1
2.34469 1
2.34474 1
2.34479 1
2.34484 1
2.34488 1
2.34493 1
2.34498 1
2.34503 1
2.34508 1
2.34513 1
2.34517 1
2.34522 1
2.34527 1
2.34532 1
2.34537 1
2.34541 1
2.34546 1
2.34551 1
2.34556 1
2.34561 1
2.34565 1
2.3457 1
2.34575 1
2.3458 1
2.34585 1
2.34589 1
2.34594 1
2.34599 1
2.34604 1
2.34609 1
2.34613 1
2.34618 1
2.34623 1
2.34628 1
2.34633 1
2.34637 1
2.34642 1
2.34647 1
2.34652 1
2.34657 1
2.34662 1
2.34666 1
2.34671 1
2.34676 1
2.34681 1
2.34686 1
2.3469 1
2.34695 1
2.347 1
2.34705 1
2.3471 1
2.34714 1
2.34719 1
2.34724 1
2.34729 1
2.34734 1
2.34738 1
2.34743 1
2.34748 1
2.34753 1
2.34758 1
2.34762 1
2.34767 1
2.34772 1
2.34777 1
2.34782 1
2.34786 1
2.34791 1
2.34796 1
2.34801 1
2.34806 1
2.34811 1
2.34815 1
2.3482 1
2.34825 1
2.3483 1
2.34835 1
2.34839 1
2.34844 1
2.34849 1
2.34854 1
2.34859 1
2.34863 1
2.34868 1
2.34873 1
2.34878 1
2.34883 1
2.34887 1
2.34892 1
2.34897 1
2.34902 1
2.34907 1
2.34911 1
2.34916 1
2.34921 1
2.34926 1
2.34931 1
2.34935 1
2.3494 1
2.34945 1
2.3495 1
2.34955 1
2.3496 1
2.34964 1
2.34969 1
2.34974 1
2.34979 1
2.34984 1
2.34988 1
2.34993 1
2.34998 1
2.35003 1
2.35008 1
2.35012 1
2.35017 1
2.35022 1
2.35027 1
2.35032 1
2.35036 1
2.35041 1
2.35046 1
2.35051 1
2.35056 1
2.3506 1
2.35065 1
2.3507 1
2.35075 1
2.3508 1
2.35084 1
2.35089 1
2.35094 1
2.35099 1
2.35104 1
2.35109 1
2.35113 1
2.35118 1
2.35123 1
2.35128 1
2.35133 1
2.35137 1
2.35142 1
2.35147 1
2.35152 1
2.35157 1
2.35161 1
2.35166 1
2.35171 1
2.35176 1
2.35181 1
2.35185 1
2.3519 1
2.35195 1
2.352 1
2.35205 1
2.35209 1
2.35214 1
2.35219 1
2.35224 1
2.35229 1
2.35233 1
2.35238 1
2.35243 1
2.35248 1
2.35253 1
2.35258 1
2.35262 1
2.35267 1
2.35272 1
2.35277 1
2.35282 1
2.35286 1
2.35291 1
2.35296 1
2.35301 1
2.35306 1
2.3531 1
2.35315 1
2.3532 1
2.35325 1
2.3533 1
2.35334 1
2.35339 1
2.35344 1
2.35349 1
2.35354 1
2.35358 1
2.35363 1
2.35368 1
2.35373 1
2.35378 1
2.35382 1
2.35387 1
2.35392 1
2.35397 1
2.35402 1
2.35407 1
2.35411 1
2.35416 1
2.35421 1
2.35426 1
2.35431 1
2.35435 1
2.3544 1
2.35445 1
2.3545 1
2.35455 1
2.35459 1
2.35464 1
2.35469 1
2.35474 1
2.35479 1
2.35483 1
2.35488 1
2.35493 1
2.35498 1
2.35503 1
2.35507 1
2.35512 1
2.35517 1
2.35522 1
2.35527 1
2.35531 1
2.35536 1
2.35541 1
2.35546 1
2.35551 1
2.35556 1
2.3556 1
2.35565 1
2.3557 1
2.35575 1
2.3558 1
2.35584 1
2.35589 1
2.35594 1
2.35599 1
2.35604 1
2.35608 1
2.35613 1
2.35618 1
2.35623 1
2.35628 1
2.35632 1
2.35637 1
2.35642 1
2.35647 1
2.35652 1
2.35656 1
2.35661 1
2.35666 1
2.35671 1
2.35676 1
2.3568 1
2.35685 1
2.3569 1
2.35695 1
2.357 1
2.35705 1
2.35709 1
2.35714 1
2.35719 1
2.35724 1
2.35729 1
2.35733 1
2.35738 1
2.35743 1
2.35748 1
2.35753 1
2.35757 1
2.35762 1
2.35767 1
2.35772 1
2.35777 1
2.35781 1
2.35786 1
2.35791 1
2.35796 1
2.35801 1
2.35805 1
2.3581 1
2.35815 1
2.3582 1
2.35825 1
2.35829 1
2.35834 1
2.35839 1
2.35844 1
2.35849 1
2.35854 1
2.35858 1
2.35863 1
2.35868 1
2.35873 1
2.35878 1
2.35882 1
2.35887 1
2.35892 1
2.35897 1
2.35902 1
2.35906 1
2.35911 1
2.35916 1
2.35921 1
2.35926 1
2.3593 1
2.35935 1
2.3594 1
2.35945 1
2.3595 1
2.35954 1
2.35959 1
2.35964 1
2.35969 1
2.35974 1
2.35978 1
2.35983 1
2.35988 1
2.35993 1
2.35998 1
2.36003 1
2.36007 1
2.36012 1
2.36017 1
2.36022 1
2.36027 1
2.36031 1
2.36036 1
2.36041 1
2.36046 1
2.36051 1
2.36055 1
2.3606 1
2.36065 1
2.3607 1
2.36075 1
2.36079 1
2.36084 1
2.36089 1
2.36094 1
2.36099 1
2.36103 1
2.36108 1
2.36113 1
2.36118 1
2.36123 1
2.36127 1
2.36132 1
2.36137 1
2.36142 1
2.36147 1
2.36152 1
2.36156 1
2.36161 1
2.36166 1
2.36171 1
2.36176 1
2.3618 1
2.36185 1
2.3619 1
2.36195 1
2.362 1
2.36204 1
2.36209 1
2.36214 1
2.36219 1
2.36224 1
2.36228 1
2.36233 1
2.36238 1
2.36243 1
2.36248 1
2.36252 1
2.36257 1
2.36262 1
2.36267 1
2.36272 1
2.36276 1
2.36281 1
2.36286 1
2.36291 1
2.36296 1
2.36301 1
2.36305 1
2.3631 1
2.36315 1
2.3632 1
2.36325 1
2.36329 1
2.36334 1
2.36339 1
2.36344 1
2.36349 1
2.36353 1
2.36358 1
2.36363 1
2.36368 1
2.36373 1
2.36377 1
2.36382 1
2.36387 1
2.36392 1
2.36397 1
2.36401 1
2.36406 1
2.36411 1
2.36416 1
2.36421 1
2.36425 1
2.3643 1
2.36435 1
2.3644 1
2.36445 1
2.3645 1
2.36454 1
2.36459 1
2.36464 1
2.36469 1
2.36474 1
2.36478 1
2.36483 1
2.36488 1
2.36493 1
2.36498 1
2.36502 1
2.36507 1
2.36512 1
2.36517 1
2.36522 1
2.36526 1
2.36531 1
2.36536 1
2.36541 1
2.36546 1
2.3655 1
2.36555 1
2.3656 1
2.36565 1
2.3657 1
2.36574 1
2.36579 1
2.36584 1
2.36589 1
2.36594 1
2.36599 1
2.36603 1
2.36608 1
2.36613 1
2.36618 1
2.36623 1
2.36627 1
2.36632 1
2.36637 1
2.36642 1
2.36647 1
2.36651 1
2.36656 1
2.36661 1
2.36666 1
2.36671 1
2.36675 1
2.3668 1
2.36685 1
2.3669 1
2.36695 1
2.36699 1
2.36704 1
2.36709 1
2.36714 1
2.36719 1
2.36723 1
2.36728 1
2.36733 1
2.36738 1
2.36743 1
2.36748 1
2.36752 1
2.36757 1
2.36762 1
2.36767 1
2.36772 1
2.36776 1
2.36781 1
2.36786 1
2.36791 1
2.36796 1
2.368 1
2.36805 1
2.3681 1
2.36815 1
2.3682 1
2.36824 1
2.36829 1
2.36834 1
2.36839 1
2.36844 1
2.36848 1
2.36853 1
2.36858 1
2.36863 1
2.36868 1
2.36872 1
2.36877 1
2.36882 1
2.36887 1
2.36892 1
2.36897 1
2.36901 1
2.36906 1
2.36911 1
2.36916 1
2.36921 1
2.36925 1
2.3693 1
2.36935 1
2.3694 1
2.36945 1
2.36949 1
2.36954 1
2.36959 1
2.36964 1
2.36969 1
2.36973 1
2.36978 1
2.36983 1
2.36988 1
2.36993 1
2.36997 1
2.37002 1
2.37007 1
2.37012 1
2.37017 1
2.37021 1
2.37026 1
2.37031 1
2.37036 1
2.37041 1
2.37046 1
2.3705 1
2.37055 1
2.3706 1
2.37065 1
2.3707 1
2.37074 1
2.37079 1
2.37084 1
2.37089 1
2.37094 1
2.37098 1
2.37103 1
2.37108 1
2.37113 1
2.37118 1
2.37122 1
2.37127 1
2.37132 1
2.37137 1
2.37142 1
2.37146 1
2.37151 1
2.37156 1
2.37161 1
2.37166 1
2.3717 1
2.37175 1
2.3718 1
2.37185 1
2.3719 1
2.37194 1
2.37199 1
2.37204 1
2.37209 1
2.37214 1
2.37219 1
2.37223 1
2.37228 1
2.37233 1
2.37238 1
2.37243 1
2.37247 1
2.37252 1
2.37257 1
2.37262 1
2.37267 1
2.37271 1
2.37276 1
2.37281 1
2.37286 1
2.37291 1
2.37295 1
2.373 1
2.37305 1
2.3731 1
2.37315 1
2.37319 1
2.37324 1
2.37329 1
2.37334 1
2.37339 1
2.37343 1
2.37348 1
2.37353 1
2.37358 1
2.37363 1
2.37368 1
2.37372 1
2.37377 1
2.37382 1
2.37387 1
2.37392 1
2.37396 1
2.37401 1
2.37406 1
2.37411 1
2.37416 1
2.3742 1
2.37425 1
2.3743 1
2.37435 1
2.3744 1
2.37444 1
2.37449 1
2.37454 1
2.37459 1
2.37464 1
2.37468 1
2.37473 1
2.37478 1
2.37483 1
2.37488 1
2.37492 1
2.37497 1
2.37502 1
2.37507 1
2.37512 1
2.37517 1
2.37521 1
2.37526 1
2.37531 1
2.37536 1
2.37541 1
2.37545 1
2.3755 1
2.37555 1
2.3756 1
2.37565 1
2.37569 1
2.37574 1
2.37579 1
2.37584 1
2.37589 1
2.37593 1
2.37598 1
2.37603 1
2.37608 1
2.37613 1
2.37617 1
2.37622 1
2.37627 1
2.37632 1
2.37637 1
2.37641 1
2.37646 1
2.37651 1
2.37656 1
2.37661 1
2.37666 1
2.3767 1
2.37675 1
2.3768 1
2.37685 1
2.3769 1
2.37694 1
2.37699 1
2.37704 1
2.37709 1
2.37714 1
2.37718 1
2.37723 1
2.37728 1
2.37733 1
2.37738 1
2.37742 1
2.37747 1
2.37752 1
2.37757 1
2.37762 1
2.37766 1
2.37771 1
2.37776 1
2.37781 1
2.37786 1
2.3779 1
2.37795 1
2.378 1
2.37805 1
2.3781 1
2.37815 1
2.37819 1
2.37824 1
2.37829 1
2.37834 1
2.37839 1
2.37843 1
2.37848 1
2.37853 1
2.37858 1
2.37863 1
2.37867 1
2.37872 1
2.37877 1
2.37882 1
2.37887 1
2.37891 1
2.37896 1
2.37901 1
2.37906 1
2.37911 1
2.37915 1
2.3792 1
2.37925 1
2.3793 1
2.37935 1
2.37939 1
2.37944 1
2.37949 1
2.37954 1
2.37959 1
2.37964 1
2.37968 1
2.37973 1
2.37978 1
2.37983 1
2.37988 1
2.37992 1
2.37997 1
2.38002 1
2.38007 1
2.38012 1
2.38016 1
2.38021 1
2.38026 1
2.38031 1
2.38036 1
2.3804 1
2.38045 1
2.3805 1
2.38055 1
2.3806 1
2.38064 1
2.38069 1
2.38074 1
2.38079 1
2.38084 1
2.38088 1
2.38093 1
2.38098 1
2.38103 1
2.38108 1
2.38113 1
2.38117 1
2.38122 1
2.38127 1
2.38132 1
2.38137 1
2.38141 1
2.38146 1
2.38151 1
2.38156 1
2.38161 1
2.38165 1
2.3817 1
2.38175 1
2.3818 1
2.38185 1
2.38189 1
2.38194 1
2.38199 1
2.38204 1
2.38209 1
2.38213 1
2.38218 1
2.38223 1
2.38228 1
2.38233 1
2.38237 1
2.38242 1
2.38247 1
2.38252 1
2.38257 1
2.38262 1
2.38266 1
2.38271 1
2.38276 1
2.38281 1
2.38286 1
2.3829 1
2.38296 1
2.38301 1
2.38306 1
2.38311 1
2.38316 1
2.3832 1
2.38325 1
2.3833 1
2.38335 1
2.3834 1
2.38344 1
2.38349 1
2.38354 1
2.38359 1
2.38364 1
2.38368 1
2.38373 1
2.38378 1
2.38383 1
2.38388 1
2.38392 1
2.38397 1
2.38402 1
2.38407 1
2.38412 1
2.38417 1
2.38421 1
2.38426 1
2.38431 1
2.38436 1
2.38441 1
2.38445 1
2.3845 1
2.38455 1
2.3846 1
2.38465 1
2.38469 1
2.38474 1
2.38479 1
2.38484 1
2.38489 1
2.38493 1
2.38498 1
2.38503 1
2.38508 1
2.38513 1
2.38517 1
2.38522 1
2.38527 1
2.38532 1
2.38537 1
2.38541 1
2.38546 1
2.38551 1
2.38556 1
2.38561 1
2.38566 1
2.3857 1
2.38575 1
2.3858 1
2.38585 1
2.3859 1
2.38594 1
2.38599 1
2.38604 1
2.38609 1
2.38614 1
2.38618 1
2.38623 1
2.38628 1
2.38633 1
2.38638 1
2.38642 1
2.38647 1
2.38652 1
2.38657 1
2.38662 1
2.38666 1
2.38671 1
2.38676 1
2.38681 1
2.38686 1
2.3869 1
2.38695 1
2.387 1
2.38705 1
2.3871 1
2.38715 1
2.38719 1
2.38724 1
2.38729 1
2.38734 1
2.38739 1
2.38743 1
2.38748 1
2.38753 1
2.38758 1
2.38763 1
2.38767 1
2.38772 1
2.38777 1
2.38782 1
2.38787 1
2.38791 1
2.38796 1
2.38801 1
2.38806 1
2.38811 1
2.38815 1
2.3882 1
2.38825 1
2.3883 1
2.38835 1
2.38839 1
2.38844 1
2.38849 1
2.38854 1
2.38859 1
2.38864 1
2.38868 1
2.38873 1
2.38878 1
2.38883 1
2.38888 1
2.38892 1
2.38897 1
2.38902 1
2.38907 1
2.38912 1
2.38916 1
2.38921 1
2.38926 1
2.38931 1
2.38936 1
2.3894 1
2.38945 1
2.3895 1
2.38955 1
2.3896 1
2.38964 1
2.38969 1
2.38974 1
2.38979 1
2.38984 1
2.38988 1
2.38993 1
2.38998 1
2.39003 1
2.39008 1
2.39013 1
2.39017 1
2.39022 1
2.39027 1
2.39032 1
2.39037 1
2.39041 1
2.39046 1
2.39051 1
2.39056 1
2.39061 1
2.39065 1
2.3907 1
2.39075 1
2.3908 1
2.39085 1
2.39089 1
2.39094 1
2.39099 1
2.39104 1
2.39109 1
2.39113 1
2.39118 1
2.39123 1
2.39128 1
2.39133 1
2.39137 1
2.39142 1
2.39147 1
2.39152 1
2.39157 1
2.39162 1
2.39166 1
2.39171 1
2.39176 1
2.39181 1
2.39186 1
2.3919 1
2.39195 1
2.392 1
2.39205 1
2.3921 1
2.39214 1
2.39219 1
2.39224 1
2.39229 1
2.39234 1
2.39238 1
2.39243 1
2.39248 1
2.39253 1
2.39258 1
2.39262 1
2.39267 1
2.39272 1
2.39277 1
2.39282 1
2.39286 1
2.39291 1
2.39296 1
2.39301 1
2.39306 1
2.39311 1
2.39315 1
2.3932 1
2.39325 1
2.3933 1
2.39335 1
2.39339 1
2.39344 1
2.39349 1
2.39354 1
2.39359 1
2.39363 1
2.39368 1
2.39373 1
2.39378 1
2.39383 1
2.39387 1
2.39392 1
2.39397 1
2.39402 1
2.39407 1
2.39411 1
2.39416 1
2.39421 1
2.39426 1
2.39431 1
2.39435 1
2.3944 1
2.39445 1
2.3945 1
2.39455 1
2.3946 1
2.39464 1
2.39469 1
2.39474 1
2.39479 1
2.39484 1
2.39488 1
2.39493 1
2.39498 1
2.39503 1
2.39508 1
2.39512 1
2.39517 1
2.39522 1
2.39527 1
2.39532 1
2.39536 1
2.39541 1
2.39546 1
2.39551 1
2.39556 1
2.3956 1
2.39565 1
2.3957 1
2.39575 1
2.3958 1
2.39584 1
2.39589 1
2.39594 1
2.39599 1
2.39604 1
2.39609 1
2.39613 1
2.39618 1
2.39623 1
2.39628 1
2.39633 1
2.39637 1
2.39642 1
2.39647 1
2.39652 1
2.39657 1
2.39661 1
2.39666 1
2.39671 1
2.39676 1
2.39681 1
2.39685 1
2.3969 1
2.39695 1
2.397 1
2.39705 1
2.39709 1
2.39714 1
2.39719 1
2.39724 1
2.39729 1
2.39733 1
2.39738 1
2.39743 1
2.39748 1
2.39753 1
2.39758 1
2.39762 1
2.39767 1
2.39772 1
2.39777 1
2.39782 1
2.39786 1
2.39791 1
2.39796 1
2.39801 1
2.39806 1
2.3981 1
2.39815 1
2.3982 1
2.39825 1
2.3983 1
2.39834 1
2.39839 1
2.39844 1
2.39849 1
2.39854 1
2.39858 1
2.39863 1
2.39868 1
2.39873 1
2.39878 1
2.39882 1
2.39887 1
2.39892 1
2.39897 1
2.39902 1
2.39907 1
2.39911 1
2.39916 1
2.39921 1
2.39926 1
2.39931 1
2.39935 1
2.3994 1
2.39945 1
2.3995 1
2.39955 1
2.39959 1
2.39964 1
2.39969 1
2.39974 1
2.39979 1
2.39983 1
2.39988 1
2.39993 1
2.39998 1
2.40003 1
2.40007 1
2.40012 1
2.40017 1
2.40022 1
2.40027 1
2.40031 1
2.40036 1
2.40041 1
2.40046 1
2.40051 1
2.40056 1
2.4006 1
2.40065 1
2.4007 1
2.40075 1
2.4008 1
2.40084 1
2.40089 1
2.40094 1
2.40099 1
2.40104 1
2.40108 1
2.40113 1
2.40118 1
2.40123 1
2.40128 1
2.40132 1
2.40137 1
2.40142 1
2.40147 1
2.40152 1
2.40156 1
2.40161 1
2.40166 1
2.40171 1
2.40176 1
2.4018 1
2.40185 1
2.4019 1
2.40195 1
2.402 1
2.40205 1
2.40209 1
2.40214 1
2.40219 1
2.40224 1
2.40229 1
2.40233 1
2.40238 1
2.40243 1
2.40248 1
2.40253 1
2.40257 1
2.40262 1
2.40267 1
2.40272 1
2.40277 1
2.40281 1
2.40286 1
2.40291 1
2.40296 1
2.40301 1
2.40305 1
2.4031 1
2.40315 1
2.4032 1
2.40325 1
2.40329 1
2.40334 1
2.40339 1
2.40344 1
2.40349 1
2.40354 1
2.40358 1
2.40363 1
2.40368 1
2.40373 1
2.40378 1
2.40382 1
2.40387 1
2.40392 1
2.40397 1
2.40402 1
2.40406 1
2.40411 1
2.40416 1
2.40421 1
2.40426 1
2.4043 1
2.40435 1
2.4044 1
2.40445 1
2.4045 1
2.40454 1
2.40459 1
2.40464 1
2.40469 1
2.40474 1
2.40478 1
2.40483 1
2.40488 1
2.40493 1
2.40498 1
2.40503 1
2.40507 1
2.40512 1
2.40517 1
2.40522 1
2.40527 1
2.40531 1
2.40536 1
2.40541 1
2.40546 1
2.40551 1
2.40555 1
2.4056 1
2.40565 1
2.4057 1
2.40575 1
2.40579 1
2.40584 1
2.40589 1
2.40594 1
2.40599 1
2.40603 1
2.40608 1
2.40613 1
2.40618 1
2.40623 1
2.40627 1
2.40632 1
2.40637 1
2.40642 1
2.40647 1
2.40652 1
2.40656 1
2.40661 1
2.40666 1
2.40671 1
2.40676 1
2.4068 1
2.40685 1
2.4069 1
2.40695 1
2.407 1
2.40704 1
2.40709 1
2.40714 1
2.40719 1
2.40724 1
2.40728 1
2.40733 1
2.40738 1
2.40743 1
2.40748 1
2.40752 1
2.40757 1
2.40762 1
2.40767 1
2.40772 1
2.40776 1
2.40781 1
2.40786 1
2.40791 1
2.40796 1
2.40801 1
2.40805 1
2.4081 1
2.40815 1
2.4082 1
2.40825 1
2.40829 1
2.40834 1
2.40839 1
2.40844 1
2.40849 1
2.40853 1
2.40858 1
2.40863 1
2.40868 1
2.40873 1
2.40877 1
2.40882 1
2.40887 1
2.40892 1
2.40897 1
2.40901 1
2.40906 1
2.40911 1
2.40916 1
2.40921 1
2.40925 1
2.4093 1
2.40935 1
2.4094 1
2.40945 1
2.40949 1
2.40954 1
2.40959 1
2.40964 1
2.40969 1
2.40974 1
2.40978 1
2.40983 1
2.40988 1
2.40993 1
2.40998 1
2.41002 1
2.41007 1
2.41012 1
2.41017 1
2.41022 1
2.41026 1
2.41031 1
2.41036 1
2.41041 1
2.41046 1
2.4105 1
2.41055 1
2.4106 1
2.41065 1
2.4107 1
2.41074 1
2.41079 1
2.41084 1
2.41089 1
2.41094 1
2.41098 1
2.41103 1
2.41108 1
2.41113 1
2.41118 1
2.41123 1
2.41127 1
2.41132 1
2.41137 1
2.41142 1
2.41147 1
2.41151 1
2.41156 1
2.41161 1
2.41166 1
2.41171 1
2.41175 1
2.4118 1
2.41185 1
2.4119 1
2.41195 1
2.41199 1
2.41204 1
2.41209 1
2.41214 1
2.41219 1
2.41223 1
2.41228 1
2.41233 1
2.41238 1
2.41243 1
2.41247 1
2.41252 1
2.41257 1
2.41262 1
2.41267 1
2.41272 1
2.41276 1
2.41281 1
2.41286 1
2.41291 1
2.41296 1
2.413 1
2.41305 1
2.4131 1
2.41315 1
2.4132 1
2.41324 1
2.41329 1
2.41334 1
2.41339 1
2.41344 1
2.41348 1
2.41353 1
2.41358 1
2.41363 1
2.41368 1
2.41372 1
2.41377 1
2.41382 1
2.41387 1
2.41392 1
2.41396 1
2.41401 1
2.41406 1
2.41411 1
2.41416 1
2.41421 1
2.41425 1
2.4143 1
2.41435 1
2.4144 1
2.41445 1
2.41449 1
2.41454 1
2.41459 1
2.41464 1
2.41469 1
2.41473 1
2.41478 1
2.41483 1
2.41488 1
2.41493 1
2.41497 1
2.41502 1
2.41507 1
2.41512 1
2.41517 1
2.41521 1
2.41526 1
2.41531 1
2.41536 1
2.41541 1
2.41545 1
2.4155 1
2.41555 1
2.4156 1
2.41565 1
2.4157 1
2.41574 1
2.41579 1
2.41584 1
2.41589 1
2.41594 1
2.41598 1
2.41603 1
2.41608 1
2.41613 1
2.41618 1
2.41622 1
2.41627 1
2.41632 1
2.41637 1
2.41642 1
2.41646 1
2.41651 1
2.41656 1
2.41661 1
2.41666 1
2.4167 1
2.41675 1
2.4168 1
2.41685 1
2.4169 1
2.41694 1
2.41699 1
2.41704 1
2.41709 1
2.41714 1
2.41719 1
2.41723 1
2.41728 1
2.41733 1
2.41738 1
2.41743 1
2.41747 1
2.41752 1
2.41757 1
2.41762 1
2.41767 1
2.41771 1
2.41776 1
2.41781 1
2.41786 1
2.41791 1
2.41795 1
2.418 1
2.41805 1
2.4181 1
2.41815 1
2.41819 1
2.41824 1
2.41829 1
2.41834 1
2.41839 1
2.41843 1
2.41848 1
2.41853 1
2.41858 1
2.41863 1
2.41868 1
2.41872 1
2.41877 1
2.41882 1
2.41887 1
2.41892 1
2.41896 1
2.41901 1
2.41906 1
2.41911 1
2.41916 1
2.4192 1
2.41925 1
2.4193 1
2.41935 1
2.4194 1
2.41944 1
2.41949 1
2.41954 1
2.41959 1
2.41964 1
2.41968 1
2.41973 1
2.41978 1
2.41983 1
2.41988 1
2.41992 1
2.41997 1
2.42002 1
2.42007 1
2.42012 1
2.42017 1
2.42021 1
2.42026 1
2.42031 1
2.42036 1
2.42041 1
2.42045 1
2.4205 1
2.42055 1
2.4206 1
2.42065 1
2.42069 1
2.42074 1
2.42079 1
2.42084 1
2.42089 1
2.42093 1
2.42098 1
2.42103 1
2.42108 1
2.42113 1
2.42117 1
2.42122 1
2.42127 1
2.42132 1
2.42137 1
2.42141 1
2.42146 1
2.42151 1
2.42156 1
2.42161 1
2.42166 1
2.4217 1
2.42175 1
2.4218 1
2.42185 1
2.4219 1
2.42194 1
2.42199 1
2.42204 1
2.42209 1
2.42214 1
2.42218 1
2.42223 1
2.42228 1
2.42233 1
2.42238 1
2.42242 1
2.42247 1
2.42252 1
2.42257 1
2.42262 1
2.42266 1
2.42271 1
2.42276 1
2.42281 1
2.42286 1
2.4229 1
2.42295 1
2.423 1
2.42305 1
2.4231 1
2.42315 1
2.42319 1
2.42324 1
2.42329 1
2.42334 1
2.42339 1
2.42343 1
2.42348 1
2.42353 1
2.42358 1
2.42363 1
2.42367 1
2.42372 1
2.42377 1
2.42382 1
2.42387 1
2.42391 1
2.42396 1
2.42401 1
2.42406 1
2.42411 1
2.42415 1
2.4242 1
2.42425 1
2.4243 1
2.42435 1
2.42439 1
2.42444 1
2.42449 1
2.42454 1
2.42459 1
2.42464 1
2.42468 1
2.42473 1
2.42478 1
2.42483 1
2.42488 1
2.42492 1
2.42497 1
2.42502 1
2.42507 1
2.42512 1
2.42516 1
2.42521 1
2.42526 1
2.42531 1
2.42536 1
2.4254 1
2.42545 1
2.4255 1
2.42555 1
2.4256 1
2.42564 1
2.42569 1
2.42574 1
2.42579 1
2.42584 1
2.42588 1
2.42593 1
2.42598 1
2.42603 1
2.42608 1
2.42613 1
2.42617 1
2.42622 1
2.42627 1
2.42632 1
2.42637 1
2.42641 1
2.42646 1
2.42651 1
2.42656 1
2.42661 1
2.42665 1
2.4267 1
2.42675 1
2.4268 1
2.42685 1
2.42689 1
2.42694 1
2.42699 1
2.42704 1
2.42709 1
2.42713 1
2.42718 1
2.42723 1
2.42728 1
2.42733 1
2.42737 1
2.42742 1
2.42747 1
2.42752 1
2.42757 1
2.42762 1
2.42766 1
2.42771 1
2.42776 1
2.42781 1
2.42786 1
2.4279 1
2.42795 1
2.428 1
2.42805 1
2.4281 1
2.42814 1
2.42819 1
2.42824 1
2.42829 1
2.42834 1
2.42838 1
2.42843 1
2.42848 1
2.42853 1
2.42858 1
2.42862 1
2.42867 1
2.42872 1
2.42877 1
2.42882 1
2.42886 1
2.42891 1
2.42896 1
2.42901 1
2.42906 1
2.42911 1
2.42915 1
2.4292 1
2.42925 1
2.4293 1
2.42935 1
2.42939 1
2.42944 1
2.42949 1
2.42954 1
2.42959 1
2.42963 1
2.42968 1
2.42973 1
2.42978 1
2.42983 1
2.42987 1
2.42992 1
2.42997 1
2.43002 1
2.43007 1
2.43011 1
2.43016 1
2.43021 1
2.43026 1
2.43031 1
2.43035 1
2.4304 1
2.43045 1
2.4305 1
2.43055 1
2.4306 1
2.43064 1
2.43069 1
2.43074 1
2.43079 1
2.43084 1
2.43088 1
2.43093 1
2.43098 1
2.43103 1
2.43108 1
2.43112 1
2.43117 1
2.43122 1
2.43127 1
2.43132 1
2.43136 1
2.43141 1
2.43146 1
2.43151 1
2.43156 1
2.4316 1
2.43165 1
2.4317 1
2.43175 1
2.4318 1
2.43184 1
2.43189 1
2.43194 1
2.43199 1
2.43204 1
2.43209 1
2.43213 1
2.43218 1
2.43223 1
2.43228 1
2.43233 1
2.43237 1
2.43242 1
2.43247 1
2.43252 1
2.43257 1
2.43261 1
2.43266 1
2.43271 1
2.43276 1
2.43281 1
2.43285 1
2.4329 1
2.43295 1
2.433 1
2.43305 1
2.43309 1
2.43314 1
2.43319 1
2.43324 1
2.43329 1
2.43333 1
2.43338 1
2.43343 1
2.43348 1
2.43353 1
2.43358 1
2.43362 1
2.43367 1
2.43372 1
2.43377 1
2.43382 1
2.43386 1
2.43391 1
2.43396 1
2.43401 1
2.43406 1
2.4341 1
2.43415 1
2.4342 1
2.43425 1
2.4343 1
2.43434 1
2.43439 1
2.43444 1
2.43449 1
2.43454 1
2.43458 1
2.43463 1
2.43468 1
2.43473 1
2.43478 1
2.43482 1
2.43487 1
2.43492 1
2.43497 1
2.43502 1
2.43507 1
2.43511 1
2.43516 1
2.43521 1
2.43526 1
2.43531 1
2.43535 1
2.4354 1
2.43545 1
2.4355 1
2.43555 1
2.43559 1
2.43564 1
2.43569 1
2.43574 1
2.43579 1
2.43583 1
2.43588 1
2.43593 1
2.43598 1
2.43603 1
2.43607 1
2.43612 1
2.43617 1
2.43622 1
2.43627 1
2.43631 1
2.43636 1
2.43641 1
2.43646 1
2.43651 1
2.43656 1
2.4366 1
2.43665 1
2.4367 1
2.43675 1
2.4368 1
2.43684 1
2.43689 1
2.43694 1
2.43699 1
2.43704 1
2.43708 1
2.43713 1
2.43718 1
2.43723 1
2.43728 1
2.43732 1
2.43737 1
2.43742 1
2.43747 1
2.43752 1
2.43756 1
2.43761 1
2.43766 1
2.43771 1
2.43776 1
2.4378 1
2.43785 1
2.4379 1
2.43795 1
2.438 1
2.43805 1
2.43809 1
2.43814 1
2.43819 1
2.43824 1
2.43829 1
2.43833 1
2.43838 1
2.43843 1
2.43848 1
2.43853 1
2.43857 1
2.43862 1
2.43867 1
2.43872 1
2.43877 1
2.43881 1
2.43886 1
2.43891 1
2.43896 1
2.43901 1
2.43905 1
2.4391 1
2.43915 1
2.4392 1
2.43925 1
2.43929 1
2.43934 1
2.43939 1
2.43944 1
2.43949 1
2.43953 1
2.43958 1
2.43963 1
2.43968 1
2.43973 1
2.43978 1
2.43982 1
2.43987 1
2.43992 1
2.43997 1
2.44002 1
2.44006 1
2.44011 1
2.44016 1
2.44021 1
2.44026 1
2.4403 1
2.44035 1
2.4404 1
2.44045 1
2.4405 1
2.44054 1
2.44059 1
2.44064 1
2.44069 1
2.44074 1
2.44078 1
2.44083 1
2.44088 1
2.44093 1
2.44098 1
2.44102 1
2.44107 1
2.44112 1
2.44117 1
2.44122 1
2.44127 1
2.44131 1
2.44136 1
2.44141 1
2.44146 1
2.44151 1
2.44155 1
2.4416 1
2.44165 1
2.4417 1
2.44175 1
2.44179 1
2.44184 1
2.44189 1
2.44194 1
2.44199 1
2.44203 1
2.44208 1
2.44213 1
2.44218 1
2.44223 1
2.44227 1
2.44232 1
2.44237 1
2.44242 1
2.44247 1
2.44251 1
2.44256 1
2.44261 1
2.44266 1
2.44271 1
2.44276 1
2.4428 1
2.44285 1
2.4429 1
2.44295 1
2.443 1
2.44304 1
2.44309 1
2.44314 1
2.44319 1
2.44324 1
2.44328 1
2.44333 1
2.44338 1
2.44343 1
2.44348 1
2.44352 1
2.44357 1
2.44362 1
2.44367 1
2.44372 1
2.44376 1
2.44381 1
2.44386 1
2.44391 1
2.44396 1
2.444 1
2.44405 1
2.4441 1
2.44415 1
2.4442 1
2.44425 1
2.44429 1
2.44434 1
2.44439 1
2.44444 1
2.44449 1
2.44453 1
2.44458 1
2.44463 1
2.44468 1
2.44473 1
2.44477 1
2.44482 1
2.44487 1
2.44492 1
2.44497 1
2.44501 1
2.44506 1
2.44511 1
2.44516 1
2.44521 1
2.44525 1
2.4453 1
2.44535 1
2.4454 1
2.44545 1
2.44549 1
2.44554 1
2.44559 1
2.44564 1
2.44569 1
2.44574 1
2.44578 1
2.44583 1
2.44588 1
2.44593 1
2.44598 1
2.44602 1
2.44607 1
2.44612 1
2.44617 1
2.44622 1
2.44626 1
2.44631 1
2.44636 1
2.44641 1
2.44646 1
2.4465 1
2.44655 1
2.4466 1
2.44665 1
2.4467 1
