2.29214 1
2.29267 1
2.29336 1
2.29387 1
2.29455 1
2.29508 1
2.29577 1
2.29627 1
2.29695 1
2.29747 1
2.29797 1
2.29864 1
2.29915 1
2.29964 1
2.30031 1
2.30082 1
2.30132 1
2.30182 1
2.30248 1
2.30297 1
2.30347 1
2.30396 1
2.30446 1
2.30494 1
2.3056 1
2.3061 1
2.30658 1
2.30707 1
2.30755 1
2.30804 1
2.30852 1
2.30901 1
2.30949 1
2.30997 1
2.31044 1
2.31093 1
2.3114 1
2.31188 1
2.31235 1
2.31283 1
2.3133 1
2.31378 1
2.31425 1
2.31472 1
2.31503 1
2.31549 1
2.31597 1
2.31643 1
2.3169 1
2.31736 1
2.31766 1
2.31813 1
2.31859 1
2.31905 1
2.31936 1
2.31981 1
2.32027 1
2.32072 1
2.32103 1
2.32148 1
2.32193 1
2.32223 1
2.32269 1
2.32313 1
2.32343 1
2.32388 1
2.32432 1
2.32462 1
2.32507 1
2.32536 1
2.3258 1
2.32625 1
2.32654 1
2.32697 1
2.32726 1
2.3277 1
2.32799 1
2.32843 1
2.32871 1
2.32915 1
2.32943 1
2.32986 1
2.33014 1
2.33057 1
2.33086 1
2.33128 1
2.33157 1
2.33185 1
2.33227 1
2.33255 1
2.33297 1
2.33325 1
2.33353 1
2.33395 1
2.33423 1
2.33464 1
2.33492 1
2.3352 1
2.33561 1
2.33589 1
2.33616 1
2.33657 1
2.33685 1
2.33712 1
2.33753 1
2.3378 1
2.33808 1
2.33849 1
2.33876 1
2.33903 1
2.3393 1
2.33971 1
2.33998 1
2.34025 1
2.34065 1
2.34092 1
2.34119 1
2.34146 1
2.34187 1
2.34213 1
2.3424 1
2.34267 1
2.34307 1
2.34334 1
2.3436 1
2.34387 1
2.34427 1
2.34453 1
2.3448 1
2.34506 1
2.34546 1
2.34572 1
2.34598 1
2.34625 1
2.34651 1
2.3469 1
2.34717 1
2.34743 1
2.34769 1
2.34795 1
2.34834 1
2.3486 1
2.34886 1
2.34912 1
2.34938 1
2.34964 1
2.35003 1
2.35029 1
2.35055 1
2.3508 1
2.35106 1
2.35132 1
2.3517 1
2.35196 1
2.35222 1
2.35247 1
2.35273 1
2.35298 1
2.35324 1
2.35362 1
2.35387 1
2.35413 1
2.35438 1
2.35463 1
2.35489 1
2.35514 1
2.35539 1
2.35565 1
2.35602 1
2.35627 1
2.35652 1
2.35677 1
2.35702 1
2.35727 1
2.35752 1
2.35777 1
2.35802 1
2.35827 1
2.35852 1
2.35877 1
2.35901 1
2.35939 1
2.35963 1
2.35988 1
2.36013 1
2.36038 1
2.36062 1
2.36087 1
2.36111 1
2.36136 1
2.3616 1
2.36185 1
2.36209 1
2.36234 1
2.36258 1
2.36282 1
2.36307 1
2.36331 1
2.36356 1
2.3638 1
2.36404 1
2.36428 1
2.36452 1
2.36477 1
2.36501 1
2.36525 1
2.36549 1
2.36573 1
2.36597 1
2.36621 1
2.36645 1
2.36669 1
2.36693 1
2.36717 1
2.36741 1
2.36764 1
2.36788 1
2.36812 1
2.36836 1
2.3686 1
2.36883 1
2.36907 1
2.36931 1
2.36954 1
2.36978 1
2.37001 1
2.37025 1
2.37048 1
2.37072 1
2.37095 1
2.37119 1
2.37142 1
2.37166 1
2.37189 1
2.37212 1
2.37235 1
2.37247 1
2.3727 1
2.37294 1
2.37317 1
2.3734 1
2.37363 1
2.37386 1
2.37409 1
2.37432 1
2.37455 1
2.37478 1
2.37501 1
2.37524 1
2.37535 1
2.37558 1
2.37581 1
2.37604 1
2.37627 1
2.37649 1
2.37672 1
2.37695 1
2.37717 1
2.3774 1
2.37751 1
2.37774 1
2.37797 1
2.37819 1
2.37842 1
2.37864 1
2.37887 1
2.37909 1
2.37932 1
2.37943 1
2.37965 1
2.37988 1
2.3801 1
2.38033 1
2.38055 1
2.38077 1
2.38088 1
2.38111 1
2.38133 1
2.38155 1
2.38178 1
2.38202 1
2.38226 1
2.3825 1
2.38274 1
2.38298 1
2.38322 1
2.38346 1
2.3837 1
2.38394 1
2.38418 1
2.38442 1
2.38466 1
2.3849 1
2.38514 1
2.38538 1
2.38562 1
2.38586 1
2.3861 1
2.38634 1
2.38658 1
2.38682 1
2.38706 1
2.3873 1
2.38754 1
2.38778 1
2.38802 1
2.38826 1
2.3885 1
2.38874 1
2.38898 1
2.38922 1
2.38946 1
2.3897 1
2.38994 1
2.39018 1
2.39043 1
2.39067 1
2.39091 1
2.39115 1
2.39139 1
2.39163 1
2.39187 1
2.39211 1
2.39235 1
2.39259 1
2.39283 1
2.39307 1
2.39331 1
2.39355 1
2.39379 1
2.39403 1
2.39427 1
2.39451 1
2.39475 1
2.39499 1
2.39523 1
2.39547 1
2.39571 1
2.39595 1
2.39619 1
2.39643 1
2.39667 1
2.39691 1
2.39715 1
2.39739 1
2.39763 1
2.39787 1
2.39811 1
2.39835 1
2.39859 1
2.39883 1
2.39907 1
2.39931 1
2.39955 1
2.39979 1
2.40003 1
2.40027 1
2.40051 1
2.40076 1
2.401 1
2.40124 1
2.40148 1
2.40172 1
2.40196 1
2.4022 1
2.40244 1
2.40268 1
2.40292 1
2.40316 1
2.4034 1
2.40364 1
2.40388 1
2.40412 1
2.40436 1
2.4046 1
2.40484 1
2.40508 1
2.40532 1
2.40556 1
2.4058 1
2.40604 1
2.40628 1
2.40652 1
2.40676 1
2.407 1
2.40724 1
2.40748 1
2.40772 1
2.40796 1
2.4082 1
2.40844 1
2.40868 1
2.40892 1
2.40916 1
2.4094 1
2.40964 1
2.40988 1
2.41012 1
2.41036 1
2.4106 1
2.41085 1
2.41109 1
2.41133 1
2.41157 1
2.41181 1
2.41205 1
2.41229 1
2.41253 1
2.41277 1
2.41301 1
2.41325 1
2.41349 1
2.41373 1
2.41397 1
2.41421 1
2.41445 1
2.41469 1
2.41493 1
2.41517 1
2.41541 1
2.41565 1
2.41589 1
2.41613 1
2.41637 1
2.41661 1
2.41685 1
2.41709 1
2.41733 1
2.41757 1
2.41781 1
2.41805 1
2.41829 1
2.41853 1
2.41877 1
2.41901 1
2.41925 1
2.41949 1
2.41973 1
2.41998 1
2.42022 1
2.42046 1
2.4207 1
2.42094 1
2.42118 1
2.42142 1
2.42166 1
2.4219 1
2.42214 1
2.42238 1
2.42262 1
2.42286 1
2.4231 1
2.42334 1
2.42358 1
2.42382 1
2.42406 1
2.4243 1
2.42454 1
2.42478 1
2.42502 1
2.42526 1
2.4255 1
2.42574 1
2.42598 1
2.42622 1
2.42646 1
2.4267 1
2.42694 1
2.42718 1
2.42742 1
2.42766 1
2.4279 1
2.42814 1
2.42838 1
2.42862 1
2.42886 1
2.42911 1
2.42935 1
2.42959 1
2.42983 1
2.43007 1
2.43031 1
2.43055 1
2.43079 1
2.43103 1
2.43127 1
2.43151 1
2.43175 1
2.43199 1
2.43223 1
2.43247 1
2.43271 1
2.43295 1
2.43319 1
2.43343 1
2.43367 1
2.43391 1
2.43415 1
2.43439 1
2.43463 1
2.43487 1
2.43511 1
2.43535 1
2.43559 1
2.43583 1
2.43607 1
2.43631 1
2.43655 1
2.43679 1
2.43703 1
2.43727 1
2.43751 1
2.43775 1
2.438 1
2.43824 1
2.43848 1
2.43872 1
2.43896 1
2.4392 1
2.43944 1
2.43968 1
2.43992 1
2.44016 1
2.4404 1
2.44064 1
2.44088 1
2.44112 1
2.44136 1
2.4416 1
2.44184 1
2.44208 1
2.44232 1
2.44256 1
2.4428 1
2.44304 1
2.44328 1
2.44352 1
2.44376 1
2.444 1
2.44424 1
2.44448 1
2.44472 1
2.44496 1
2.4452 1
2.44544 1
2.44568 1
2.44592 1
2.44616 1
2.4464 1
2.44665 1
2.44689 1
2.44713 1
2.44737 1
2.44761 1
2.44785 1
2.44809 1
2.44833 1
2.44857 1
2.44881 1
2.44905 1
2.44929 1
2.44953 1
2.44977 1
2.45001 1
2.45025 1
2.45049 1
2.45073 1
2.45097 1
2.45121 1
2.45145 1
2.45169 1
2.45193 1
2.45217 1
2.45241 1
2.45265 1
2.45289 1
2.45313 1
2.45337 1
2.45361 1
2.45385 1
2.45409 1
2.45433 1
2.45457 1
2.45481 1
2.45506 1
2.4553 1
2.45554 1
2.45578 1
2.45602 1
2.45626 1
2.4565 1
2.45674 1
2.45698 1
2.45722 1
2.45746 1
2.4577 1
2.45794 1
2.45818 1
2.45842 1
2.45866 1
2.4589 1
2.45914 1
2.56055 1
2.56079 1
2.56103 1
2.56127 1
2.56151 1
2.56175 1
2.56199 1
2.56224 1
2.56248 1
2.56272 1
2.56296 1
2.5632 1
2.56344 1
2.56368 1
2.56392 1
2.56416 1
2.5644 1
2.56464 1
2.56488 1
2.56512 1
2.56536 1
2.5656 1
2.56584 1
2.56608 1
2.56632 1
2.56656 1
2.5668 1
2.56704 1
2.56728 1
2.56752 1
2.56776 1
2.568 1
2.56824 1
2.56848 1
2.56872 1
2.56896 1
2.5692 1
2.56944 1
2.56969 1
2.56993 1
2.57017 1
2.57041 1
2.57065 1
2.57089 1
2.57113 1
2.57137 1
2.57161 1
2.57185 1
2.57209 1
2.57233 1
2.57257 1
2.57281 1
2.57305 1
2.57329 1
2.57353 1
2.57377 1
2.57401 1
2.57425 1
2.57449 1
2.57473 1
2.57497 1
2.57521 1
2.57545 1
2.57569 1
2.57593 1
2.57617 1
2.57641 1
2.57665 1
2.57689 1
2.57714 1
2.57738 1
2.57762 1
2.57786 1
2.5781 1
2.57834 1
2.57858 1
2.57882 1
2.57906 1
2.5793 1
2.57954 1
2.57978 1
2.58002 1
2.58026 1
2.5805 1
2.58074 1
2.58098 1
2.58122 1
2.58146 1
2.5817 1
2.58194 1
2.58218 1
2.58242 1
2.58266 1
2.5829 1
2.58314 1
2.58338 1
2.58362 1
2.58386 1
2.5841 1
2.58434 1
2.58458 1
2.58483 1
2.58507 1
2.58531 1
2.58555 1
2.58579 1
2.58603 1
2.58627 1
2.58651 1
2.58675 1
2.58699 1
2.58723 1
2.58747 1
2.58771 1
2.58795 1
2.58819 1
2.58843 1
2.58867 1
2.58891 1
2.58915 1
2.58939 1
2.58963 1
2.58987 1
2.59011 1
2.59035 1
2.59059 1
2.59083 1
2.59107 1
2.59131 1
2.59155 1
2.59179 1
2.59203 1
2.59228 1
2.59252 1
2.59276 1
2.593 1
2.59324 1
2.59348 1
2.59372 1
2.59396 1
2.5942 1
2.59444 1
2.59468 1
2.59492 1
2.59516 1
2.5954 1
2.59564 1
2.59588 1
2.59612 1
2.59636 1
2.5966 1
2.59684 1
2.59708 1
2.59732 1
2.59756 1
2.5978 1
2.59804 1
2.59828 1
2.59852 1
2.59876 1
2.599 1
2.59924 1
2.59948 1
2.59973 1
2.59997 1
2.60021 1
2.60045 1
2.60069 1
2.60093 1
2.60117 1
2.60141 1
2.60165 1
2.60189 1
2.60213 1
2.60237 1
2.60261 1
2.60285 1
2.60309 1
2.60333 1
2.60357 1
2.60381 1
2.60405 1
2.60429 1
2.60453 1
2.60477 1
2.60501 1
2.60525 1
2.60549 1
2.60573 1
2.60597 1
2.60621 1
2.60645 1
2.60669 1
2.60693 1
2.60718 1
2.60742 1
2.60766 1
2.6079 1
2.60814 1
2.60838 1
2.60862 1
2.60886 1
2.6091 1
2.60934 1
2.60958 1
2.60982 1
2.61006 1
2.6103 1
2.61054 1
2.61078 1
2.61102 1
2.61126 1
2.6115 1
2.61174 1
2.61198 1
2.61222 1
2.61246 1
2.6127 1
2.61294 1
2.61318 1
2.61342 1
2.61366 1
2.6139 1
2.61414 1
2.61438 1
2.61462 1
2.61487 1
2.61511 1
2.61535 1
2.61559 1
2.61583 1
2.61607 1
2.61631 1
2.61655 1
2.61679 1
2.61703 1
2.61727 1
2.61751 1
2.61775 1
2.61799 1
2.61823 1
2.61847 1
2.61871 1
2.61895 1
2.61919 1
2.61943 1
2.61967 1
2.61991 1
2.62015 1
2.62039 1
2.62063 1
2.62087 1
2.62111 1
2.62135 1
2.62159 1
2.62183 1
2.62207 1
2.62232 1
2.62256 1
2.6228 1
2.62304 1
2.62328 1
2.62352 1
2.62376 1
2.624 1
2.62424 1
2.62448 1
2.62472 1
2.62496 1
2.6252 1
2.62568 1
2.62616 1
2.6264 1
2.62688 1
2.62736 1
2.6276 1
2.62808 1
2.62856 1
2.6288 1
2.62928 1
2.62977 1
2.63001 1
2.63049 1
2.63097 1
2.63145 1
2.63169 1
2.63217 1
2.63265 1
2.63313 1
2.63337 1
2.63385 1
2.63433 1
2.63481 1
2.63529 1
2.63553 1
2.63601 1
2.63649 1
2.63697 1
2.63746 1
2.63794 1
2.63842 1
2.63866 1
2.63914 1
2.63962 1
2.6401 1
2.64058 1
2.64106 1
2.64154 1
2.64202 1
2.6425 1
2.64298 1
2.64346 1
2.64394 1
2.64442 1
2.64491 1
2.64539 1
2.64587 1
2.64635 1
2.64683 1
2.64731 1
2.64779 1
2.64851 1
2.64899 1
2.64947 1
2.64995 1
2.65043 1
2.65115 1
2.65163 1
2.65211 1
2.65284 1
2.65332 1
2.6538 1
2.65452 1
2.655 1
2.65572 1
2.6562 1
2.65692 1
2.6574 1
2.65812 1
2.65884 1
2.65932 1
2.66005 1
2.66077 1
2.66149 1
2.66221 1
2.66293 1
2.66365 1
2.66437 1
2.66533 1
2.66605 1
2.66701 1
2.66774 1
2.6687 1
2.66966 1
2.67062 1
2.67158 1
2.67278 1
2.67374 1
2.67495 1
2.67615 1
2.67735 1
2.67855 1
2.67999 1
2.68143 1
2.68312 1
2.6848 1
2.68672 1
2.68912 1
2.69249 1
2.80896 1
2.8092 1
2.80944 1
2.80968 1
2.80992 1
2.81016 1
2.8104 1
2.81064 1
2.81088 1
2.81112 1
2.81136 1
2.8116 1
2.81184 1
2.81208 1
2.81232 1
2.81256 1
2.81281 1
2.81305 1
2.81329 1
2.81353 1
2.81377 1
2.81401 1
2.81425 1
2.81449 1
2.81473 1
2.81497 1
2.81521 1
2.81545 1
2.81569 1
2.81593 1
2.81617 1
2.81641 1
2.81665 1
2.81689 1
2.81713 1
2.81737 1
2.81761 1
2.81785 1
2.81809 1
2.81833 1
2.81857 1
2.81881 1
2.81905 1
2.81929 1
2.81953 1
2.81977 1
2.82001 1
2.82026 1
2.8205 1
2.82074 1
2.82098 1
2.82122 1
2.82146 1
2.8217 1
2.82194 1
2.82218 1
2.82242 1
2.82266 1
2.8229 1
2.82314 1
2.82338 1
2.82362 1
2.82386 1
2.8241 1
2.82434 1
2.82458 1
2.82482 1
2.82506 1
2.8253 1
2.82554 1
2.82578 1
2.82602 1
2.82626 1
2.8265 1
2.82674 1
2.82698 1
2.82722 1
2.82746 1
2.8277 1
2.82795 1
2.82819 1
2.82843 1
2.82867 1
2.82891 1
2.82915 1
2.82939 1
2.82963 1
2.82987 1
2.83011 1
2.83035 1
2.83059 1
2.83083 1
2.83107 1
2.83131 1
2.83155 1
2.83179 1
2.83203 1
2.83227 1
2.83251 1
2.83275 1
2.83299 1
2.83323 1
2.83347 1
2.83371 1
2.83395 1
2.83419 1
2.83443 1
2.83467 1
2.83491 1
2.83515 1
2.8354 1
2.83564 1
2.83588 1
2.83612 1
2.83636 1
2.8366 1
2.83684 1
2.83708 1
2.83732 1
2.83756 1
2.8378 1
2.83804 1
2.83828 1
2.83852 1
2.83876 1
2.839 1
2.83924 1
2.83948 1
2.83972 1
2.83996 1
2.8402 1
2.84044 1
2.84068 1
2.84092 1
2.84116 1
2.8414 1
2.84164 1
2.84188 1
2.84212 1
2.84236 1
2.8426 1
2.84285 1
2.84309 1
2.84333 1
2.84357 1
2.84381 1
2.84405 1
2.84429 1
2.84453 1
2.84477 1
2.84501 1
2.84525 1
2.84549 1
2.84573 1
2.84597 1
2.84621 1
2.84645 1
2.84669 1
2.84693 1
2.84717 1
2.84741 1
2.84765 1
2.84789 1
2.84813 1
2.84837 1
2.84861 1
2.84885 1
2.84909 1
2.84933 1
2.84957 1
2.84981 1
2.85005 1
2.8503 1
2.85054 1
2.85078 1
2.85102 1
2.85126 1
2.8515 1
2.85174 1
2.85198 1
2.85222 1
2.85246 1
2.8527 1
2.85294 1
2.85318 1
2.85342 1
2.85366 1
2.8539 1
2.85414 1
2.85438 1
2.85462 1
2.85486 1
2.8551 1
2.85534 1
2.85558 1
2.85582 1
2.85606 1
2.8563 1
2.85654 1
2.85678 1
2.85702 1
2.85726 1
2.8575 1
2.85774 1
2.85799 1
2.85823 1
2.85847 1
2.85871 1
2.85895 1
2.85919 1
2.85943 1
2.85967 1
2.85991 1
2.86015 1
2.86039 1
2.86063 1
2.86087 1
2.86111 1
2.86135 1
2.86159 1
2.86183 1
2.86207 1
2.86231 1
2.86255 1
2.86279 1
2.86303 1
2.86327 1
2.86351 1
2.86375 1
2.86399 1
2.86423 1
2.86447 1
2.86471 1
2.86495 1
2.86519 1
2.86544 1
2.86568 1
2.86592 1
2.86616 1
2.8664 1
2.86664 1
2.86688 1
2.86712 1
2.86736 1
2.8676 1
2.86784 1
2.86808 1
2.86832 1
2.86856 1
2.8688 1
2.86904 1
2.86928 1
2.86952 1
2.86976 1
2.87 1
2.87024 1
2.87048 1
2.87072 1
2.87096 1
2.8712 1
2.87144 1
2.87168 1
3.01666 1
3.0169 1
3.01714 1
3.01738 1
3.01762 1
3.01786 1
3.0181 1
3.01834 1
3.01858 1
3.01882 1
3.01907 1
3.01931 1
3.01955 1
3.01979 1
3.02003 1
3.02027 1
3.02051 1
3.02075 1
3.02099 1
3.02123 1
3.02147 1
3.02171 1
3.02195 1
3.02219 1
3.02243 1
3.02267 1
3.02291 1
3.02315 1
3.02339 1
3.02363 1
3.02387 1
3.02411 1
3.02435 1
3.02459 1
3.02483 1
3.02507 1
3.02531 1
3.02555 1
3.02579 1
3.02603 1
3.02627 1
3.02652 1
3.02676 1
3.027 1
3.02724 1
3.02748 1
3.02772 1
3.02796 1
3.0282 1
3.02844 1
3.02868 1
3.02892 1
3.02916 1
3.0294 1
3.02964 1
3.02988 1
3.03012 1
3.03036 1
3.0306 1
3.03084 1
3.03108 1
3.03132 1
3.03156 1
3.0318 1
3.03204 1
3.03228 1
3.03252 1
3.03276 1
3.033 1
3.03324 1
3.03348 1
3.03372 1
3.03396 1
3.03421 1
3.03445 1
3.03469 1
3.03493 1
3.03517 1
3.03541 1
3.03565 1
3.03589 1
3.03613 1
3.03637 1
3.03661 1
3.03685 1
3.03709 1
3.03733 1
3.03757 1
3.03781 1
3.03805 1
4.74836 1
4.74934 1
4.75051 1
4.75149 1
4.75247 1
4.75365 1
4.75463 1
4.7558 1
4.75678 1
4.75776 1
4.75894 1
4.75992 1
4.76109 1
4.76207 1
4.76325 1
4.76423 1
4.76521 1
4.76638 1
4.76736 1
4.76854 1
4.76951 1
4.77049 1
4.77167 1
4.77265 1
4.77382 1
4.7748 1
4.77578 1
4.77696 1
4.77794 1
4.77911 1
4.78009 1
4.78107 1
4.78225 1
4.78323 1
4.7844 1
4.78538 1
4.78656 1
4.78754 1
4.78852 1
4.78969 1
4.79067 1
4.79185 1
4.79282 1
4.7938 1
4.79498 1
4.79596 1
4.79713 1
4.79811 1
4.79909 1
4.80027 1
4.80125 1
4.80242 1
4.8034 1
4.80438 1
4.80556 1
4.80654 1
4.80771 1
4.80869 1
4.80967 1
4.81085 1
4.81183 1
4.813 1
4.81398 1
4.81516 1
4.81613 1
4.81711 1
4.81829 1
4.81927 1
4.82044 1
4.82142 1
4.8224 1
4.82358 1
4.82456 1
4.82573 1
4.82671 1
4.82769 1
4.82887 1
4.82985 1
4.83102 1
4.832 1
4.83298 1
4.83416 1
4.83514 1
4.83631 1
4.83729 1
4.83827 1
4.83944 1
5.91846 1
5.91943 1
5.9204 1
5.92137 1
5.92234 1
5.9233 1
5.92447 1
5.92544 1
5.92641 1
5.92738 1
5.92835 1
5.92951 1
5.93048 1
5.93145 1
5.93242 1
5.93339 1
5.93436 1
5.93552 1
5.93649 1
5.93746 1
5.93843 1
5.9394 1
5.94037 1
5.94153 1
5.9425 1
5.94347 1
5.94444 1
5.94541 1
5.94658 1
5.94755 1
5.94851 1
5.94948 1
5.95045 1
5.95142 1
5.95259 1
5.95356 1
5.95453 1
5.9555 1
5.95647 1
5.95763 1
5.9586 1
5.95957 1
5.96054 1
5.96151 1
5.96248 1
5.96364 1
5.96461 1
5.96558 1
5.96655 1
5.96752 1
5.96868 1
5.96965 1
5.97062 1
5.97159 1
5.97256 1
5.97353 1
5.97469 1
5.97566 1
5.97663 1
5.9776 1
5.97857 1
5.97954 1
5.98071 1
5.98168 1
5.98264 1
5.98361 1
5.98458 1
5.98575 1
5.98672 1
5.98769 1
5.98866 1
5.98963 1
5.9906 1
5.99176 1
5.99273 1
5.9937 1
5.99467 1
5.99564 1
5.9968 1
5.99777 1
5.99874 1
5.99971 1
6.00068 1
6.00165 1
6.00281 1
6.00378 1
6.00475 1
6.00572 1
6.00669 1
6.00785 1
6.00882 1
6.00979 1
6.01076 1
6.01173 1
6.0127 1
7.09262 1
7.09359 1
7.09456 1
7.09553 1
7.0965 1
7.09747 1
7.09864 1
7.09961 1
7.10058 1
7.10154 1
7.10251 1
7.10368 1
7.10465 1
7.10562 1
7.10659 1
7.10756 1
7.10853 1
7.10969 1
7.11066 1
7.11163 1
7.1126 1
7.11357 1
7.11454 1
7.1157 1
7.11667 1
7.11764 1
7.11861 1
7.11958 1
7.12074 1
7.12171 1
7.12268 1
7.12365 1
7.12462 1
7.12559 1
7.12675 1
7.12772 1
7.12869 1
7.12966 1
7.13063 1
7.1318 1
7.13277 1
7.13374 1
7.13471 1
7.13567 1
7.13664 1
7.13781 1
7.13878 1
7.13975 1
7.14072 1
7.14169 1
7.14285 1
7.14382 1
7.14479 1
7.14576 1
7.14673 1
7.1477 1
7.14886 1
7.14983 1
7.1508 1
7.15177 1
7.15274 1
7.15371 1
7.15487 1
7.15584 1
7.15681 1
7.15778 1
7.15875 1
7.15992 1
7.16088 1
7.16185 1
7.16282 1
7.16379 1
7.16476 1
7.16593 1
7.1669 1
7.16787 1
7.16884 1
7.16981 1
7.17097 1
7.17194 1
7.17291 1
7.17388 1
7.17485 1
7.17582 1
7.17698 1
7.17795 1
7.17892 1
7.17989 1
7.18086 1
7.18202 1
7.18299 1
7.18396 1
7.18493 1
7.1859 1
7.18687 1
8.26679 1
8.26776 1
8.26873 1
8.2697 1
8.27067 1
8.27164 1
8.2728 1
8.27377 1
8.27474 1
8.27571 1
8.27668 1
8.27785 1
8.27881 1
8.27978 1
8.28075 1
8.28172 1
8.28269 1
8.28386 1
8.28483 1
8.2858 1
8.28677 1
8.28774 1
8.2887 1
8.28987 1
8.29084 1
8.29181 1
8.29278 1
8.29375 1
8.29491 1
8.29588 1
8.29685 1
8.29782 1
8.29879 1
8.29976 1
8.30092 1
8.30189 1
8.30286 1
8.30383 1
8.3048 1
8.30596 1
8.30693 1
8.3079 1
8.30887 1
8.30984 1
8.31081 1
8.31198 1
8.31295 1
8.31391 1
8.31488 1
8.31585 1
8.31702 1
8.31799 1
8.31896 1
8.31993 1
8.3209 1
8.32187 1
8.32303 1
8.324 1
8.32497 1
8.32594 1
8.32691 1
8.32788 1
8.32904 1
8.33001 1
8.33098 1
8.33195 1
8.33292 1
8.33408 1
8.33505 1
8.33602 1
8.33699 1
8.33796 1
8.33893 1
8.34009 1
8.34106 1
8.34203 1
8.343 1
8.34397 1
8.34514 1
8.34611 1
8.34708 1
8.34805 1
8.34901 1
8.34998 1
8.35115 1
8.35212 1
8.35309 1
8.35406 1
8.35503 1
8.35619 1
8.35716 1
8.35813 1
8.3591 1
8.36007 1
8.36104 1
9.44096 1
9.44193 1
9.4429 1
9.44387 1
9.44484 1
9.44581 1
9.44697 1
9.44794 1
9.44891 1
9.44988 1
9.45085 1
9.45201 1
9.45298 1
9.45395 1
9.45492 1
9.45589 1
9.45686 1
9.45802 1
9.45899 1
9.45996 1
9.46093 1
9.4619 1
9.46287 1
9.46404 1
9.46501 1
9.46598 1
9.46694 1
9.46791 1
9.46908 1
9.47005 1
9.47102 1
9.47199 1
9.47296 1
9.47393 1
9.47509 1
9.47606 1
9.47703 1
9.478 1
9.47897 1
9.48013 1
9.4811 1
9.48207 1
9.48304 1
9.48401 1
9.48498 1
9.48614 1
9.48711 1
9.48808 1
9.48905 1
9.49002 1
9.49119 1
9.49215 1
9.49312 1
9.49409 1
9.49506 1
9.49603 1
9.4972 1
9.49817 1
9.49914 1
9.50011 1
9.50108 1
9.50204 1
9.50321 1
9.50418 1
9.50515 1
9.50612 1
9.50709 1
9.50825 1
9.50922 1
9.51019 1
9.51116 1
9.51213 1
9.5131 1
9.51426 1
9.51523 1
9.5162 1
9.51717 1
9.51814 1
9.5193 1
9.52027 1
9.52124 1
9.52221 1
9.52318 1
9.52415 1
9.52532 1
9.52628 1
9.52725 1
9.52822 1
9.52919 1
9.53036 1
9.53133 1
9.5323 1
9.53327 1
9.53424 1
9.53521 1
10.6151 1
10.6161 1
10.6171 1
10.618 1
10.619 1
10.62 1
10.6211 1
10.6221 1
10.6231 1
10.624 1
10.625 1
10.6262 1
10.6271 1
10.6281 1
10.6291 1
10.6301 1
10.631 1
10.6322 1
10.6332 1
10.6341 1
10.6351 1
10.6361 1
10.637 1
10.6382 1
10.6392 1
10.6401 1
10.6411 1
10.6421 1
10.6432 1
10.6442 1
10.6452 1
10.6462 1
10.6471 1
10.6481 1
10.6493 1
10.6502 1
10.6512 1
10.6522 1
10.6531 1
10.6543 1
10.6553 1
10.6562 1
10.6572 1
10.6582 1
10.6591 1
10.6603 1
10.6613 1
10.6622 1
10.6632 1
10.6642 1
10.6654 1
10.6663 1
10.6673 1
10.6683 1
10.6692 1
10.6702 1
10.6714 1
10.6723 1
10.6733 1
10.6743 1
10.6752 1
10.6762 1
10.6774 1
10.6783 1
10.6793 1
10.6803 1
10.6813 1
10.6824 1
10.6834 1
10.6844 1
10.6853 1
10.6863 1
10.6873 1
10.6884 1
10.6894 1
10.6904 1
10.6913 1
10.6923 1
10.6935 1
10.6944 1
10.6954 1
10.6964 1
10.6973 1
10.6983 1
10.6995 1
10.7005 1
10.7014 1
10.7024 1
10.7034 1
10.7045 1
10.7055 1
10.7065 1
10.7074 1
10.7084 1
10.7094 1
12.1562 1
12.1572 1
12.1581 1
12.1591 1
12.1601 1
12.1611 1
12.1622 1
12.1632 1
12.1642 1
12.1651 1
12.1661 1
12.1673 1
12.1682 1
12.1692 1
12.1702 1
12.1711 1
12.1721 1
12.1733 1
12.1742 1
12.1752 1
12.1762 1
12.1772 1
12.1781 1
12.1793 1
12.1803 1
12.1812 1
12.1822 1
12.1832 1
12.1843 1
12.1853 1
12.1863 1
12.1872 1
12.1882 1
12.1892 1
12.1903 1
12.1913 1
12.1923 1
12.1932 1
12.1942 1
12.1954 1
12.1963 1
12.1973 1
12.1983 1
12.1993 1
12.2002 1
12.2014 1
12.2024 1
12.2033 1
12.2043 1
12.2053 1
12.2064 1
12.2074 1
12.2084 1
12.2093 1
12.2103 1
12.2113 1
12.2124 1
12.2134 1
12.2144 1
12.2154 1
12.2163 1
12.2173 1
12.2185 1
12.2194 1
12.2204 1
12.2214 1
12.2223 1
12.2235 1
12.2245 1
12.2254 1
12.2264 1
12.2274 1
12.2283 1
12.2295 1
12.2305 1
12.2314 1
12.2324 1
12.2334 1
12.2346 1
12.2355 1
12.2365 1
12.2375 1
12.2384 1
12.2394 1
12.2406 1
12.2415 1
12.2425 1
12.2435 1
12.2444 1
12.2456 1
12.2466 1
12.2475 1
12.2485 1
12.2495 1
12.2505 1
13.3328 1
13.3338 1
13.3347 1
13.3357 1
13.3367 1
13.3376 1
13.3388 1
13.3398 1
13.3407 1
13.3417 1
13.3427 1
13.3439 1
13.3448 1
13.3458 1
13.3468 1
13.3477 1
13.3487 1
13.3499 1
13.3508 1
13.3518 1
13.3528 1
13.3537 1
13.3547 1
13.3559 1
13.3568 1
13.3578 1
13.3588 1
13.3598 1
13.3609 1
13.3619 1
13.3629 1
13.3638 1
13.3648 1
13.3658 1
13.3669 1
13.3679 1
13.3689 1
13.3698 1
13.3708 1
13.372 1
13.3729 1
13.3739 1
13.3749 1
13.3758 1
13.3768 1
13.378 1
13.379 1
13.3799 1
13.3809 1
13.3819 1
13.383 1
13.384 1
13.385 1
13.3859 1
13.3869 1
13.3879 1
13.389 1
13.39 1
13.391 1
13.3919 1
13.3929 1
13.3939 1
13.395 1
13.396 1
13.397 1
13.398 1
13.3989 1
13.4001 1
13.4011 1
13.402 1
13.403 1
13.404 1
13.4049 1
13.4061 1
13.4071 1
13.408 1
13.409 1
13.41 1
13.4111 1
13.4121 1
13.4131 1
13.4141 1
13.415 1
13.416 1
13.4172 1
13.4181 1
13.4191 1
13.4201 1
13.421 1
13.4222 1
13.4232 1
13.4241 1
13.4251 1
13.4261 1
13.427 1
14.5094 1
14.5104 1
14.5113 1
14.5123 1
14.5133 1
14.5142 1
14.5154 1
14.5164 1
14.5173 1
14.5183 1
14.5193 1
14.5204 1
14.5214 1
14.5224 1
14.5234 1
14.5243 1
14.5253 1
14.5265 1
14.5274 1
14.5284 1
14.5294 1
14.5303 1
14.5313 1
14.5325 1
14.5334 1
14.5344 1
14.5354 1
14.5363 1
14.5375 1
14.5385 1
14.5394 1
14.5404 1
14.5414 1
14.5424 1
14.5435 1
14.5445 1
14.5455 1
14.5464 1
14.5474 1
14.5486 1
14.5495 1
14.5505 1
14.5515 1
14.5524 1
14.5534 1
14.5546 1
14.5555 1
14.5565 1
14.5575 1
14.5585 1
14.5596 1
14.5606 1
14.5616 1
14.5625 1
14.5635 1
14.5645 1
14.5656 1
14.5666 1
14.5676 1
14.5685 1
14.5695 1
14.5705 1
14.5716 1
14.5726 1
14.5736 1
14.5745 1
14.5755 1
14.5767 1
14.5777 1
14.5786 1
14.5796 1
14.5806 1
14.5815 1
14.5827 1
14.5837 1
14.5846 1
14.5856 1
14.5866 1
14.5877 1
14.5887 1
14.5897 1
14.5906 1
14.5916 1
14.5926 1
14.5937 1
14.5947 1
14.5957 1
14.5967 1
14.5976 1
14.5988 1
14.5998 1
14.6007 1
14.6017 1
14.6027 1
14.6036 1
15.686 1
15.687 1
15.6879 1
15.6889 1
15.6899 1
15.6908 1
15.692 1
15.693 1
15.6939 1
15.6949 1
15.6959 1
15.697 1
15.698 1
15.699 1
15.6999 1
15.7009 1
15.7019 1
15.703 1
15.704 1
15.705 1
15.706 1
15.7069 1
15.7079 1
15.7091 1
15.71 1
15.711 1
15.712 1
15.7129 1
15.7141 1
15.7151 1
15.716 1
15.717 1
15.718 1
15.7189 1
15.7201 1
15.7211 1
15.7221 1
15.723 1
15.724 1
15.7252 1
15.7261 1
15.7271 1
15.7281 1
15.729 1
15.73 1
15.7312 1
15.7321 1
15.7331 1
15.7341 1
15.735 1
15.7362 1
15.7372 1
15.7381 1
15.7391 1
15.7401 1
15.7411 1
15.7422 1
15.7432 1
15.7442 1
15.7451 1
15.7461 1
15.7471 1
15.7482 1
15.7492 1
15.7502 1
15.7511 1
15.7521 1
15.7533 1
15.7542 1
15.7552 1
15.7562 1
15.7572 1
15.7581 1
15.7593 1
15.7603 1
15.7612 1
15.7622 1
15.7632 1
15.7643 1
15.7653 1
15.7663 1
15.7672 1
15.7682 1
15.7692 1
15.7703 1
15.7713 1
15.7723 1
15.7732 1
15.7742 1
15.7754 1
15.7763 1
15.7773 1
15.7783 1
15.7793 1
15.7802 1
16.8626 1
16.8635 1
16.8645 1
16.8655 1
16.8665 1
16.8674 1
16.8686 1
16.8696 1
16.8705 1
16.8715 1
16.8725 1
16.8736 1
16.8746 1
16.8756 1
16.8765 1
16.8775 1
16.8785 1
16.8796 1
16.8806 1
16.8816 1
16.8825 1
16.8835 1
16.8845 1
16.8856 1
16.8866 1
16.8876 1
16.8886 1
16.8895 1
16.8907 1
16.8917 1
16.8926 1
16.8936 1
16.8946 1
16.8955 1
16.8967 1
16.8977 1
16.8986 1
16.8996 1
16.9006 1
16.9017 1
16.9027 1
16.9037 1
16.9047 1
16.9056 1
16.9066 1
16.9078 1
16.9087 1
16.9097 1
16.9107 1
16.9116 1
16.9128 1
16.9138 1
16.9147 1
16.9157 1
16.9167 1
16.9176 1
16.9188 1
16.9198 1
16.9207 1
16.9217 1
16.9227 1
16.9237 1
16.9248 1
16.9258 1
16.9268 1
16.9277 1
16.9287 1
16.9299 1
16.9308 1
16.9318 1
16.9328 1
16.9337 1
16.9347 1
16.9359 1
16.9368 1
16.9378 1
16.9388 1
16.9398 1
16.9409 1
16.9419 1
16.9429 1
16.9438 1
16.9448 1
16.9458 1
16.9469 1
16.9479 1
16.9489 1
16.9498 1
16.9508 1
16.952 1
16.9529 1
16.9539 1
16.9549 1
16.9558 1
16.9568 1
18.0392 1
18.0401 1
18.0411 1
18.0421 1
18.043 1
18.044 1
18.0452 1
18.0461 1
18.0471 1
18.0481 1
18.0491 1
18.0502 1
18.0512 1
18.0522 1
18.0531 1
18.0541 1
18.0551 1
18.0562 1
18.0572 1
18.0582 1
18.0591 1
18.0601 1
18.0611 1
18.0622 1
18.0632 1
18.0642 1
18.0652 1
18.0661 1
18.0673 1
18.0683 1
18.0692 1
18.0702 1
18.0712 1
18.0721 1
18.0733 1
18.0743 1
18.0752 1
18.0762 1
18.0772 1
18.0783 1
18.0793 1
18.0803 1
18.0812 1
18.0822 1
18.0832 1
18.0843 1
18.0853 1
18.0863 1
18.0873 1
18.0882 1
18.0894 1
18.0904 1
18.0913 1
18.0923 1
18.0933 1
18.0942 1
18.0954 1
18.0964 1
18.0973 1
18.0983 1
18.0993 1
18.1002 1
18.1014 1
18.1024 1
18.1034 1
18.1043 1
18.1053 1
18.1065 1
18.1074 1
18.1084 1
18.1094 1
18.1103 1
18.1113 1
18.1125 1
18.1134 1
18.1144 1
18.1154 1
18.1163 1
18.1175 1
18.1185 1
18.1194 1
18.1204 1
18.1214 1
18.1224 1
18.1235 1
18.1245 1
18.1255 1
18.1264 1
18.1274 1
18.1286 1
18.1295 1
18.1305 1
18.1315 1
18.1324 1
18.1334 1
19.2158 1
19.2167 1
19.2177 1
19.2187 1
19.2196 1
19.2206 1
19.2218 1
19.2227 1
19.2237 1
19.2247 1
19.2256 1
19.2268 1
19.2278 1
19.2287 1
19.2297 1
19.2307 1
19.2317 1
19.2328 1
19.2338 1
19.2348 1
19.2357 1
19.2367 1
19.2377 1
19.2388 1
19.2398 1
19.2408 1
19.2417 1
19.2427 1
19.2439 1
19.2448 1
19.2458 1
19.2468 1
19.2478 1
19.2487 1
19.2499 1
19.2509 1
19.2518 1
19.2528 1
19.2538 1
19.2549 1
19.2559 1
19.2569 1
19.2578 1
19.2588 1
19.2598 1
19.2609 1
19.2619 1
19.2629 1
19.2638 1
19.2648 1
19.266 1
19.267 1
19.2679 1
19.2689 1
19.2699 1
19.2708 1
19.272 1
19.273 1
19.2739 1
19.2749 1
19.2759 1
19.2768 1
19.278 1
19.279 1
19.2799 1
19.2809 1
19.2819 1
19.283 1
19.284 1
19.285 1
19.286 1
19.2869 1
19.2879 1
19.2891 1
19.29 1
19.291 1
19.292 1
19.2929 1
19.2941 1
19.2951 1
19.296 1
19.297 1
19.298 1
19.2989 1
19.3001 1
19.3011 1
19.3021 1
19.303 1
19.304 1
19.3052 1
19.3061 1
19.3071 1
19.3081 1
19.309 1
19.31 1
20.3923 1
20.3933 1
20.3943 1
20.3953 1
20.3962 1
20.3972 1
20.3984 1
20.3993 1
20.4003 1
20.4013 1
20.4022 1
20.4034 1
20.4044 1
20.4053 1
20.4063 1
20.4073 1
20.4082 1
20.4094 1
20.4104 1
20.4114 1
20.4123 1
20.4133 1
20.4143 1
20.4154 1
20.4164 1
20.4174 1
20.4183 1
20.4193 1
20.4205 1
20.4214 1
20.4224 1
20.4234 1
20.4243 1
20.4253 1
20.4265 1
20.4274 1
20.4284 1
20.4294 1
20.4304 1
20.4315 1
20.4325 1
20.4335 1
20.4344 1
20.4354 1
20.4364 1
20.4375 1
20.4385 1
20.4395 1
20.4404 1
20.4414 1
20.4426 1
20.4435 1
20.4445 1
20.4455 1
20.4465 1
20.4474 1
20.4486 1
20.4496 1
20.4505 1
20.4515 1
20.4525 1
20.4534 1
20.4546 1
20.4556 1
20.4565 1
20.4575 1
20.4585 1
20.4596 1
20.4606 1
20.4616 1
20.4625 1
20.4635 1
20.4645 1
20.4657 1
20.4666 1
20.4676 1
20.4686 1
20.4695 1
20.4707 1
20.4717 1
20.4726 1
20.4736 1
20.4746 1
20.4755 1
20.4767 1
20.4777 1
20.4786 1
20.4796 1
20.4806 1
20.4817 1
20.4827 1
20.4837 1
20.4847 1
20.4856 1
20.4866 1
21.5689 1
21.5699 1
21.5709 1
21.5718 1
21.5728 1
21.5738 1
21.575 1
21.5759 1
21.5769 1
21.5779 1
21.5788 1
21.58 1
21.581 1
21.5819 1
21.5829 1
21.5839 1
21.5848 1
21.586 1
21.587 1
21.5879 1
21.5889 1
21.5899 1
21.5909 1
21.592 1
21.593 1
21.594 1
21.5949 1
21.5959 1
21.5971 1
21.598 1
21.599 1
21.6 1
21.6009 1
21.6019 1
21.6031 1
21.604 1
21.605 1
21.606 1
21.6069 1
21.6081 1
21.6091 1
21.6101 1
21.611 1
21.612 1
21.613 1
21.6141 1
21.6151 1
21.6161 1
21.617 1
21.618 1
21.6192 1
21.6201 1
21.6211 1
21.6221 1
21.623 1
21.624 1
21.6252 1
21.6261 1
21.6271 1
21.6281 1
21.6291 1
21.63 1
21.6312 1
21.6322 1
21.6331 1
21.6341 1
21.6351 1
21.6362 1
21.6372 1
21.6382 1
21.6391 1
21.6401 1
21.6411 1
21.6422 1
21.6432 1
21.6442 1
21.6452 1
21.6461 1
21.6473 1
21.6483 1
21.6492 1
21.6502 1
21.6512 1
21.6521 1
21.6533 1
21.6543 1
21.6552 1
21.6562 1
21.6572 1
21.6583 1
21.6593 1
21.6603 1
21.6612 1
21.6622 1
21.6632 1
22.7658 1
22.7668 1
22.7678 1
22.7687 1
22.7697 1
22.7707 1
22.7718 1
22.7728 1
22.7738 1
22.7747 1
22.7757 1
22.7769 1
22.7778 1
22.7788 1
22.7798 1
22.7808 1
22.7817 1
22.7829 1
22.7839 1
22.7848 1
22.7858 1
22.7868 1
22.7877 1
22.7889 1
22.7899 1
22.7908 1
22.7918 1
22.7928 1
22.7939 1
22.7949 1
22.7959 1
22.7968 1
22.7978 1
22.7988 1
22.7999 1
22.8009 1
22.8019 1
22.8029 1
22.8038 1
22.805 1
22.806 1
22.8069 1
22.8079 1
22.8089 1
22.8098 1
22.811 1
22.812 1
22.8129 1
22.8139 1
22.8149 1
22.816 1
22.817 1
22.818 1
22.819 1
22.8199 1
22.8209 1
22.8221 1
22.823 1
22.824 1
22.825 1
22.8259 1
22.8269 1
22.8281 1
22.829 1
22.83 1
22.831 1
22.8319 1
22.8331 1
22.8341 1
22.835 1
22.836 1
22.837 1
22.838 1
22.8391 1
22.8401 1
22.8411 1
22.842 1
22.843 1
22.8442 1
22.8451 1
22.8461 1
22.8471 1
22.848 1
22.849 1
22.8502 1
22.8511 1
22.8521 1
22.8531 1
22.8541 1
22.8552 1
22.8562 1
22.8572 1
22.8581 1
22.8591 1
22.8601 1
23.9424 1
23.9434 1
23.9443 1
23.9453 1
23.9463 1
23.9473 1
23.9484 1
23.9494 1
23.9504 1
23.9513 1
23.9523 1
23.9535 1
23.9544 1
23.9554 1
23.9564 1
23.9573 1
23.9583 1
23.9595 1
23.9604 1
23.9614 1
23.9624 1
23.9634 1
23.9643 1
23.9655 1
23.9665 1
23.9674 1
23.9684 1
23.9694 1
23.9705 1
23.9715 1
23.9725 1
23.9734 1
23.9744 1
23.9754 1
23.9765 1
23.9775 1
23.9785 1
23.9794 1
23.9804 1
23.9816 1
23.9826 1
23.9835 1
23.9845 1
23.9855 1
23.9864 1
23.9876 1
23.9886 1
23.9895 1
23.9905 1
23.9915 1
23.9926 1
23.9936 1
23.9946 1
23.9955 1
23.9965 1
23.9975 1
23.9986 1
23.9996 1
24.0006 1
24.0016 1
24.0025 1
24.0035 1
24.0047 1
24.0056 1
24.0066 1
24.0076 1
24.0085 1
24.0097 1
24.0107 1
24.0116 1
24.0126 1
24.0136 1
24.0145 1
24.0157 1
24.0167 1
24.0177 1
24.0186 1
24.0196 1
24.0208 1
24.0217 1
24.0227 1
24.0237 1
24.0246 1
24.0256 1
24.0268 1
24.0277 1
24.0287 1
24.0297 1
24.0306 1
24.0318 1
24.0328 1
24.0337 1
24.0347 1
24.0357 1
24.0367 1
25.119 1
25.12 1
25.1209 1
25.1219 1
25.1229 1
25.1239 1
25.125 1
25.126 1
25.127 1
25.1279 1
25.1289 1
25.1301 1
25.131 1
25.132 1
25.133 1
25.1339 1
25.1349 1
25.1361 1
25.137 1
25.138 1
25.139 1
25.1399 1
25.1409 1
25.1421 1
25.143 1
25.144 1
25.145 1
25.146 1
25.1471 1
25.1481 1
25.1491 1
25.15 1
25.151 1
25.152 1
25.1531 1
25.1541 1
25.1551 1
25.156 1
25.157 1
25.1582 1
25.1591 1
25.1601 1
25.1611 1
25.1621 1
25.163 1
25.1642 1
25.1652 1
25.1661 1
25.1671 1
25.1681 1
25.1692 1
25.1702 1
25.1712 1
25.1721 1
25.1731 1
25.1741 1
25.1752 1
25.1762 1
25.1772 1
25.1781 1
25.1791 1
25.1801 1
25.1813 1
25.1822 1
25.1832 1
25.1842 1
25.1851 1
25.1863 1
25.1873 1
25.1882 1
25.1892 1
25.1902 1
25.1911 1
25.1923 1
25.1933 1
25.1942 1
25.1952 1
25.1962 1
25.1973 1
25.1983 1
25.1993 1
25.2003 1
25.2012 1
25.2022 1
25.2034 1
25.2043 1
25.2053 1
25.2063 1
25.2072 1
25.2084 1
25.2094 1
25.2103 1
25.2113 1
25.2123 1
25.2132 1
26.2956 1
26.2966 1
26.2975 1
26.2985 1
26.2995 1
26.3004 1
26.3016 1
26.3026 1
26.3035 1
26.3045 1
26.3055 1
26.3066 1
26.3076 1
26.3086 1
26.3096 1
26.3105 1
26.3115 1
26.3127 1
26.3136 1
26.3146 1
26.3156 1
26.3165 1
26.3175 1
26.3187 1
26.3196 1
26.3206 1
26.3216 1
26.3225 1
26.3237 1
26.3247 1
26.3257 1
26.3266 1
26.3276 1
26.3286 1
26.3297 1
26.3307 1
26.3317 1
26.3326 1
26.3336 1
26.3348 1
26.3357 1
26.3367 1
26.3377 1
26.3386 1
26.3396 1
26.3408 1
26.3417 1
26.3427 1
26.3437 1
26.3447 1
26.3458 1
26.3468 1
26.3478 1
26.3487 1
26.3497 1
26.3507 1
26.3518 1
26.3528 1
26.3538 1
26.3547 1
26.3557 1
26.3567 1
26.3578 1
26.3588 1
26.3598 1
26.3608 1
26.3617 1
26.3629 1
26.3639 1
26.3648 1
26.3658 1
26.3668 1
26.3677 1
26.3689 1
26.3699 1
26.3708 1
26.3718 1
26.3728 1
26.3739 1
26.3749 1
26.3759 1
26.3768 1
26.3778 1
26.3788 1
26.3799 1
26.3809 1
26.3819 1
26.3829 1
26.3838 1
26.385 1
26.386 1
26.3869 1
26.3879 1
26.3889 1
26.3898 1
27.4722 1
27.4732 1
27.4741 1
27.4751 1
27.4761 1
27.477 1
27.4782 1
27.4792 1
27.4801 1
27.4811 1
27.4821 1
27.4832 1
27.4842 1
27.4852 1
27.4861 1
27.4871 1
27.4881 1
27.4893 1
27.4902 1
27.4912 1
27.4922 1
27.4931 1
27.4941 1
27.4953 1
27.4962 1
27.4972 1
27.4982 1
27.4991 1
27.5003 1
27.5013 1
27.5022 1
27.5032 1
27.5042 1
27.5052 1
27.5063 1
27.5073 1
27.5083 1
27.5092 1
27.5102 1
27.5114 1
27.5123 1
27.5133 1
27.5143 1
27.5152 1
27.5162 1
27.5174 1
27.5183 1
27.5193 1
27.5203 1
27.5212 1
27.5224 1
27.5234 1
27.5244 1
27.5253 1
27.5263 1
27.5273 1
27.5284 1
27.5294 1
27.5304 1
27.5313 1
27.5323 1
27.5333 1
27.5344 1
27.5354 1
27.5364 1
27.5373 1
27.5383 1
27.5395 1
27.5404 1
27.5414 1
27.5424 1
27.5434 1
27.5443 1
27.5455 1
27.5465 1
27.5474 1
27.5484 1
27.5494 1
27.5505 1
27.5515 1
27.5525 1
27.5534 1
27.5544 1
27.5554 1
27.5565 1
27.5575 1
27.5585 1
27.5595 1
27.5604 1
27.5616 1
27.5626 1
27.5635 1
27.5645 1
27.5655 1
27.5664 1
28.6488 1
28.6497 1
28.6507 1
28.6517 1
28.6527 1
28.6536 1
28.6548 1
28.6558 1
28.6567 1
28.6577 1
28.6587 1
28.6598 1
28.6608 1
28.6618 1
28.6627 1
28.6637 1
28.6647 1
28.6658 1
28.6668 1
28.6678 1
28.6688 1
28.6697 1
28.6707 1
28.6719 1
28.6728 1
28.6738 1
28.6748 1
28.6757 1
28.6769 1
28.6779 1
28.6788 1
28.6798 1
28.6808 1
28.6817 1
28.6829 1
28.6839 1
28.6848 1
28.6858 1
28.6868 1
28.6879 1
28.6889 1
28.6899 1
28.6909 1
28.6918 1
28.6928 1
28.694 1
28.6949 1
28.6959 1
28.6969 1
28.6978 1
28.699 1
28.7 1
28.7009 1
28.7019 1
28.7029 1
28.7039 1
28.705 1
28.706 1
28.707 1
28.7079 1
28.7089 1
28.7099 1
28.711 1
28.712 1
28.713 1
28.7139 1
28.7149 1
28.7161 1
28.717 1
28.718 1
28.719 1
28.7199 1
28.7209 1
28.7221 1
28.723 1
28.724 1
28.725 1
28.726 1
28.7271 1
28.7281 1
28.7291 1
28.73 1
28.731 1
28.732 1
28.7331 1
28.7341 1
28.7351 1
28.736 1
28.737 1
28.7382 1
28.7391 1
28.7401 1
28.7411 1
28.7421 1
28.743 1
29.8254 1
29.8263 1
29.8273 1
29.8283 1
29.8292 1
29.8302 1
29.8314 1
29.8323 1
29.8333 1
29.8343 1
29.8353 1
29.8364 1
29.8374 1
29.8384 1
29.8393 1
29.8403 1
29.8413 1
29.8424 1
29.8434 1
29.8444 1
29.8453 1
29.8463 1
29.8473 1
29.8484 1
29.8494 1
29.8504 1
29.8514 1
29.8523 1
29.8535 1
29.8545 1
29.8554 1
29.8564 1
29.8574 1
29.8583 1
29.8595 1
29.8605 1
29.8614 1
29.8624 1
29.8634 1
29.8645 1
29.8655 1
29.8665 1
29.8674 1
29.8684 1
29.8694 1
29.8706 1
29.8715 1
29.8725 1
29.8735 1
29.8744 1
29.8756 1
29.8766 1
29.8775 1
29.8785 1
29.8795 1
29.8804 1
29.8816 1
29.8826 1
29.8835 1
29.8845 1
29.8855 1
29.8865 1
29.8876 1
29.8886 1
29.8896 1
29.8905 1
29.8915 1
29.8927 1
29.8936 1
29.8946 1
29.8956 1
29.8965 1
29.8975 1
29.8987 1
29.8996 1
29.9006 1
29.9016 1
29.9025 1
29.9037 1
29.9047 1
29.9057 1
29.9066 1
29.9076 1
29.9086 1
29.9097 1
29.9107 1
29.9117 1
29.9126 1
29.9136 1
29.9148 1
29.9157 1
29.9167 1
29.9177 1
29.9186 1
29.9196 1
31.002 1
31.0029 1
31.0039 1
31.0049 1
31.0058 1
31.0068 1
31.008 1
31.0089 1
31.0099 1
31.0109 1
31.0118 1
31.013 1
31.014 1
31.015 1
31.0159 1
31.0169 1
31.0179 1
31.019 1
31.02 1
31.021 1
31.0219 1
31.0229 1
31.0239 1
31.025 1
31.026 1
31.027 1
31.0279 1
31.0289 1
31.0301 1
31.031 1
31.032 1
31.033 1
31.034 1
31.0349 1
31.0361 1
31.0371 1
31.038 1
31.039 1
31.04 1
31.0411 1
31.0421 1
31.0431 1
31.044 1
31.045 1
31.046 1
31.0471 1
31.0481 1
31.0491 1
31.0501 1
31.051 1
31.0522 1
31.0532 1
31.0541 1
31.0551 1
31.0561 1
31.057 1
31.0582 1
31.0592 1
31.0601 1
31.0611 1
31.0621 1
31.063 1
31.0642 1
31.0652 1
31.0661 1
31.0671 1
31.0681 1
31.0693 1
31.0702 1
31.0712 1
31.0722 1
31.0731 1
31.0741 1
31.0753 1
31.0762 1
31.0772 1
31.0782 1
31.0791 1
31.0803 1
31.0813 1
31.0822 1
31.0832 1
31.0842 1
31.0852 1
31.0863 1
31.0873 1
31.0883 1
31.0892 1
31.0902 1
31.0914 1
31.0923 1
31.0933 1
31.0943 1
31.0952 1
31.0962 1
32.1786 1
32.1795 1
32.1805 1
32.1815 1
32.1824 1
32.1834 1
32.1846 1
32.1855 1
32.1865 1
32.1875 1
32.1884 1
32.1896 1
32.1906 1
32.1915 1
32.1925 1
32.1935 1
32.1945 1
32.1956 1
32.1966 1
32.1976 1
32.1985 1
32.1995 1
32.2005 1
32.2016 1
32.2026 1
32.2036 1
32.2045 1
32.2055 1
32.2067 1
32.2076 1
32.2086 1
32.2096 1
32.2105 1
32.2115 1
32.2127 1
32.2137 1
32.2146 1
32.2156 1
32.2166 1
32.2177 1
32.2187 1
32.2197 1
32.2206 1
32.2216 1
32.2226 1
32.2237 1
32.2247 1
32.2257 1
32.2266 1
32.2276 1
32.2288 1
32.2297 1
32.2307 1
32.2317 1
32.2327 1
32.2336 1
32.2348 1
32.2358 1
32.2367 1
32.2377 1
32.2387 1
32.2396 1
32.2408 1
32.2418 1
32.2427 1
32.2437 1
32.2447 1
32.2458 1
32.2468 1
32.2478 1
32.2488 1
32.2497 1
32.2507 1
32.2519 1
32.2528 1
32.2538 1
32.2548 1
32.2557 1
32.2569 1
32.2579 1
32.2588 1
32.2598 1
32.2608 1
32.2617 1
32.2629 1
32.2639 1
32.2648 1
32.2658 1
32.2668 1
32.2679 1
32.2689 1
32.2699 1
32.2709 1
32.2718 1
32.2728 1
33.3551 1
33.3561 1
33.3571 1
33.3581 1
33.359 1
33.36 1
33.3612 1
33.3621 1
33.3631 1
33.3641 1
33.365 1
33.3662 1
33.3672 1
33.3681 1
33.3691 1
33.3701 1
33.371 1
33.3722 1
33.3732 1
33.3741 1
33.3751 1
33.3761 1
33.3771 1
33.3782 1
33.3792 1
33.3802 1
33.3811 1
33.3821 1
33.3833 1
33.3842 1
33.3852 1
33.3862 1
33.3871 1
33.3881 1
33.3893 1
33.3902 1
33.3912 1
33.3922 1
33.3932 1
33.3943 1
33.3953 1
33.3963 1
33.3972 1
33.3982 1
33.3992 1
33.4003 1
33.4013 1
33.4023 1
33.4032 1
33.4042 1
33.4054 1
33.4063 1
33.4073 1
33.4083 1
33.4092 1
33.4102 1
33.4114 1
33.4123 1
33.4133 1
33.4143 1
33.4153 1
33.4162 1
33.4174 1
33.4184 1
33.4193 1
33.4203 1
33.4213 1
33.4224 1
33.4234 1
33.4244 1
33.4253 1
33.4263 1
33.4273 1
33.4284 1
33.4294 1
33.4304 1
33.4314 1
33.4323 1
33.4335 1
33.4345 1
33.4354 1
33.4364 1
33.4374 1
33.4383 1
33.4395 1
33.4405 1
33.4414 1
33.4424 1
33.4434 1
33.4445 1
33.4455 1
33.4465 1
33.4474 1
33.4484 1
33.4494 1
34.5317 1
34.5327 1
34.5337 1
34.5346 1
34.5356 1
34.5366 1
34.5377 1
34.5387 1
34.5397 1
34.5407 1
34.5416 1
34.5428 1
34.5438 1
34.5447 1
34.5457 1
34.5467 1
34.5476 1
34.5488 1
34.5498 1
34.5507 1
34.5517 1
34.5527 1
34.5536 1
34.5548 1
34.5558 1
34.5568 1
34.5577 1
34.5587 1
34.5599 1
34.5608 1
34.5618 1
34.5628 1
34.5637 1
34.5647 1
34.5659 1
34.5668 1
34.5678 1
34.5688 1
34.5697 1
34.5709 1
34.5719 1
34.5728 1
34.5738 1
34.5748 1
34.5758 1
34.5769 1
34.5779 1
34.5789 1
34.5798 1
34.5808 1
34.582 1
34.5829 1
34.5839 1
34.5849 1
34.5858 1
34.5868 1
34.588 1
34.5889 1
34.5899 1
34.5909 1
34.5919 1
34.5928 1
34.594 1
34.595 1
34.5959 1
34.5969 1
34.5979 1
34.599 1
34.6 1
34.601 1
34.6019 1
34.6029 1
34.6039 1
34.605 1
34.606 1
34.607 1
34.6079 1
34.6089 1
34.6101 1
34.611 1
34.612 1
34.613 1
34.614 1
34.6149 1
34.6161 1
34.6171 1
34.618 1
34.619 1
34.62 1
34.6211 1
34.6221 1
34.6231 1
34.624 1
34.625 1
34.626 1
35.7083 1
35.7093 1
35.7103 1
35.7112 1
35.7122 1
35.7132 1
35.7143 1
35.7153 1
35.7163 1
35.7172 1
35.7182 1
35.7194 1
35.7203 1
35.7213 1
35.7223 1
35.7233 1
35.7242 1
35.7254 1
35.7264 1
35.7273 1
35.7283 1
35.7293 1
35.7302 1
35.7314 1
35.7324 1
35.7333 1
35.7343 1
35.7353 1
35.7364 1
35.7374 1
35.7384 1
35.7394 1
35.7403 1
35.7413 1
35.7425 1
35.7434 1
35.7444 1
35.7454 1
35.7463 1
35.7475 1
35.7485 1
35.7494 1
35.7504 1
35.7514 1
35.7523 1
35.7535 1
35.7545 1
35.7554 1
35.7564 1
35.7574 1
35.7586 1
35.7595 1
35.7605 1
35.7615 1
35.7624 1
35.7634 1
35.7646 1
35.7655 1
35.7665 1
35.7675 1
35.7684 1
35.7694 1
35.7706 1
35.7715 1
35.7725 1
35.7735 1
35.7745 1
35.7756 1
35.7766 1
35.7776 1
35.7785 1
35.7795 1
35.7805 1
35.7816 1
35.7826 1
35.7836 1
35.7845 1
35.7855 1
35.7867 1
35.7876 1
35.7886 1
35.7896 1
35.7905 1
35.7915 1
35.7927 1
35.7937 1
35.7946 1
35.7956 1
35.7966 1
35.7977 1
35.7987 1
35.7997 1
35.8006 1
35.8016 1
35.8026 1
36.8849 1
36.8859 1
36.8869 1
36.8878 1
36.8888 1
36.8898 1
36.8909 1
36.8919 1
36.8929 1
36.8938 1
36.8948 1
36.896 1
36.8969 1
36.8979 1
36.8989 1
36.8998 1
36.9008 1
36.902 1
36.903 1
36.9039 1
36.9049 1
36.9059 1
36.9068 1
36.908 1
36.909 1
36.9099 1
36.9109 1
36.9119 1
36.913 1
36.914 1
36.915 1
36.9159 1
36.9169 1
36.9179 1
36.919 1
36.92 1
36.921 1
36.922 1
36.9229 1
36.9241 1
36.9251 1
36.926 1
36.927 1
36.928 1
36.9289 1
36.9301 1
36.9311 1
36.932 1
36.933 1
36.934 1
36.9351 1
36.9361 1
36.9371 1
36.9381 1
36.939 1
36.94 1
36.9412 1
36.9421 1
36.9431 1
36.9441 1
36.945 1
36.946 1
36.9472 1
36.9481 1
36.9491 1
36.9501 1
36.951 1
36.9522 1
36.9532 1
36.9541 1
36.9551 1
36.9561 1
36.9571 1
36.9582 1
36.9592 1
36.9602 1
36.9611 1
36.9621 1
36.9633 1
36.9642 1
36.9652 1
36.9662 1
36.9671 1
36.9681 1
36.9693 1
36.9702 1
36.9712 1
36.9722 1
36.9732 1
36.9743 1
36.9753 1
36.9763 1
36.9772 1
36.9782 1
36.9792 1
38.0615 1
38.0625 1
38.0634 1
38.0644 1
38.0654 1
38.0664 1
38.0675 1
38.0685 1
38.0695 1
38.0704 1
38.0714 1
38.0726 1
38.0735 1
38.0745 1
38.0755 1
38.0764 1
38.0774 1
38.0786 1
38.0795 1
38.0805 1
38.0815 1
38.0825 1
38.0834 1
38.0846 1
38.0856 1
38.0865 1
38.0875 1
38.0885 1
38.0896 1
38.0906 1
38.0916 1
38.0925 1
38.0935 1
38.0945 1
38.0956 1
38.0966 1
38.0976 1
38.0985 1
38.0995 1
38.1007 1
38.1017 1
38.1026 1
38.1036 1
38.1046 1
38.1055 1
38.1067 1
38.1077 1
38.1086 1
38.1096 1
38.1106 1
38.1117 1
38.1127 1
38.1137 1
38.1146 1
38.1156 1
38.1166 1
38.1177 1
38.1187 1
38.1197 1
38.1207 1
38.1216 1
38.1226 1
38.1238 1
38.1247 1
38.1257 1
38.1267 1
38.1276 1
38.1288 1
38.1298 1
38.1307 1
38.1317 1
38.1327 1
38.1336 1
38.1348 1
38.1358 1
38.1368 1
38.1377 1
38.1387 1
38.1399 1
38.1408 1
38.1418 1
38.1428 1
38.1437 1
38.1447 1
38.1459 1
38.1468 1
38.1478 1
38.1488 1
38.1497 1
38.1509 1
38.1519 1
38.1528 1
38.1538 1
38.1548 1
38.1558 1
39.2381 1
39.2391 1
39.24 1
39.241 1
39.242 1
39.2429 1
39.2441 1
39.2451 1
39.2461 1
39.247 1
39.248 1
39.2492 1
39.2501 1
39.2511 1
39.2521 1
39.253 1
39.254 1
39.2552 1
39.2561 1
39.2571 1
39.2581 1
39.259 1
39.26 1
39.2612 1
39.2621 1
39.2631 1
39.2641 1
39.2651 1
39.2662 1
39.2672 1
39.2682 1
39.2691 1
39.2701 1
39.2711 1
39.2722 1
39.2732 1
39.2742 1
39.2751 1
39.2761 1
39.2773 1
39.2782 1
39.2792 1
39.2802 1
39.2812 1
39.2821 1
39.2833 1
39.2843 1
39.2852 1
39.2862 1
39.2872 1
39.2883 1
39.2893 1
39.2903 1
39.2912 1
39.2922 1
39.2932 1
39.2943 1
39.2953 1
39.2963 1
39.2972 1
39.2982 1
39.2992 1
39.3003 1
39.3013 1
39.3023 1
39.3033 1
39.3042 1
39.3054 1
39.3064 1
39.3073 1
39.3083 1
39.3093 1
39.3102 1
39.3114 1
39.3124 1
39.3133 1
39.3143 1
39.3153 1
39.3164 1
39.3174 1
39.3184 1
39.3194 1
39.3203 1
39.3213 1
39.3225 1
39.3234 1
39.3244 1
39.3254 1
39.3263 1
39.3275 1
39.3285 1
39.3294 1
39.3304 1
39.3314 1
39.3323 1
40.4147 1
40.4157 1
40.4166 1
40.4176 1
40.4186 1
40.4195 1
40.4207 1
40.4217 1
40.4226 1
40.4236 1
40.4246 1
40.4257 1
40.4267 1
40.4277 1
40.4287 1
40.4296 1
40.4306 1
40.4318 1
40.4327 1
40.4337 1
40.4347 1
40.4356 1
40.4366 1
40.4378 1
40.4387 1
40.4397 1
40.4407 1
40.4416 1
40.4428 1
40.4438 1
40.4447 1
40.4457 1
40.4467 1
40.4477 1
40.4488 1
40.4498 1
40.4508 1
40.4517 1
40.4527 1
40.4539 1
40.4548 1
40.4558 1
40.4568 1
40.4577 1
40.4587 1
40.4599 1
40.4608 1
40.4618 1
40.4628 1
40.4638 1
40.4649 1
40.4659 1
40.4669 1
40.4678 1
40.4688 1
40.4698 1
40.4709 1
40.4719 1
40.4729 1
40.4738 1
40.4748 1
40.4758 1
40.4769 1
40.4779 1
40.4789 1
40.4798 1
40.4808 1
40.482 1
40.483 1
40.4839 1
40.4849 1
40.4859 1
40.4868 1
40.488 1
40.489 1
40.4899 1
40.4909 1
40.4919 1
40.493 1
40.494 1
40.495 1
40.4959 1
40.4969 1
40.4979 1
40.499 1
40.5 1
40.501 1
40.502 1
40.5029 1
40.5041 1
40.5051 1
40.506 1
40.507 1
40.508 1
40.5089 1
41.5913 1
41.5923 1
41.5932 1
41.5942 1
41.5952 1
41.5961 1
41.5973 1
41.5983 1
41.5992 1
41.6002 1
41.6012 1
41.6023 1
41.6033 1
41.6043 1
41.6052 1
41.6062 1
41.6072 1
41.6083 1
41.6093 1
41.6103 1
41.6113 1
41.6122 1
41.6132 1
41.6144 1
41.6153 1
41.6163 1
41.6173 1
41.6182 1
41.6194 1
41.6204 1
41.6213 1
41.6223 1
41.6233 1
41.6242 1
41.6254 1
41.6264 1
41.6274 1
41.6283 1
41.6293 1
41.6305 1
41.6314 1
41.6324 1
41.6334 1
41.6343 1
41.6353 1
41.6365 1
41.6374 1
41.6384 1
41.6394 1
41.6403 1
41.6415 1
41.6425 1
41.6434 1
41.6444 1
41.6454 1
41.6464 1
41.6475 1
41.6485 1
41.6495 1
41.6504 1
41.6514 1
41.6524 1
41.6535 1
41.6545 1
41.6555 1
41.6564 1
41.6574 1
41.6586 1
41.6595 1
41.6605 1
41.6615 1
41.6625 1
41.6634 1
41.6646 1
41.6656 1
41.6665 1
41.6675 1
41.6685 1
41.6696 1
41.6706 1
41.6716 1
41.6725 1
41.6735 1
41.6745 1
41.6756 1
41.6766 1
41.6776 1
41.6785 1
41.6795 1
41.6807 1
41.6817 1
41.6826 1
41.6836 1
41.6846 1
41.6855 1
42.7679 1
42.7688 1
42.7698 1
42.7708 1
42.7718 1
42.7727 1
42.7739 1
42.7749 1
42.7758 1
42.7768 1
42.7778 1
42.7789 1
42.7799 1
42.7809 1
42.7818 1
42.7828 1
42.7838 1
42.7849 1
42.7859 1
42.7869 1
42.7878 1
42.7888 1
42.7898 1
42.791 1
42.7919 1
42.7929 1
42.7939 1
42.7948 1
42.796 1
42.797 1
42.7979 1
42.7989 1
42.7999 1
42.8008 1
42.802 1
42.803 1
42.8039 1
42.8049 1
42.8059 1
42.807 1
42.808 1
42.809 1
42.81 1
42.8109 1
42.8119 1
42.8131 1
42.814 1
42.815 1
42.816 1
42.8169 1
42.8181 1
42.8191 1
42.82 1
42.821 1
42.822 1
42.8229 1
42.8241 1
42.8251 1
42.8261 1
42.827 1
42.828 1
42.829 1
42.8301 1
42.8311 1
42.8321 1
42.833 1
42.834 1
42.8352 1
42.8361 1
42.8371 1
42.8381 1
42.839 1
42.84 1
42.8412 1
42.8421 1
42.8431 1
42.8441 1
42.8451 1
42.8462 1
42.8472 1
42.8482 1
42.8491 1
42.8501 1
42.8511 1
42.8522 1
42.8532 1
42.8542 1
42.8551 1
42.8561 1
42.8573 1
42.8582 1
42.8592 1
42.8602 1
42.8612 1
42.8621 1
43.9445 1
43.9454 1
43.9464 1
43.9474 1
43.9483 1
43.9493 1
43.9505 1
43.9514 1
43.9524 1
43.9534 1
43.9544 1
43.9555 1
43.9565 1
43.9575 1
43.9584 1
43.9594 1
43.9604 1
43.9615 1
43.9625 1
43.9635 1
43.9644 1
43.9654 1
43.9664 1
43.9675 1
43.9685 1
43.9695 1
43.9705 1
43.9714 1
43.9726 1
43.9736 1
43.9745 1
43.9755 1
43.9765 1
43.9774 1
43.9786 1
43.9796 1
43.9805 1
43.9815 1
43.9825 1
43.9836 1
43.9846 1
43.9856 1
43.9865 1
43.9875 1
43.9885 1
43.9897 1
43.9906 1
43.9916 1
43.9926 1
43.9935 1
43.9947 1
43.9957 1
43.9966 1
43.9976 1
43.9986 1
43.9995 1
44.0007 1
44.0017 1
44.0026 1
44.0036 1
44.0046 1
44.0056 1
44.0067 1
44.0077 1
44.0087 1
44.0096 1
44.0106 1
44.0118 1
44.0127 1
44.0137 1
44.0147 1
44.0156 1
44.0166 1
44.0178 1
44.0187 1
44.0197 1
44.0207 1
44.0216 1
44.0228 1
44.0238 1
44.0247 1
44.0257 1
44.0267 1
44.0277 1
44.0288 1
44.0298 1
44.0308 1
44.0317 1
44.0327 1
44.0339 1
44.0348 1
44.0358 1
44.0368 1
44.0377 1
44.0387 1
45.1211 1
45.122 1
45.123 1
45.124 1
45.1249 1
45.1259 1
45.1271 1
45.128 1
45.129 1
45.13 1
45.1309 1
45.1321 1
45.1331 1
45.1341 1
45.135 1
45.136 1
45.137 1
45.1381 1
45.1391 1
45.1401 1
45.141 1
45.142 1
45.143 1
45.1441 1
45.1451 1
45.1461 1
45.147 1
45.148 1
45.1492 1
45.1501 1
45.1511 1
45.1521 1
45.1531 1
45.154 1
45.1552 1
45.1562 1
45.1571 1
45.1581 1
45.1591 1
45.1602 1
45.1612 1
45.1622 1
45.1631 1
45.1641 1
45.1651 1
45.1662 1
45.1672 1
45.1682 1
45.1692 1
45.1701 1
45.1713 1
45.1723 1
45.1732 1
45.1742 1
45.1752 1
45.1761 1
45.1773 1
45.1783 1
45.1792 1
45.1802 1
45.1812 1
45.1821 1
45.1833 1
45.1843 1
45.1852 1
45.1862 1
45.1872 1
45.1883 1
45.1893 1
45.1903 1
45.1913 1
45.1922 1
45.1932 1
45.1944 1
45.1953 1
45.1963 1
45.1973 1
45.1982 1
45.1994 1
45.2004 1
45.2013 1
45.2023 1
45.2033 1
45.2043 1
45.2054 1
45.2064 1
45.2074 1
45.2083 1
45.2093 1
45.2105 1
45.2114 1
45.2124 1
45.2134 1
45.2143 1
45.2153 1
46.2976 1
46.2986 1
46.2996 1
46.3006 1
46.3015 1
46.3025 1
46.3037 1
46.3046 1
46.3056 1
46.3066 1
46.3075 1
46.3087 1
46.3097 1
46.3106 1
46.3116 1
46.3126 1
46.3136 1
46.3147 1
46.3157 1
46.3167 1
46.3176 1
46.3186 1
46.3196 1
46.3207 1
46.3217 1
46.3227 1
46.3236 1
46.3246 1
46.3258 1
46.3267 1
46.3277 1
46.3287 1
46.3296 1
46.3306 1
46.3318 1
46.3327 1
46.3337 1
46.3347 1
46.3357 1
46.3368 1
46.3378 1
46.3388 1
46.3397 1
46.3407 1
46.3417 1
46.3428 1
46.3438 1
46.3448 1
46.3457 1
46.3467 1
46.3479 1
46.3488 1
46.3498 1
46.3508 1
46.3518 1
46.3527 1
46.3539 1
46.3549 1
46.3558 1
46.3568 1
46.3578 1
46.3587 1
46.3599 1
46.3609 1
46.3618 1
46.3628 1
46.3638 1
46.3649 1
46.3659 1
46.3669 1
46.3678 1
46.3688 1
46.3698 1
46.371 1
46.3719 1
46.3729 1
46.3739 1
46.3748 1
46.376 1
46.377 1
46.3779 1
46.3789 1
46.3799 1
46.3808 1
46.382 1
46.383 1
46.3839 1
46.3849 1
46.3859 1
46.387 1
46.388 1
46.389 1
46.39 1
46.3909 1
46.3919 1
47.4742 1
47.4752 1
47.4762 1
47.4771 1
47.4781 1
47.4791 1
47.4803 1
47.4812 1
47.4822 1
47.4832 1
47.4841 1
47.4853 1
47.4863 1
47.4872 1
47.4882 1
47.4892 1
47.4901 1
47.4913 1
47.4923 1
47.4932 1
47.4942 1
47.4952 1
47.4962 1
47.4973 1
47.4983 1
47.4993 1
47.5002 1
47.5012 1
47.5024 1
47.5033 1
47.5043 1
47.5053 1
47.5062 1
47.5072 1
47.5084 1
47.5093 1
47.5103 1
47.5113 1
47.5122 1
47.5134 1
47.5144 1
47.5154 1
47.5163 1
47.5173 1
47.5183 1
47.5194 1
47.5204 1
47.5214 1
47.5223 1
47.5233 1
47.5245 1
47.5254 1
47.5264 1
47.5274 1
47.5283 1
47.5293 1
47.5305 1
47.5314 1
47.5324 1
47.5334 1
47.5344 1
47.5353 1
47.5365 1
47.5375 1
47.5384 1
47.5394 1
47.5404 1
47.5415 1
47.5425 1
47.5435 1
47.5444 1
47.5454 1
47.5464 1
47.5475 1
47.5485 1
47.5495 1
47.5505 1
47.5514 1
47.5526 1
47.5536 1
47.5545 1
47.5555 1
47.5565 1
47.5574 1
47.5586 1
47.5596 1
47.5605 1
47.5615 1
47.5625 1
47.5636 1
47.5646 1
47.5656 1
47.5665 1
47.5675 1
47.5685 1
48.6508 1
48.6518 1
48.6528 1
48.6537 1
48.6547 1
48.6557 1
48.6568 1
48.6578 1
48.6588 1
48.6598 1
48.6607 1
48.6619 1
48.6629 1
48.6638 1
48.6648 1
48.6658 1
48.6667 1
48.6679 1
48.6689 1
48.6698 1
48.6708 1
48.6718 1
48.6727 1
48.6739 1
48.6749 1
48.6758 1
48.6768 1
48.6778 1
48.679 1
48.6799 1
48.6809 1
48.6819 1
48.6828 1
48.6838 1
48.685 1
48.6859 1
48.6869 1
48.6879 1
48.6888 1
48.69 1
48.691 1
48.6919 1
48.6929 1
48.6939 1
48.6949 1
48.696 1
48.697 1
48.698 1
48.6989 1
48.6999 1
48.7011 1
48.702 1
48.703 1
48.704 1
48.7049 1
48.7059 1
48.7071 1
48.708 1
48.709 1
48.71 1
48.7109 1
48.7119 1
48.7131 1
48.7141 1
48.715 1
48.716 1
48.717 1
48.7181 1
48.7191 1
48.7201 1
48.721 1
48.722 1
48.723 1
48.7241 1
48.7251 1
48.7261 1
48.727 1
48.728 1
48.7292 1
48.7301 1
48.7311 1
48.7321 1
48.7331 1
48.734 1
48.7352 1
48.7362 1
48.7371 1
48.7381 1
48.7391 1
48.7402 1
48.7412 1
48.7422 1
48.7431 1
48.7441 1
48.7451 1
49.8274 1
49.8284 1
49.8294 1
49.8303 1
49.8313 1
49.8323 1
49.8334 1
49.8344 1
49.8354 1
49.8363 1
49.8373 1
49.8385 1
49.8394 1
49.8404 1
49.8414 1
49.8424 1
49.8433 1
49.8445 1
49.8455 1
49.8464 1
49.8474 1
49.8484 1
49.8493 1
49.8505 1
49.8515 1
49.8524 1
49.8534 1
49.8544 1
49.8555 1
49.8565 1
49.8575 1
49.8585 1
49.8594 1
49.8604 1
49.8616 1
49.8625 1
49.8635 1
49.8645 1
49.8654 1
49.8666 1
49.8676 1
49.8685 1
49.8695 1
49.8705 1
49.8714 1
49.8726 1
49.8736 1
49.8745 1
49.8755 1
49.8765 1
49.8776 1
49.8786 1
49.8796 1
49.8806 1
49.8815 1
49.8825 1
49.8837 1
49.8846 1
49.8856 1
49.8866 1
49.8875 1
49.8885 1
49.8897 1
49.8906 1
49.8916 1
49.8926 1
49.8936 1
49.8947 1
49.8957 1
49.8967 1
49.8976 1
49.8986 1
49.8996 1
49.9007 1
49.9017 1
49.9027 1
49.9036 1
49.9046 1
49.9058 1
49.9067 1
49.9077 1
49.9087 1
49.9096 1
49.9106 1
49.9118 1
49.9127 1
49.9137 1
49.9147 1
49.9157 1
49.9168 1
49.9178 1
49.9188 1
49.9197 1
49.9207 1
49.9217 1
51.004 1
51.005 1
51.006 1
51.0069 1
51.0079 1
51.0089 1
51.01 1
51.011 1
51.012 1
51.0129 1
51.0139 1
51.0151 1
51.016 1
51.017 1
51.018 1
51.0189 1
51.0199 1
51.0211 1
51.0221 1
51.023 1
51.024 1
51.025 1
51.0259 1
51.0271 1
51.0281 1
51.029 1
51.03 1
51.031 1
51.0321 1
51.0331 1
51.0341 1
51.035 1
51.036 1
51.037 1
51.0381 1
51.0391 1
51.0401 1
51.0411 1
51.042 1
51.0432 1
51.0442 1
51.0451 1
51.0461 1
51.0471 1
51.048 1
51.0492 1
51.0502 1
51.0511 1
51.0521 1
51.0531 1
51.0542 1
51.0552 1
51.0562 1
51.0571 1
51.0581 1
51.0591 1
51.0603 1
51.0612 1
51.0622 1
51.0632 1
51.0641 1
51.0651 1
51.0663 1
51.0672 1
51.0682 1
51.0692 1
51.0701 1
51.0713 1
51.0723 1
51.0732 1
51.0742 1
51.0752 1
51.0762 1
51.0773 1
51.0783 1
51.0793 1
51.0802 1
51.0812 1
51.0824 1
51.0833 1
51.0843 1
51.0853 1
51.0862 1
51.0872 1
51.0884 1
51.0893 1
51.0903 1
51.0913 1
51.0922 1
51.0934 1
51.0944 1
51.0954 1
51.0963 1
51.0973 1
51.0983 1
52.1806 1
52.1816 1
52.1825 1
52.1835 1
52.1845 1
52.1855 1
52.1866 1
52.1876 1
52.1886 1
52.1895 1
52.1905 1
52.1917 1
52.1926 1
52.1936 1
52.1946 1
52.1955 1
52.1965 1
52.1977 1
52.1986 1
52.1996 1
52.2006 1
52.2016 1
52.2025 1
52.2037 1
52.2047 1
52.2056 1
52.2066 1
52.2076 1
52.2087 1
52.2097 1
52.2107 1
52.2116 1
52.2126 1
52.2136 1
52.2147 1
52.2157 1
52.2167 1
52.2176 1
52.2186 1
52.2198 1
52.2207 1
52.2217 1
52.2227 1
52.2237 1
52.2246 1
52.2258 1
52.2268 1
52.2277 1
52.2287 1
52.2297 1
52.2308 1
52.2318 1
52.2328 1
52.2337 1
52.2347 1
52.2357 1
52.2368 1
52.2378 1
52.2388 1
52.2398 1
52.2407 1
52.2417 1
52.2429 1
52.2438 1
52.2448 1
52.2458 1
52.2467 1
52.2479 1
52.2489 1
52.2498 1
52.2508 1
52.2518 1
52.2527 1
52.2539 1
52.2549 1
52.2558 1
52.2568 1
52.2578 1
52.259 1
52.2599 1
52.2609 1
52.2619 1
52.2628 1
52.2638 1
52.265 1
52.2659 1
52.2669 1
52.2679 1
52.2688 1
52.27 1
52.271 1
52.2719 1
52.2729 1
52.2739 1
52.2749 1
53.3572 1
53.3582 1
53.3591 1
53.3601 1
53.3611 1
53.362 1
53.3632 1
53.3642 1
53.3651 1
53.3661 1
53.3671 1
53.3683 1
53.3692 1
53.3702 1
53.3712 1
53.3721 1
53.3731 1
53.3743 1
53.3752 1
53.3762 1
53.3772 1
53.3781 1
53.3791 1
53.3803 1
53.3812 1
53.3822 1
53.3832 1
53.3842 1
53.3853 1
53.3863 1
53.3873 1
53.3882 1
53.3892 1
53.3902 1
53.3913 1
53.3923 1
53.3933 1
53.3942 1
53.3952 1
53.3964 1
53.3973 1
53.3983 1
53.3993 1
53.4002 1
53.4012 1
53.4024 1
53.4034 1
53.4043 1
53.4053 1
53.4063 1
53.4074 1
53.4084 1
53.4094 1
53.4103 1
53.4113 1
53.4123 1
53.4134 1
53.4144 1
53.4154 1
53.4163 1
53.4173 1
53.4183 1
53.4194 1
53.4204 1
53.4214 1
53.4224 1
53.4233 1
53.4245 1
53.4255 1
53.4264 1
53.4274 1
53.4284 1
53.4293 1
53.4305 1
53.4315 1
53.4324 1
53.4334 1
53.4344 1
53.4355 1
53.4365 1
53.4375 1
53.4385 1
53.4394 1
53.4404 1
53.4416 1
53.4425 1
53.4435 1
53.4445 1
53.4454 1
53.4466 1
53.4476 1
53.4485 1
53.4495 1
53.4505 1
53.4514 1
54.5338 1
54.5348 1
54.5357 1
54.5367 1
54.5377 1
54.5386 1
54.5398 1
54.5408 1
54.5417 1
54.5427 1
54.5437 1
54.5448 1
54.5458 1
54.5468 1
54.5478 1
54.5487 1
54.5497 1
54.5509 1
54.5518 1
54.5528 1
54.5538 1
54.5547 1
54.5557 1
54.5569 1
54.5578 1
54.5588 1
54.5598 1
54.5607 1
54.5619 1
54.5629 1
54.5638 1
54.5648 1
54.5658 1
54.5668 1
54.5679 1
54.5689 1
54.5699 1
54.5708 1
54.5718 1
54.573 1
54.5739 1
54.5749 1
54.5759 1
54.5768 1
54.5778 1
54.579 1
54.5799 1
54.5809 1
54.5819 1
54.5829 1
54.584 1
54.585 1
54.586 1
54.5869 1
54.5879 1
54.5889 1
54.59 1
54.591 1
54.592 1
54.5929 1
54.5939 1
54.5949 1
54.596 1
54.597 1
54.598 1
54.5989 1
54.5999 1
54.6011 1
54.6021 1
54.603 1
54.604 1
54.605 1
54.6059 1
54.6071 1
54.6081 1
54.609 1
54.61 1
54.611 1
54.6121 1
54.6131 1
54.6141 1
54.615 1
54.616 1
54.617 1
54.6181 1
54.6191 1
54.6201 1
54.6211 1
54.622 1
54.6232 1
54.6242 1
54.6251 1
54.6261 1
54.6271 1
54.628 1
55.7104 1
55.7114 1
55.7123 1
55.7133 1
55.7143 1
55.7152 1
55.7164 1
55.7174 1
55.7183 1
55.7193 1
55.7203 1
55.7214 1
55.7224 1
55.7234 1
55.7243 1
55.7253 1
55.7263 1
55.7274 1
55.7284 1
55.7294 1
55.7304 1
55.7313 1
55.7323 1
55.7335 1
55.7344 1
55.7354 1
55.7364 1
55.7373 1
55.7385 1
55.7395 1
55.7404 1
55.7414 1
55.7424 1
55.7433 1
55.7445 1
55.7455 1
55.7465 1
55.7474 1
55.7484 1
55.7496 1
55.7505 1
55.7515 1
55.7525 1
55.7534 1
55.7544 1
55.7556 1
55.7565 1
55.7575 1
55.7585 1
55.7594 1
55.7606 1
55.7616 1
55.7625 1
55.7635 1
55.7645 1
55.7655 1
55.7666 1
55.7676 1
55.7686 1
55.7695 1
55.7705 1
55.7715 1
55.7726 1
55.7736 1
55.7746 1
55.7755 1
55.7765 1
55.7777 1
55.7786 1
55.7796 1
55.7806 1
55.7816 1
55.7825 1
55.7837 1
55.7847 1
55.7856 1
55.7866 1
55.7876 1
55.7887 1
55.7897 1
55.7907 1
55.7916 1
55.7926 1
55.7936 1
55.7947 1
55.7957 1
55.7967 1
55.7976 1
55.7986 1
55.7998 1
55.8007 1
55.8017 1
55.8027 1
55.8037 1
55.8046 1
56.887 1
56.8879 1
56.8889 1
56.8899 1
56.8909 1
56.8918 1
56.893 1
56.894 1
56.8949 1
56.8959 1
56.8969 1
56.898 1
56.899 1
56.9 1
56.9009 1
56.9019 1
56.9029 1
56.904 1
56.905 1
56.906 1
56.9069 1
56.9079 1
56.9089 1
56.91 1
56.911 1
56.912 1
56.913 1
56.9139 1
56.9151 1
56.9161 1
56.917 1
56.918 1
56.919 1
56.9199 1
56.9211 1
56.9221 1
56.923 1
56.924 1
56.925 1
56.9261 1
56.9271 1
56.9281 1
56.9291 1
56.93 1
56.931 1
56.9322 1
56.9331 1
56.9341 1
56.9351 1
56.936 1
56.9372 1
56.9382 1
56.9391 1
56.9401 1
56.9411 1
56.942 1
56.9432 1
56.9442 1
56.9451 1
56.9461 1
56.9471 1
56.9481 1
56.9492 1
56.9502 1
56.9512 1
56.9521 1
56.9531 1
56.9543 1
56.9552 1
56.9562 1
56.9572 1
56.9581 1
56.9591 1
56.9603 1
56.9612 1
56.9622 1
56.9632 1
56.9642 1
56.9653 1
56.9663 1
56.9673 1
56.9682 1
56.9692 1
56.9702 1
56.9713 1
56.9723 1
56.9733 1
56.9742 1
56.9752 1
56.9764 1
56.9773 1
56.9783 1
56.9793 1
56.9802 1
56.9812 1
58.0636 1
58.0645 1
58.0655 1
58.0665 1
58.0674 1
58.0684 1
58.0696 1
58.0705 1
58.0715 1
58.0725 1
58.0735 1
58.0746 1
58.0756 1
58.0766 1
58.0775 1
58.0785 1
58.0795 1
58.0806 1
58.0816 1
58.0826 1
58.0835 1
58.0845 1
58.0855 1
58.0866 1
58.0876 1
58.0886 1
58.0895 1
58.0905 1
58.0917 1
58.0927 1
58.0936 1
58.0946 1
58.0956 1
58.0965 1
58.0977 1
58.0987 1
58.0996 1
58.1006 1
58.1016 1
58.1027 1
58.1037 1
58.1047 1
58.1056 1
58.1066 1
58.1076 1
58.1087 1
58.1097 1
58.1107 1
58.1117 1
58.1126 1
58.1138 1
58.1148 1
58.1157 1
58.1167 1
58.1177 1
58.1186 1
58.1198 1
58.1208 1
58.1217 1
58.1227 1
58.1237 1
58.1246 1
58.1258 1
58.1268 1
58.1278 1
58.1287 1
58.1297 1
58.1309 1
58.1318 1
58.1328 1
58.1338 1
58.1347 1
58.1357 1
58.1369 1
58.1378 1
58.1388 1
58.1398 1
58.1407 1
58.1419 1
58.1429 1
58.1438 1
58.1448 1
58.1458 1
58.1468 1
58.1479 1
58.1489 1
58.1499 1
58.1508 1
58.1518 1
58.153 1
58.1539 1
58.1549 1
58.1559 1
58.1568 1
58.1578 1
59.2402 1
59.2411 1
59.2421 1
59.2431 1
59.244 1
59.245 1
59.2462 1
59.2471 1
59.2481 1
59.2491 1
59.25 1
59.2512 1
59.2522 1
59.2531 1
59.2541 1
59.2551 1
59.2561 1
59.2572 1
59.2582 1
59.2592 1
59.2601 1
59.2611 1
59.2621 1
59.2632 1
59.2642 1
59.2652 1
59.2661 1
59.2671 1
59.2683 1
59.2692 1
59.2702 1
59.2712 1
59.2722 1
59.2731 1
59.2743 1
59.2753 1
59.2762 1
59.2772 1
59.2782 1
59.2793 1
59.2803 1
59.2813 1
59.2822 1
59.2832 1
59.2842 1
59.2853 1
59.2863 1
59.2873 1
59.2882 1
59.2892 1
59.2904 1
59.2914 1
59.2923 1
59.2933 1
59.2943 1
59.2952 1
59.2964 1
59.2974 1
59.2983 1
59.2993 1
59.3003 1
59.3012 1
59.3024 1
59.3034 1
59.3043 1
59.3053 1
59.3063 1
59.3074 1
59.3084 1
59.3094 1
59.3104 1
59.3113 1
59.3123 1
59.3135 1
59.3144 1
59.3154 1
59.3164 1
59.3173 1
59.3185 1
59.3195 1
59.3204 1
59.3214 1
59.3224 1
59.3233 1
59.3245 1
59.3255 1
59.3265 1
59.3274 1
59.3284 1
59.3296 1
59.3305 1
59.3315 1
59.3325 1
59.3334 1
59.3344 1
