29.8966 1
29.8984 1
29.9002 1
29.902 1
29.9038 1
29.9056 1
29.9074 1
29.9092 1
29.911 1
29.9128 1
29.9146 1
29.9164 1
29.9182 1
29.92 1
29.9218 1
29.9236 1
29.9254 1
29.9272 1
29.929 1
29.9308 1
29.9326 1
29.9345 1
29.9363 1
29.9381 1
29.9399 1
29.9417 1
29.9435 1
29.9453 1
29.9471 1
29.9489 1
29.9507 1
29.9525 1
29.9543 1
29.9561 1
29.9579 1
29.9597 1
29.9615 1
29.9633 1
29.9651 1
29.9669 1
29.9687 1
29.9705 1
29.9723 1
29.9741 1
29.9759 1
29.9777 1
29.9795 1
29.9813 1
29.9831 1
29.9849 1
29.9867 1
29.9885 1
29.9903 1
29.9921 1
29.9939 1
29.9957 1
29.9975 1
29.9993 1
30.0011 1
30.0029 1
30.0047 1
30.0065 1
30.0083 1
30.0102 1
30.012 1
30.0138 1
30.0156 1
30.0174 1
30.0192 1
30.021 1
30.0228 1
30.0246 1
30.0264 1
30.0282 1
30.03 1
30.0318 1
30.0336 1
30.0354 1
30.0372 1
30.039 1
30.0408 1
30.0426 1
30.0444 1
30.0462 1
30.048 1
30.0498 1
30.0516 1
30.0534 1
30.0552 1
30.057 1
30.0588 1
30.0606 1
30.0624 1
30.0642 1
30.066 1
30.0678 1
30.0696 1
30.0714 1
30.0732 1
30.075 1
30.0768 1
30.0786 1
30.0804 1
30.0822 1
30.084 1
30.0859 1
30.0877 1
30.0895 1
30.0913 1
30.0931 1
30.0949 1
30.0967 1
30.0985 1
30.1003 1
30.1021 1
30.1039 1
30.1057 1
30.1075 1
30.1093 1
30.1111 1
30.1129 1
30.1147 1
30.1165 1
30.1183 1
30.1201 1
30.1219 1
30.1237 1
30.1255 1
30.1273 1
30.1291 1
30.1309 1
30.1327 1
30.1345 1
30.1363 1
30.1381 1
30.1399 1
30.1417 1
30.1435 1
30.1453 1
30.1471 1
30.1489 1
30.1507 1
30.1525 1
30.1543 1
30.1561 1
30.1579 1
30.1598 1
30.1616 1
30.1634 1
30.1652 1
30.167 1
30.1688 1
30.1706 1
30.1724 1
30.1742 1
30.176 1
30.1778 1
30.1796 1
30.1814 1
30.1832 1
30.185 1
30.1868 1
30.1886 1
30.1904 1
30.1922 1
30.194 1
30.1958 1
30.1976 1
30.1994 1
30.2012 1
30.203 1
30.2048 1
30.2066 1
30.2084 1
30.2102 1
30.212 1
30.2138 1
30.2156 1
30.2174 1
30.2192 1
30.221 1
30.2228 1
30.2246 1
30.2264 1
30.2282 1
30.23 1
30.2318 1
30.2336 1
30.2355 1
30.2373 1
30.2391 1
30.2409 1
30.2427 1
30.2445 1
30.2463 1
30.2481 1
30.2499 1
30.2517 1
30.2535 1
30.2553 1
30.2571 1
30.2589 1
30.2607 1
30.2625 1
30.2643 1
30.2661 1
30.2679 1
30.2697 1
30.2715 1
30.2733 1
30.2751 1
30.2769 1
30.2787 1
30.2805 1
30.2823 1
30.2841 1
30.2859 1
30.2877 1
30.2895 1
30.2913 1
30.2931 1
30.2949 1
30.2967 1
30.2985 1
30.3003 1
30.3021 1
30.3039 1
30.3057 1
30.3075 1
30.3093 1
30.3112 1
30.313 1
30.3148 1
30.3166 1
30.3184 1
30.3202 1
30.322 1
30.3238 1
30.3256 1
30.3274 1
30.3292 1
30.331 1
30.3328 1
30.3346 1
30.3364 1
30.3382 1
30.34 1
30.3418 1
30.3436 1
30.3454 1
30.3472 1
30.349 1
30.3508 1
30.3526 1
30.3544 1
30.3562 1
30.358 1
30.3598 1
30.3616 1
30.3634 1
30.3652 1
30.367 1
30.3688 1
30.3706 1
30.3724 1
30.3742 1
30.376 1
30.3778 1
30.3796 1
30.3814 1
30.3832 1
30.3851 1
30.3869 1
30.3887 1
30.3905 1
30.3923 1
30.3941 1
30.3959 1
30.3977 1
30.3995 1
30.4013 1
30.4031 1
30.4049 1
30.4067 1
30.4085 1
30.4103 1
30.4121 1
30.4139 1
30.4157 1
30.4175 1
30.4193 1
30.4211 1
30.4229 1
30.4247 1
30.4265 1
30.4283 1
30.4301 1
30.4319 1
30.4337 1
30.4355 1
30.4373 1
30.4391 1
30.4409 1
30.4427 1
30.4445 1
30.4463 1
30.4481 1
30.4499 1
30.4517 1
30.4535 1
30.4553 1
30.4571 1
30.4589 1
30.4608 1
30.4626 1
30.4644 1
30.4662 1
30.468 1
30.4698 1
30.4716 1
30.4734 1
30.4752 1
30.477 1
30.4788 1
30.4806 1
30.4824 1
30.4842 1
30.486 1
30.4878 1
30.4896 1
30.4914 1
30.4932 1
30.495 1
30.4968 1
30.4986 1
30.5004 1
30.5022 1
30.504 1
30.5058 1
30.5076 1
30.5094 1
30.5112 1
30.513 1
30.5148 1
30.5166 1
30.5184 1
30.5202 1
30.522 1
30.5238 1
30.5256 1
30.5274 1
30.5292 1
30.531 1
30.5328 1
30.5346 1
30.5365 1
30.5383 1
30.5401 1
30.5419 1
30.5437 1
30.5455 1
30.5473 1
30.5491 1
30.5509 1
30.5527 1
30.5545 1
30.5563 1
30.5581 1
30.5599 1
30.5617 1
30.5635 1
30.5653 1
30.5671 1
30.5689 1
30.5707 1
30.5725 1
30.5743 1
30.5761 1
30.5779 1
30.5797 1
30.5815 1
30.5833 1
30.5851 1
30.5869 1
30.5887 1
30.5905 1
30.5923 1
30.5941 1
30.5959 1
30.5977 1
30.5995 1
30.6013 1
30.6031 1
30.6049 1
30.6067 1
30.6085 1
30.6104 1
30.6122 1
30.614 1
30.6158 1
30.6176 1
30.6194 1
30.6212 1
30.623 1
30.6248 1
30.6266 1
30.6284 1
30.6302 1
30.632 1
30.6338 1
30.6356 1
30.6374 1
30.6392 1
30.641 1
30.6428 1
30.6446 1
30.6464 1
30.6482 1
30.65 1
30.6518 1
30.6536 1
30.6554 1
30.6572 1
30.659 1
30.6608 1
30.6626 1
30.6644 1
30.6662 1
30.668 1
30.6698 1
30.6716 1
30.6734 1
30.6752 1
30.677 1
30.6788 1
30.6806 1
30.6824 1
30.6842 1
30.6861 1
30.6879 1
30.6897 1
30.6915 1
30.6933 1
30.6951 1
30.6969 1
30.6987 1
30.7005 1
30.7023 1
30.7041 1
30.7059 1
30.7077 1
30.7095 1
30.7113 1
30.7131 1
30.7149 1
30.7167 1
30.7185 1
30.7203 1
30.7221 1
30.7239 1
30.7257 1
30.7275 1
30.7293 1
30.7311 1
30.7329 1
30.7347 1
30.7365 1
30.7383 1
30.7401 1
30.7419 1
30.7437 1
30.7455 1
30.7473 1
30.7491 1
30.7509 1
30.7527 1
30.7545 1
30.7563 1
30.7581 1
30.7599 1
30.7618 1
30.7636 1
30.7654 1
30.7672 1
30.769 1
30.7708 1
30.7726 1
30.7744 1
30.7762 1
30.778 1
30.7798 1
30.7816 1
30.7834 1
30.7852 1
30.787 1
30.7888 1
30.7906 1
30.7924 1
30.7942 1
30.796 1
30.7978 1
30.7996 1
30.8014 1
30.8032 1
30.805 1
30.8068 1
30.8086 1
30.8104 1
30.8122 1
30.814 1
30.8158 1
30.8176 1
30.8194 1
30.8212 1
30.823 1
30.8248 1
30.8266 1
30.8284 1
30.8302 1
30.832 1
30.8338 1
30.8357 1
30.8375 1
30.8393 1
30.8411 1
30.8429 1
30.8447 1
30.8465 1
30.8483 1
30.8501 1
30.8519 1
30.8537 1
30.8555 1
30.8573 1
30.8591 1
30.8609 1
30.8627 1
30.8645 1
30.8663 1
30.8681 1
30.8699 1
30.8717 1
30.8735 1
30.8753 1
30.8771 1
30.8789 1
30.8807 1
30.8825 1
30.8843 1
30.8861 1
30.8879 1
30.8897 1
30.8915 1
30.8933 1
30.8951 1
30.8969 1
30.8987 1
30.9005 1
30.9023 1
30.9041 1
30.9059 1
30.9077 1
30.9095 1
30.9114 1
30.9132 1
30.915 1
30.9168 1
30.9186 1
30.9204 1
30.9222 1
30.924 1
30.9258 1
30.9276 1
30.9294 1
30.9312 1
30.933 1
30.9348 1
30.9366 1
30.9384 1
30.9402 1
30.942 1
30.9438 1
30.9456 1
30.9474 1
30.9492 1
30.951 1
30.9528 1
30.9546 1
30.9564 1
30.9582 1
30.96 1
30.9618 1
30.9636 1
30.9654 1
30.9672 1
30.969 1
30.9708 1
30.9726 1
30.9744 1
30.9762 1
30.978 1
30.9798 1
30.9816 1
30.9834 1
30.9852 1
30.9871 1
30.9889 1
30.9907 1
30.9925 1
30.9943 1
30.9961 1
30.9979 1
30.9997 1
31.0015 1
31.0033 1
31.0051 1
31.0069 1
31.0087 1
31.0105 1
31.0123 1
31.0141 1
31.0159 1
31.0177 1
31.0195 1
31.0213 1
31.0231 1
31.0249 1
31.0267 1
31.0285 1
31.0303 1
31.0321 1
31.0339 1
31.0357 1
31.0375 1
31.0393 1
31.0411 1
31.0429 1
31.0447 1
31.0465 1
31.0483 1
31.0501 1
31.0519 1
31.0537 1
31.0555 1
31.0573 1
31.0591 1
31.061 1
31.0628 1
31.0646 1
31.0664 1
31.0682 1
31.07 1
31.0718 1
31.0736 1
31.0754 1
31.0772 1
31.079 1
31.0808 1
31.0826 1
31.0844 1
31.0862 1
31.088 1
31.0898 1
31.0916 1
31.0934 1
31.0952 1
31.097 1
31.0988 1
31.1006 1
31.1024 1
31.1042 1
31.106 1
31.1078 1
31.1096 1
31.1114 1
31.1132 1
31.115 1
31.1168 1
31.1186 1
31.1204 1
31.1222 1
31.124 1
31.1258 1
31.1276 1
31.1294 1
31.1312 1
31.133 1
31.1348 1
31.1367 1
31.1385 1
31.1403 1
31.1421 1
31.1439 1
31.1457 1
31.1475 1
31.1493 1
31.1511 1
31.1529 1
31.1547 1
31.1565 1
31.1583 1
31.1601 1
31.1619 1
31.1637 1
31.1655 1
31.1673 1
31.1691 1
31.1709 1
31.1727 1
31.1745 1
31.1763 1
31.1781 1
31.1799 1
31.1817 1
31.1835 1
31.1853 1
31.1871 1
31.1889 1
31.1907 1
31.1925 1
31.1943 1
31.1961 1
31.1979 1
31.1997 1
31.2015 1
31.2033 1
31.2051 1
31.2069 1
31.2087 1
31.2105 1
31.2124 1
31.2142 1
31.216 1
31.2178 1
31.2196 1
31.2214 1
31.2232 1
31.225 1
31.2268 1
31.2286 1
31.2304 1
31.2322 1
31.234 1
31.2358 1
31.2376 1
31.2394 1
31.2412 1
31.243 1
31.2448 1
31.2466 1
31.2484 1
31.2502 1
31.252 1
31.2538 1
31.2556 1
31.2574 1
31.2592 1
31.261 1
31.2628 1
31.2646 1
31.2664 1
31.2682 1
31.27 1
31.2718 1
31.2736 1
31.2754 1
31.2772 1
31.279 1
31.2808 1
31.2826 1
31.2844 1
31.2863 1
31.2881 1
31.2893 1
31.2911 1
31.2923 1
31.2935 1
31.2953 1
31.2959 1
31.2977 1
31.2995 1
31.3001 1
31.3019 1
31.3031 1
31.3043 1
31.3061 1
31.3073 1
31.3085 1
31.3097 1
31.3115 1
31.3121 1
31.3139 1
31.3157 1
31.3163 1
31.3181 1
31.3193 1
31.3205 1
31.3223 1
31.3235 1
31.3247 1
31.3259 1
31.3277 1
31.3283 1
31.3301 1
31.3319 1
31.3325 1
31.3343 1
31.3355 1
31.3367 1
31.3385 1
31.3397 1
31.3409 1
31.3421 1
31.3439 1
31.3445 1
31.3463 1
31.3481 1
31.3487 1
31.3505 1
31.3517 1
31.3529 1
31.3547 1
31.3559 1
31.3571 1
31.3583 1
31.3601 1
31.3607 1
31.3626 1
31.3638 1
31.365 1
31.3668 1
31.368 1
31.3692 1
31.371 1
31.3722 1
31.3734 1
31.3746 1
31.3764 1
31.377 1
31.3788 1
31.38 1
31.3812 1
31.383 1
31.3842 1
31.3854 1
31.3866 1
31.3884 1
31.3896 1
31.3908 1
31.3926 1
31.3932 1
31.395 1
31.3962 1
31.3974 1
31.3992 1
31.4004 1
31.4016 1
31.4028 1
31.4046 1
31.4052 1
31.407 1
31.4082 1
31.4094 1
31.4112 1
31.4124 1
31.4136 1
31.4148 1
31.4166 1
31.4172 1
31.419 1
31.4208 1
31.4214 1
31.4232 1
31.4244 1
31.4256 1
31.4274 1
31.4286 1
31.4298 1
31.431 1
31.4328 1
31.4334 1
31.4352 1
31.4365 1
31.4377 1
31.4395 1
31.4407 1
31.4419 1
31.4431 1
31.4449 1
31.4455 1
31.4473 1
31.4485 1
31.4497 1
31.4515 1
31.4527 1
31.4539 1
31.4551 1
31.4569 1
31.4575 1
31.4593 1
31.4605 1
31.4617 1
31.4635 1
31.4647 1
31.4659 1
31.4671 1
31.4689 1
31.4701 1
31.4713 1
31.4731 1
31.4737 1
31.4755 1
31.4767 1
31.4779 1
31.4797 1
31.4809 1
31.4821 1
31.4833 1
31.4851 1
31.4857 1
31.4875 1
31.4887 1
31.4899 1
31.4917 1
31.4929 1
31.4941 1
31.4953 1
31.4971 1
31.4977 1
31.4995 1
31.5007 1
31.5019 1
31.5037 1
31.5049 1
31.5061 1
31.5073 1
31.5091 1
31.5097 1
31.5116 1
31.5128 1
31.514 1
31.5158 1
31.517 1
31.5182 1
31.5194 1
31.5212 1
31.5218 1
31.5236 1
31.5248 1
31.526 1
31.5278 1
31.529 1
31.5302 1
31.5314 1
31.5332 1
31.5338 1
31.5356 1
31.5368 1
31.538 1
31.5398 1
31.541 1
31.5416 1
31.5434 1
31.5446 1
31.5458 1
31.5476 1
31.5488 1
31.55 1
31.5512 1
31.553 1
31.5536 1
31.5554 1
31.5566 1
31.5578 1
31.5596 1
31.5608 1
31.562 1
31.5632 1
31.565 1
31.5656 1
31.5674 1
31.5686 1
31.5698 1
31.5716 1
31.5728 1
31.574 1
31.5752 1
31.577 1
31.5776 1
31.5794 1
31.5806 1
31.5818 1
31.5836 1
31.5848 1
31.586 1
31.5873 1
31.5885 1
31.5897 1
31.5915 1
31.5927 1
31.5939 1
31.5951 1
31.5969 1
31.5975 1
31.5993 1
31.6005 1
31.6017 1
31.6035 1
31.6047 1
31.6059 1
31.6071 1
31.6089 1
31.6095 1
31.6113 1
31.6125 1
31.6137 1
31.6155 1
31.6167 1
31.6173 1
31.6191 1
31.6203 1
31.6215 1
31.6233 1
31.6245 1
31.6257 1
31.6269 1
31.6287 1
31.6293 1
31.6311 1
31.6323 1
31.6335 1
31.6353 1
31.6365 1
31.6377 1
31.6389 1
31.6401 1
31.6413 1
31.6431 1
31.6443 1
31.6455 1
31.6467 1
31.6485 1
31.6491 1
31.6509 1
31.6521 1
31.6533 1
31.6551 1
31.6563 1
31.6575 1
31.6587 1
31.6599 1
31.6611 1
31.663 1
31.6642 1
31.6654 1
31.6666 1
31.6684 1
31.669 1
31.6708 1
31.672 1
31.6732 1
31.675 1
31.6762 1
31.6774 1
31.6786 1
31.6798 1
31.681 1
31.6828 1
31.684 1
31.6852 1
31.6864 1
31.6882 1
31.6888 1
31.6906 1
31.6918 1
31.693 1
31.6948 1
31.696 1
31.6966 1
31.6984 1
31.6996 1
31.7008 1
31.7026 1
31.7038 1
31.705 1
31.7062 1
31.7074 1
31.7086 1
31.7104 1
31.7116 1
31.7128 1
31.714 1
31.7158 1
31.7164 1
31.7182 1
31.7194 1
31.7206 1
31.7224 1
31.7236 1
31.7242 1
31.726 1
31.7272 1
31.7284 1
31.7302 1
31.7314 1
31.7326 1
31.7338 1
31.735 1
31.7362 1
31.7381 1
31.7393 1
31.7405 1
31.7417 1
31.7435 1
31.7441 1
31.7459 1
31.7471 1
31.7483 1
31.7495 1
31.7513 1
31.7519 1
31.7537 1
31.7549 1
31.7561 1
31.7579 1
31.7591 1
31.7597 1
31.7615 1
31.7627 1
31.7639 1
31.7657 1
31.7669 1
31.7681 1
31.7693 1
31.7705 1
31.7717 1
31.7735 1
31.7747 1
31.7759 1
31.7771 1
31.7789 1
31.7795 1
31.7813 1
31.7825 1
31.7837 1
31.7849 1
31.7867 1
31.7873 1
31.7891 1
31.7903 1
31.7915 1
31.7933 1
31.7945 1
31.7951 1
31.7969 1
31.7981 1
31.7993 1
31.8011 1
31.8023 1
31.8029 1
31.8047 1
31.8059 1
31.8071 1
31.8089 1
31.8101 1
31.8107 1
31.8126 1
31.8138 1
31.815 1
31.8168 1
31.818 1
31.8186 1
31.8204 1
31.8216 1
31.8228 1
31.8246 1
31.8258 1
31.827 1
31.8282 1
31.8294 1
31.8306 1
31.8324 1
31.8336 1
31.8348 1
31.836 1
31.8372 1
31.8384 1
31.8402 1
31.8414 1
31.8426 1
31.8438 1
31.845 1
31.8462 1
31.848 1
31.8492 1
31.8504 1
31.8516 1
31.8528 1
31.854 1
31.8558 1
31.857 1
31.8582 1
31.8594 1
31.8612 1
31.8618 1
31.8636 1
31.8648 1
31.866 1
31.8672 1
31.869 1
31.8696 1
31.8714 1
31.8726 1
31.8738 1
31.875 1
31.8768 1
31.8774 1
31.8792 1
31.8804 1
31.8816 1
31.8828 1
31.884 1
31.8852 1
31.8871 1
31.8883 1
31.8895 1
31.8907 1
31.8919 1
31.8931 1
31.8949 1
31.8961 1
31.8973 1
31.8985 1
31.8997 1
31.9009 1
31.9027 1
31.9039 1
31.9051 1
31.9063 1
31.9075 1
31.9087 1
31.9105 1
31.9117 1
31.9129 1
31.9141 1
31.9153 1
31.9165 1
31.9183 1
31.9195 1
31.9201 1
31.9219 1
31.9231 1
31.9243 1
31.9261 1
31.9273 1
31.9279 1
31.9297 1
31.9309 1
31.9321 1
31.9339 1
31.9351 1
31.9357 1
31.9375 1
31.9387 1
31.9399 1
31.9417 1
31.9429 1
31.9435 1
31.9453 1
31.9465 1
31.9477 1
31.9495 1
31.9507 1
31.9513 1
31.9531 1
31.9543 1
31.9555 1
31.9567 1
31.9585 1
31.9591 1
31.9609 1
31.9622 1
31.9634 1
31.9646 1
31.9658 1
31.967 1
31.9688 1
31.97 1
31.9712 1
31.9724 1
31.9736 1
31.9748 1
31.9766 1
31.9778 1
31.9784 1
31.9802 1
31.9814 1
31.9826 1
31.9844 1
31.9856 1
31.9862 1
31.988 1
31.9892 1
31.9904 1
31.9922 1
31.9934 1
31.994 1
31.9958 1
31.997 1
31.9982 1
31.9994 1
32.0012 1
32.0018 1
32.0036 1
32.0048 1
32.006 1
32.0072 1
32.0084 1
32.0096 1
32.0114 1
32.0126 1
32.0132 1
32.015 1
32.0162 1
32.0174 1
32.0192 1
32.0204 1
32.021 1
32.0228 1
32.024 1
32.0252 1
32.027 1
32.0282 1
32.0288 1
32.0306 1
32.0318 1
32.033 1
32.0342 1
32.0354 1
32.0366 1
32.0385 1
32.0397 1
32.0403 1
32.0421 1
32.0433 1
32.0445 1
32.0463 1
32.0475 1
32.0481 1
32.0499 1
32.0511 1
32.0523 1
32.0541 1
32.0553 1
32.0559 1
32.0577 1
32.0589 1
32.0601 1
32.0613 1
32.0625 1
32.0637 1
32.0655 1
32.0667 1
32.0673 1
32.0691 1
32.0703 1
32.0715 1
32.0733 1
32.0745 1
32.0751 1
32.0769 1
32.0781 1
32.0793 1
32.0805 1
32.0817 1
32.0829 1
32.0847 1
32.0859 1
32.0865 1
32.0883 1
32.0895 1
32.0907 1
32.0925 1
32.0937 1
32.0943 1
32.0961 1
32.0973 1
32.0985 1
32.0997 1
32.1009 1
32.1021 1
32.1039 1
32.1051 1
32.1057 1
32.1075 1
32.1087 1
32.1099 1
32.1117 1
32.113 1
32.1136 1
32.1154 1
32.1166 1
32.1178 1
32.119 1
32.1202 1
32.1214 1
32.1232 1
32.1244 1
32.125 1
32.1268 1
32.128 1
32.1292 1
32.131 1
32.1322 1
32.1328 1
32.1346 1
32.1358 1
32.137 1
32.1382 1
32.1394 1
32.1406 1
32.1424 1
32.1436 1
32.1442 1
32.146 1
32.1472 1
32.1484 1
32.1502 1
32.1514 1
32.152 1
32.1538 1
32.155 1
32.1556 1
32.1574 1
32.1586 1
32.1598 1
32.1616 1
32.1628 1
32.1634 1
32.1652 1
32.1664 1
32.1676 1
32.1688 1
32.17 1
32.1712 1
32.173 1
32.1742 1
32.1748 1
32.1766 1
32.1778 1
32.179 1
32.1808 1
32.1814 1
32.1826 1
32.1844 1
32.1856 1
32.1862 1
32.1881 1
32.1893 1
32.1905 1
32.1923 1
32.1935 1
32.1941 1
32.1959 1
32.1971 1
32.1983 1
32.1995 1
32.2007 1
32.2019 1
32.2037 1
32.2049 1
32.2055 1
32.2073 1
32.2085 1
32.2097 1
32.2109 1
32.2121 1
32.2133 1
32.2151 1
32.2163 1
32.2169 1
32.2187 1
32.2199 1
32.2211 1
32.2223 1
32.2235 1
32.2247 1
32.2265 1
32.2277 1
32.2283 1
32.2301 1
32.2313 1
32.2325 1
32.2337 1
32.2349 1
32.2361 1
32.2379 1
32.2391 1
32.2397 1
32.2415 1
32.2427 1
32.2439 1
32.2457 1
32.2463 1
32.2475 1
32.2493 1
32.2505 1
32.2511 1
32.2529 1
32.2541 1
32.2553 1
32.2571 1
32.2577 1
32.2589 1
32.2607 1
32.2619 1
32.2626 1
32.2644 1
32.2656 1
32.2668 1
32.268 1
32.2692 1
32.2704 1
32.2722 1
32.2734 1
32.274 1
32.2758 1
32.277 1
32.2782 1
32.2794 1
32.2806 1
32.2818 1
32.2836 1
32.2848 1
32.2854 1
32.2872 1
32.2884 1
32.2896 1
32.2908 1
32.292 1
32.2932 1
32.295 1
32.2962 1
32.2968 1
32.2986 1
32.2998 1
32.301 1
32.3022 1
32.3034 1
32.3046 1
32.3064 1
32.3076 1
32.3082 1
32.31 1
32.3112 1
32.3118 1
32.3136 1
32.3148 1
32.316 1
32.3178 1
32.319 1
32.3196 1
32.3214 1
32.3226 1
32.3232 1
32.325 1
32.3262 1
32.3274 1
32.3292 1
32.3298 1
32.331 1
32.3328 1
32.334 1
32.3346 1
32.3364 1
32.3377 1
32.3389 1
32.3401 1
32.3413 1
32.3425 1
32.3443 1
32.3455 1
32.3461 1
32.3479 1
32.3491 1
32.3497 1
32.3515 1
32.3527 1
32.3539 1
32.3557 1
32.3563 1
32.3575 1
32.3593 1
32.3605 1
32.3611 1
32.3629 1
32.3641 1
32.3653 1
32.3665 1
32.3677 1
32.3689 1
32.3707 1
32.3719 1
32.3725 1
32.3743 1
32.3755 1
32.3761 1
32.3779 1
32.3791 1
32.3803 1
32.3821 1
32.3827 1
32.3839 1
32.3857 1
32.3869 1
32.3875 1
32.3893 1
32.3905 1
32.3917 1
32.3929 1
32.3941 1
32.3953 1
32.3971 1
32.3983 1
32.3989 1
32.4007 1
32.4019 1
32.4025 1
32.4043 1
32.4055 1
32.4067 1
32.4085 1
32.4091 1
32.4103 1
32.4121 1
32.4134 1
32.414 1
32.4158 1
32.417 1
32.4176 1
32.4194 1
32.4206 1
32.4218 1
32.4236 1
32.4242 1
32.4254 1
32.4272 1
32.4284 1
32.429 1
32.4308 1
32.432 1
32.4332 1
32.4344 1
32.4356 1
32.4368 1
32.4386 1
32.4392 1
32.4404 1
32.4422 1
32.4434 1
32.444 1
32.4458 1
32.447 1
32.4482 1
32.4494 1
32.4506 1
32.4518 1
32.4536 1
32.4542 1
32.4554 1
32.4572 1
32.4584 1
32.459 1
32.4608 1
32.462 1
32.4632 1
32.4644 1
32.4656 1
32.4668 1
32.4686 1
32.4692 1
32.4704 1
32.4722 1
32.4734 1
32.474 1
32.4758 1
32.477 1
32.4776 1
32.4794 1
32.4806 1
32.4818 1
32.4836 1
32.4842 1
32.4854 1
32.4872 1
32.4885 1
32.4891 1
32.4909 1
32.4921 1
32.4927 1
32.4945 1
32.4957 1
32.4969 1
32.4987 1
32.4993 1
32.5005 1
32.5023 1
32.5035 1
32.5041 1
32.5059 1
32.5071 1
32.5077 1
32.5095 1
32.5107 1
32.5119 1
32.5131 1
32.5143 1
32.5155 1
32.5173 1
32.5179 1
32.5191 1
32.5209 1
32.5221 1
32.5227 1
32.5245 1
32.5257 1
32.5263 1
32.5281 1
32.5293 1
32.5305 1
32.5323 1
32.5329 1
32.5341 1
32.5359 1
32.5371 1
32.5377 1
32.5395 1
32.5407 1
32.5413 1
32.5431 1
32.5443 1
32.5455 1
32.5467 1
32.5479 1
32.5491 1
32.5509 1
32.5515 1
32.5527 1
32.5545 1
32.5557 1
32.5563 1
32.5581 1
32.5593 1
32.5599 1
32.5617 1
32.563 1
32.5642 1
32.5654 1
32.5666 1
32.5678 1
32.5696 1
32.5702 1
32.5714 1
32.5732 1
32.5744 1
32.575 1
32.5768 1
32.578 1
32.5786 1
32.5804 1
32.5816 1
32.5828 1
32.584 1
32.5852 1
32.5864 1
32.5882 1
32.5888 1
32.59 1
32.5918 1
32.593 1
32.5936 1
32.5954 1
32.5966 1
32.5972 1
32.599 1
32.6002 1
32.6008 1
32.6026 1
32.6038 1
32.605 1
32.6068 1
32.6074 1
32.6086 1
32.6104 1
32.611 1
32.6122 1
32.614 1
32.6152 1
32.6158 1
32.6176 1
32.6188 1
32.6194 1
32.6212 1
32.6224 1
32.6236 1
32.6248 1
32.626 1
32.6272 1
32.629 1
32.6296 1
32.6308 1
32.6326 1
32.6338 1
32.6344 1
32.6362 1
32.6374 1
32.6381 1
32.6399 1
32.6411 1
32.6417 1
32.6435 1
32.6447 1
32.6459 1
32.6477 1
32.6483 1
32.6495 1
32.6513 1
32.6519 1
32.6531 1
32.6549 1
32.6561 1
32.6567 1
32.6585 1
32.6597 1
32.6603 1
32.6621 1
32.6633 1
32.6639 1
32.6657 1
32.6669 1
32.6681 1
32.6699 1
32.6705 1
32.6717 1
32.6735 1
32.6741 1
32.6753 1
32.6771 1
32.6783 1
32.6789 1
32.6807 1
32.6819 1
32.6825 1
32.6843 1
32.6855 1
32.6861 1
32.6879 1
32.6891 1
32.6903 1
32.6915 1
32.6927 1
32.6939 1
32.6957 1
32.6963 1
32.6975 1
32.6993 1
32.6999 1
32.7011 1
32.7029 1
32.7041 1
32.7047 1
32.7065 1
32.7077 1
32.7083 1
32.7101 1
32.7113 1
32.7119 1
32.7138 1
32.715 1
32.7162 1
32.7174 1
32.7186 1
32.7198 1
32.7216 1
32.7222 1
32.7234 1
32.7252 1
32.7258 1
32.727 1
32.7288 1
32.73 1
32.7306 1
32.7324 1
32.7336 1
32.7342 1
32.736 1
32.7372 1
32.7378 1
32.7396 1
32.7408 1
32.7414 1
32.7432 1
32.7444 1
32.7456 1
32.7474 1
32.748 1
32.7492 1
32.751 1
32.7516 1
32.7528 1
32.7546 1
32.7552 1
32.7564 1
32.7582 1
32.7594 1
32.76 1
32.7618 1
32.763 1
32.7636 1
32.7654 1
32.7666 1
32.7672 1
32.769 1
32.7702 1
32.7708 1
32.7726 1
32.7738 1
32.775 1
32.7768 1
32.7774 1
32.7786 1
32.7804 1
32.781 1
32.7822 1
32.784 1
32.7846 1
32.7858 1
32.7876 1
32.7889 1
32.7895 1
32.7913 1
32.7925 1
32.7931 1
32.7949 1
32.7961 1
32.7967 1
32.7985 1
32.7997 1
32.8003 1
32.8021 1
32.8033 1
32.8039 1
32.8057 1
32.8069 1
32.8081 1
32.8099 1
32.8105 1
32.8117 1
32.8135 1
32.8141 1
32.8153 1
32.8171 1
32.8177 1
32.8189 1
32.8207 1
32.8213 1
32.8225 1
32.8243 1
32.8255 1
32.8261 1
32.8279 1
32.8291 1
32.8297 1
32.8315 1
32.8327 1
32.8333 1
32.8351 1
32.8363 1
32.8369 1
32.8387 1
32.8399 1
32.8405 1
32.8423 1
32.8435 1
32.8447 1
32.8459 1
32.8471 1
32.8483 1
32.8501 1
32.8507 1
32.8519 1
32.8537 1
32.8543 1
32.8555 1
32.8573 1
32.8579 1
32.8591 1
32.8609 1
32.8615 1
32.8627 1
32.8646 1
32.8652 1
32.8664 1
32.8682 1
32.8694 1
32.87 1
32.8718 1
32.873 1
32.8736 1
32.8754 1
32.8766 1
32.8772 1
32.879 1
32.8802 1
32.8808 1
32.8826 1
32.8838 1
32.8844 1
32.8862 1
32.8874 1
32.888 1
32.8898 1
32.891 1
32.8922 1
32.8934 1
32.8946 1
32.8958 1
32.8976 1
32.8982 1
32.8994 1
32.9012 1
32.9018 1
32.903 1
32.9048 1
32.9054 1
32.9066 1
32.9084 1
32.909 1
32.9102 1
32.912 1
32.9126 1
32.9138 1
32.9156 1
32.9162 1
32.9174 1
32.9192 1
32.9204 1
32.921 1
32.9228 1
32.924 1
32.9246 1
32.9264 1
32.9276 1
32.9282 1
32.93 1
32.9312 1
32.9318 1
32.9336 1
32.9348 1
32.9354 1
32.9372 1
32.9385 1
32.9391 1
32.9409 1
32.9421 1
32.9427 1
32.9445 1
32.9457 1
32.9463 1
32.9481 1
32.9493 1
32.9499 1
32.9517 1
32.9529 1
32.9535 1
32.9553 1
32.9565 1
32.9577 1
32.9589 1
32.9601 1
32.9613 1
32.9631 1
32.9637 1
32.9649 1
32.9667 1
32.9673 1
32.9685 1
32.9703 1
32.9709 1
32.9721 1
32.9739 1
32.9745 1
32.9757 1
32.9775 1
32.9781 1
32.9793 1
32.9811 1
32.9817 1
32.9829 1
32.9847 1
32.9853 1
32.9865 1
32.9883 1
32.9889 1
32.9901 1
32.9919 1
32.9925 1
32.9937 1
32.9955 1
32.9961 1
32.9973 1
32.9991 1
32.9997 1
33.0009 1
33.0027 1
33.0033 1
33.0045 1
33.0063 1
33.0069 1
33.0081 1
33.0099 1
33.0105 1
33.0117 1
33.0136 1
33.0148 1
33.0154 1
33.0172 1
33.0184 1
33.019 1
33.0208 1
33.022 1
33.0226 1
33.0244 1
33.0256 1
33.0262 1
33.028 1
33.0292 1
33.0298 1
33.0316 1
33.0328 1
33.0334 1
33.0352 1
33.0364 1
33.037 1
33.0388 1
33.04 1
33.0406 1
33.0424 1
33.0436 1
33.0442 1
33.046 1
33.0472 1
33.0478 1
33.0496 1
33.0508 1
33.0514 1
33.0532 1
33.0544 1
33.055 1
33.0568 1
33.058 1
33.0586 1
33.0604 1
33.0616 1
33.0622 1
33.064 1
33.0652 1
33.0658 1
33.0676 1
33.0688 1
33.0694 1
33.0712 1
33.0724 1
33.073 1
33.0748 1
33.076 1
33.0766 1
33.0784 1
33.0796 1
33.0802 1
33.082 1
33.0832 1
33.0838 1
33.0856 1
33.0868 1
33.0874 1
33.0893 1
33.0905 1
33.0911 1
33.0929 1
33.0941 1
33.0947 1
33.0965 1
33.0977 1
33.0983 1
33.1001 1
33.1013 1
33.1019 1
33.1037 1
33.1049 1
33.1055 1
33.1073 1
33.1085 1
33.1091 1
33.1109 1
33.1121 1
33.1127 1
33.1145 1
33.1151 1
33.1163 1
33.1181 1
33.1187 1
33.1199 1
33.1217 1
33.1223 1
33.1235 1
33.1253 1
33.1259 1
33.1271 1
33.1289 1
33.1295 1
33.1307 1
33.1325 1
33.1331 1
33.1343 1
33.1361 1
33.1367 1
33.1379 1
33.1397 1
33.1403 1
33.1415 1
33.1433 1
33.1439 1
33.1451 1
33.1469 1
33.1475 1
33.1487 1
33.1505 1
33.1511 1
33.1523 1
33.1541 1
33.1547 1
33.1559 1
33.1577 1
33.1583 1
33.1595 1
33.1613 1
33.1619 1
33.1631 1
33.165 1
33.1656 1
33.1668 1
33.1686 1
33.1692 1
33.1704 1
33.1716 1
33.1728 1
33.174 1
33.1752 1
33.1764 1
33.1776 1
33.1788 1
33.18 1
33.1812 1
33.1824 1
33.1836 1
33.1848 1
33.186 1
33.1872 1
33.1884 1
33.1896 1
33.1908 1
33.192 1
33.1932 1
33.1944 1
33.1956 1
33.1968 1
33.198 1
33.1992 1
33.2004 1
33.2016 1
33.2028 1
33.204 1
33.2052 1
33.2064 1
33.2076 1
33.2088 1
33.21 1
33.2112 1
33.2124 1
33.2136 1
33.2148 1
33.216 1
33.2172 1
33.2184 1
33.2196 1
33.2208 1
33.222 1
33.2232 1
33.2244 1
33.2256 1
33.2268 1
33.228 1
33.2292 1
33.2304 1
33.2316 1
33.2328 1
33.234 1
33.2352 1
33.2364 1
33.2376 1
33.2389 1
33.2401 1
33.2413 1
33.2425 1
33.2437 1
33.2449 1
33.2461 1
33.2473 1
33.2485 1
33.2497 1
33.2509 1
33.2521 1
33.2533 1
33.2545 1
33.2557 1
33.2569 1
33.2581 1
33.2593 1
33.2605 1
33.2617 1
33.2629 1
33.2641 1
33.2653 1
33.2665 1
33.2677 1
33.2689 1
33.2701 1
33.2713 1
33.2725 1
33.2737 1
33.2749 1
33.2761 1
33.2773 1
33.2785 1
33.2797 1
33.2809 1
33.2821 1
33.2833 1
33.2845 1
33.2857 1
33.2869 1
33.2881 1
33.2893 1
33.2905 1
33.2917 1
33.2929 1
33.2941 1
33.2953 1
33.2965 1
33.2977 1
33.2989 1
33.3001 1
33.3013 1
33.3025 1
33.3037 1
33.3049 1
33.3061 1
33.3073 1
33.3085 1
33.3097 1
33.3109 1
33.3121 1
33.3133 1
33.3146 1
33.3158 1
33.317 1
33.3182 1
33.3194 1
33.3206 1
33.3218 1
33.323 1
33.3242 1
33.3254 1
33.3266 1
33.3278 1
33.329 1
33.3302 1
33.3314 1
33.3326 1
33.3338 1
33.335 1
33.3362 1
33.3374 1
33.3386 1
33.3398 1
33.341 1
33.3422 1
33.3434 1
33.3446 1
33.3458 1
33.347 1
33.3482 1
33.3494 1
33.3506 1
33.3518 1
33.353 1
33.3542 1
33.3554 1
33.3566 1
33.3578 1
33.359 1
33.3602 1
33.3614 1
33.3626 1
33.3638 1
33.365 1
33.3662 1
33.3674 1
33.3686 1
33.3698 1
33.371 1
33.3722 1
33.3734 1
33.3746 1
33.3758 1
33.377 1
33.3782 1
33.3794 1
33.3806 1
33.3818 1
33.383 1
33.3842 1
33.3854 1
33.3866 1
33.3878 1
33.3891 1
33.3903 1
33.3915 1
33.3927 1
33.3939 1
33.3951 1
33.3963 1
33.3975 1
33.3987 1
33.3999 1
33.4011 1
33.4023 1
33.4035 1
33.4047 1
33.4059 1
33.4071 1
33.4083 1
33.4095 1
33.4107 1
33.4119 1
33.4131 1
33.4143 1
33.4155 1
33.4167 1
33.4179 1
33.4191 1
33.4203 1
33.4215 1
33.4227 1
33.4239 1
33.4251 1
33.4263 1
33.4275 1
33.4287 1
33.4299 1
33.4311 1
33.4323 1
33.4335 1
33.4347 1
33.4359 1
33.4371 1
33.4383 1
33.4395 1
33.4407 1
33.4419 1
33.4431 1
33.4443 1
33.4455 1
33.4467 1
33.4479 1
33.4491 1
33.4503 1
33.4515 1
33.4527 1
33.4539 1
33.4551 1
33.4563 1
33.4575 1
33.4587 1
33.4599 1
33.4611 1
33.4623 1
33.4635 1
33.4648 1
33.466 1
33.4672 1
33.4684 1
33.4696 1
33.4708 1
33.472 1
33.4732 1
33.4744 1
33.4756 1
33.4768 1
33.478 1
33.4792 1
33.4804 1
33.4816 1
33.4828 1
33.484 1
33.4852 1
33.4864 1
33.4876 1
33.4888 1
33.49 1
33.4912 1
33.4924 1
33.4936 1
33.4948 1
33.496 1
33.4972 1
33.4984 1
33.4996 1
33.5008 1
33.502 1
33.5032 1
33.5044 1
33.5056 1
33.5068 1
33.508 1
33.5092 1
33.5104 1
33.5116 1
33.5128 1
33.514 1
33.5152 1
33.5164 1
33.5176 1
33.5188 1
33.52 1
33.5212 1
33.5224 1
33.5236 1
33.5248 1
33.526 1
33.5272 1
33.5284 1
33.5296 1
33.5308 1
33.532 1
33.5332 1
33.5344 1
33.5356 1
33.5368 1
33.538 1
33.5393 1
33.5405 1
33.5417 1
33.5429 1
33.5441 1
33.5453 1
33.5465 1
33.5477 1
33.5489 1
33.5501 1
33.5513 1
33.5525 1
33.5537 1
33.5549 1
33.5561 1
33.5573 1
33.5585 1
33.5597 1
33.5609 1
33.5621 1
33.5633 1
33.5645 1
33.5657 1
33.5669 1
33.5681 1
33.5693 1
33.5705 1
33.5717 1
33.5729 1
33.5741 1
33.5753 1
33.5765 1
33.5777 1
33.5789 1
33.5801 1
33.5813 1
33.5825 1
33.5837 1
33.5849 1
33.5861 1
33.5873 1
33.5885 1
33.5897 1
33.5909 1
33.5921 1
33.5933 1
33.5945 1
33.5957 1
33.5969 1
33.5981 1
33.5993 1
33.6005 1
33.6017 1
33.6029 1
33.6041 1
33.6053 1
33.6065 1
33.6077 1
33.6089 1
33.6101 1
33.6113 1
33.6125 1
33.6137 1
33.615 1
33.6162 1
33.6174 1
33.6186 1
33.6198 1
33.621 1
33.6222 1
33.6234 1
33.6246 1
33.6258 1
33.627 1
33.6282 1
33.6294 1
33.6306 1
33.6318 1
33.633 1
33.6342 1
33.6354 1
33.6366 1
33.6378 1
33.639 1
33.6402 1
33.6414 1
33.6426 1
33.6438 1
33.645 1
33.6462 1
33.6474 1
33.6486 1
33.6498 1
33.651 1
33.6522 1
33.6534 1
33.6546 1
33.6558 1
33.657 1
33.6582 1
33.6594 1
33.6606 1
33.6618 1
33.663 1
33.6642 1
33.6654 1
33.6666 1
33.6678 1
33.669 1
33.6702 1
33.6714 1
33.6726 1
33.6738 1
33.675 1
33.6762 1
33.6774 1
33.6786 1
33.6798 1
33.681 1
33.6822 1
33.6834 1
33.6846 1
33.6858 1
33.687 1
33.6882 1
33.6895 1
33.6907 1
33.6919 1
33.6931 1
33.6943 1
33.6955 1
33.6967 1
33.6979 1
33.6991 1
33.7003 1
33.7015 1
33.7027 1
33.7039 1
33.7051 1
33.7063 1
33.7075 1
33.7087 1
33.7099 1
33.7111 1
33.7123 1
33.7135 1
33.7147 1
33.7159 1
33.7171 1
33.7183 1
33.7195 1
33.7207 1
33.7219 1
33.7231 1
33.7243 1
33.7255 1
33.7267 1
33.7279 1
33.7291 1
33.7303 1
33.7315 1
33.7327 1
33.7339 1
33.7351 1
33.7363 1
33.7375 1
33.7387 1
33.7399 1
33.7411 1
33.7423 1
33.7435 1
33.7447 1
33.7459 1
33.7471 1
33.7483 1
33.7495 1
33.7507 1
33.7519 1
33.7531 1
33.7543 1
33.7555 1
33.7567 1
33.7579 1
33.7591 1
33.7603 1
33.7615 1
33.7627 1
33.7639 1
33.7652 1
33.7664 1
33.7676 1
33.7688 1
33.77 1
33.7712 1
33.7724 1
33.7736 1
33.7748 1
33.776 1
33.7772 1
33.7784 1
33.7796 1
33.7808 1
33.782 1
33.7832 1
33.7844 1
33.7856 1
33.7868 1
33.788 1
33.7892 1
33.7904 1
33.7916 1
33.7928 1
33.794 1
33.7952 1
33.7964 1
33.7976 1
33.7988 1
33.8 1
33.8012 1
33.8024 1
33.8036 1
33.8048 1
33.806 1
33.8072 1
33.8084 1
33.8096 1
33.8108 1
33.812 1
33.8132 1
33.8144 1
33.8156 1
33.8168 1
33.818 1
33.8192 1
33.8204 1
33.8216 1
33.8228 1
33.824 1
33.8252 1
33.8264 1
33.8276 1
33.8288 1
33.83 1
33.8312 1
33.8324 1
33.8336 1
33.8348 1
33.836 1
33.8372 1
33.8384 1
33.8397 1
33.8409 1
33.8421 1
33.8433 1
33.8445 1
33.8457 1
33.8469 1
33.8481 1
33.8493 1
33.8505 1
33.8517 1
33.8529 1
33.8541 1
33.8553 1
33.8565 1
33.8577 1
33.8589 1
33.8601 1
33.8613 1
33.8625 1
33.8637 1
33.8649 1
33.8661 1
33.8673 1
33.8685 1
33.8697 1
33.8709 1
33.8721 1
33.8733 1
33.8745 1
33.8757 1
33.8769 1
33.8781 1
33.8793 1
33.8805 1
33.8817 1
33.8829 1
33.8841 1
33.8853 1
33.8865 1
33.8877 1
33.8889 1
33.8901 1
33.8913 1
33.8925 1
33.8937 1
33.8949 1
33.8961 1
33.8973 1
33.8985 1
33.8997 1
33.9009 1
33.9021 1
33.9033 1
33.9045 1
33.9057 1
33.9069 1
33.9081 1
33.9093 1
33.9105 1
33.9117 1
33.9129 1
33.9141 1
33.9154 1
33.9166 1
33.9178 1
33.919 1
33.9202 1
33.9214 1
33.9226 1
33.9238 1
33.925 1
33.9262 1
33.9274 1
33.9286 1
33.9298 1
33.931 1
33.9322 1
33.9334 1
33.9346 1
33.9358 1
33.937 1
33.9382 1
33.9394 1
33.9406 1
33.9418 1
33.943 1
33.9442 1
33.9454 1
33.9466 1
33.9478 1
33.949 1
33.9502 1
33.9514 1
33.9526 1
33.9538 1
33.955 1
33.9562 1
33.9574 1
33.9586 1
33.9598 1
33.961 1
33.9622 1
33.9634 1
33.9646 1
33.9658 1
33.967 1
33.9682 1
33.9694 1
33.9706 1
33.9718 1
33.973 1
33.9742 1
33.9754 1
33.9766 1
33.9778 1
33.979 1
33.9802 1
33.9814 1
33.9826 1
33.9838 1
33.985 1
33.9862 1
33.9874 1
33.9886 1
33.9899 1
33.9911 1
33.9923 1
33.9935 1
33.9947 1
33.9959 1
33.9971 1
33.9983 1
33.9995 1
34.0007 1
34.0019 1
34.0031 1
34.0043 1
34.0055 1
34.0067 1
34.0079 1
34.0091 1
34.0103 1
34.0115 1
34.0127 1
34.0139 1
34.0151 1
34.0163 1
34.0175 1
34.0187 1
34.0199 1
34.0211 1
34.0223 1
34.0235 1
34.0247 1
34.0259 1
34.0271 1
34.0283 1
34.0295 1
34.0307 1
34.0319 1
34.0331 1
34.0343 1
34.0355 1
34.0367 1
34.0379 1
34.0391 1
34.0403 1
34.0415 1
34.0427 1
34.0439 1
34.0451 1
34.0463 1
34.0475 1
34.0487 1
34.0499 1
34.0511 1
34.0523 1
34.0535 1
34.0547 1
34.0559 1
34.0571 1
34.0583 1
34.0595 1
34.0607 1
34.0619 1
34.0631 1
34.0643 1
34.0656 1
34.0668 1
34.068 1
34.0692 1
34.0704 1
34.0716 1
34.0728 1
34.074 1
34.0752 1
34.0764 1
34.0776 1
34.0788 1
34.08 1
34.0812 1
34.0824 1
34.0836 1
34.0848 1
34.086 1
34.0872 1
34.0884 1
34.0896 1
34.0908 1
34.092 1
34.0932 1
34.0944 1
34.0956 1
34.0968 1
34.098 1
34.0992 1
34.1004 1
34.1016 1
38.3378 1
38.3378 1
41.1592 1
41.1592 1
41.1592 1
41.1593 1
41.1593 1
41.1593 1
41.1593 1
41.1593 1
41.1593 1
41.1593 1
41.1593 1
41.1594 1
41.1594 1
41.1594 1
41.1594 1
41.1594 1
41.1594 1
41.1594 1
41.1594 1
41.1598 1
41.1598 1
41.1604 1
41.161 1
41.1616 1
41.1622 1
41.1628 1
41.1634 1
41.164 1
41.1646 1
41.1652 1
41.1658 1
41.1664 1
41.167 1
41.1676 1
41.1682 1
41.1688 1
41.1694 1
41.17 1
41.1706 1
41.1724 1
41.2163 1
41.2535 1
41.2866 1
41.3172 1
41.3448 1
41.3713 1
41.3959 1
41.4193 1
41.4416 1
41.4626 1
41.483 1
41.5029 1
41.5221 1
41.5407 1
41.5587 1
41.5762 1
41.593 1
41.6098 1
41.626 1
41.6416 1
41.6573 1
41.6723 1
41.6873 1
41.7017 1
41.7161 1
41.73 1
41.7438 1
41.7576 1
41.7708 1
41.784 1
41.7972 1
41.8099 1
41.8225 1
41.8351 1
41.8477 1
41.8591 1
41.8711 1
41.8832 1
41.8952 1
41.9066 1
41.918 1
41.9294 1
41.9408 1
41.9523 1
41.9631 1
41.9739 1
41.9847 1
41.9955 1
42.0063 1
42.0171 1
42.0274 1
42.0376 1
42.0478 1
42.058 1
42.0682 1
42.0784 1
42.0886 1
42.0988 1
42.1079 1
42.1175 1
42.1271 1
42.1367 1
42.1463 1
42.1559 1
42.1655 1
42.1751 1
42.1848 1
42.1938 1
42.2028 1
42.2118 1
42.2208 1
42.2298 1
42.2388 1
42.2478 1
42.2569 1
42.2659 1
42.2749 1
42.2839 1
42.2923 1
42.3007 1
42.3091 1
42.3175 1
42.326 1
42.3344 1
42.3428 1
42.3512 1
42.3596 1
42.368 1
42.3764 1
42.3848 1
42.3932 1
42.4017 1
42.4101 1
42.4179 1
42.4257 1
42.4335 1
42.4413 1
42.4491 1
42.4569 1
42.4647 1
42.4725 1
42.4804 1
42.4882 1
42.496 1
42.5038 1
42.5116 1
42.5194 1
42.5272 1
42.535 1
42.5428 1
