5.79326 1
5.79422 1
5.79518 1
5.79614 1
5.7971 1
5.79806 1
5.79903 1
5.79999 1
5.80095 1
5.80191 1
5.80287 1
5.80383 1
5.80479 1
5.80575 1
5.80672 1
5.80768 1
5.80864 1
5.8096 1
5.81056 1
5.81152 1
5.81248 1
5.81344 1
5.81441 1
5.81537 1
5.81633 1
5.81729 1
5.81825 1
5.81921 1
5.82017 1
5.82113 1
5.8221 1
5.82306 1
5.82402 1
5.82498 1
5.82594 1
5.8269 1
5.82786 1
5.82882 1
5.82979 1
5.83075 1
5.83171 1
5.83267 1
5.83363 1
5.83459 1
5.83555 1
5.83651 1
5.83748 1
5.83844 1
5.8394 1
5.84036 1
5.84132 1
5.84228 1
5.84324 1
5.84421 1
5.84517 1
5.84613 1
5.84709 1
5.84805 1
5.84901 1
5.84997 1
5.85093 1
5.8519 1
5.85286 1
5.85382 1
5.85478 1
5.85574 1
5.8567 1
5.85766 1
5.85862 1
5.85959 1
5.86055 1
5.86151 1
5.86247 1
5.86343 1
5.86439 1
5.86535 1
5.86631 1
5.86728 1
5.86824 1
5.8692 1
5.87016 1
5.87112 1
5.87208 1
5.87304 1
5.874 1
5.87497 1
5.87593 1
5.87689 1
5.87785 1
5.87881 1
5.87977 1
5.88073 1
5.8817 1
5.88266 1
5.88362 1
5.88458 1
5.88554 1
5.8865 1
5.88746 1
5.88842 1
5.88939 1
5.89035 1
5.89131 1
5.89227 1
5.89323 1
5.89419 1
5.89515 1
5.89611 1
5.89708 1
5.89804 1
5.899 1
5.89996 1
5.90092 1
5.90188 1
5.90284 1
5.9038 1
5.90477 1
5.90573 1
5.90669 1
5.90765 1
5.90861 1
5.90957 1
5.91053 1
5.91149 1
5.91246 1
5.91342 1
5.91438 1
5.91534 1
5.9163 1
5.91726 1
5.91822 1
5.91919 1
5.92015 1
5.92111 1
5.92207 1
5.92303 1
5.92399 1
5.92495 1
5.92591 1
5.92688 1
5.92784 1
5.9288 1
5.92976 1
5.93072 1
5.93168 1
5.93264 1
5.9336 1
5.93457 1
5.93553 1
5.93649 1
5.93745 1
5.93841 1
5.93937 1
5.94033 1
5.94129 1
5.94226 1
5.94322 1
5.94418 1
5.94514 1
5.9461 1
5.94706 1
5.94802 1
5.94898 1
5.94995 1
5.95091 1
5.95187 1
5.95283 1
5.95379 1
5.95475 1
5.95571 1
5.95667 1
5.95764 1
5.9586 1
5.95956 1
5.96052 1
5.96148 1
5.96244 1
5.9634 1
5.96437 1
5.96533 1
5.96629 1
5.96725 1
5.96821 1
5.96917 1
5.97013 1
5.97109 1
5.97206 1
5.97302 1
5.97398 1
5.97494 1
5.9759 1
5.97686 1
5.97782 1
5.97878 1
5.97975 1
5.98071 1
5.98167 1
5.98263 1
5.98359 1
5.98455 1
5.98551 1
5.98647 1
5.98744 1
5.9884 1
5.98936 1
5.99032 1
5.99128 1
5.99224 1
5.9932 1
5.99416 1
5.99513 1
5.99609 1
5.99705 1
5.99801 1
5.99897 1
5.99993 1
6.00089 1
6.00186 1
6.00282 1
6.00378 1
6.00474 1
6.0057 1
6.00666 1
6.00762 1
6.00858 1
6.00955 1
6.01051 1
6.01147 1
6.01243 1
6.01339 1
6.01435 1
6.01531 1
6.01627 1
6.01724 1
6.0182 1
6.01916 1
6.02012 1
6.02108 1
6.02204 1
6.023 1
6.02396 1
6.02493 1
6.02589 1
6.02685 1
6.02781 1
6.02877 1
6.02973 1
6.03069 1
6.03165 1
6.03262 1
6.03358 1
6.03454 1
6.0355 1
6.03646 1
6.03742 1
6.03838 1
6.03935 1
6.04031 1
6.04127 1
6.04223 1
6.04319 1
6.04415 1
6.04511 1
6.04607 1
6.04704 1
6.048 1
6.04896 1
6.04992 1
6.05088 1
6.05184 1
6.0528 1
6.05376 1
6.05473 1
6.05569 1
6.05665 1
6.05761 1
6.05857 1
6.05953 1
6.06049 1
6.06145 1
6.06242 1
6.06338 1
6.06434 1
6.0653 1
6.06626 1
6.06722 1
6.06818 1
6.06914 1
6.07011 1
6.07107 1
6.07203 1
6.07299 1
6.07395 1
6.07491 1
6.07587 1
6.07683 1
6.0778 1
6.07876 1
6.07972 1
6.08068 1
6.08164 1
6.0826 1
6.08356 1
6.08453 1
6.08549 1
6.08645 1
6.08741 1
6.08837 1
6.08933 1
6.09029 1
6.09125 1
6.09222 1
6.09318 1
6.09414 1
6.0951 1
6.09606 1
6.09702 1
6.09798 1
6.09894 1
6.09991 1
6.10087 1
6.10183 1
6.10279 1
6.10375 1
6.10471 1
6.10567 1
6.10663 1
6.1076 1
6.10856 1
6.10952 1
6.11048 1
6.11144 1
6.1124 1
6.11336 1
6.11432 1
6.11529 1
6.11625 1
6.11721 1
6.11817 1
6.11913 1
6.12009 1
6.12105 1
6.12202 1
6.12298 1
6.12394 1
6.1249 1
6.12586 1
6.12682 1
6.12778 1
6.12874 1
6.12971 1
6.13067 1
6.13163 1
6.13259 1
6.13355 1
6.13451 1
6.13547 1
6.13643 1
6.1374 1
6.13836 1
6.13932 1
6.14028 1
6.14124 1
6.1422 1
6.14316 1
6.14412 1
6.14509 1
6.14605 1
6.14701 1
6.14797 1
6.14893 1
6.14989 1
6.15085 1
6.15181 1
6.15278 1
6.15374 1
6.1547 1
6.15566 1
6.15662 1
6.15758 1
6.15854 1
6.15951 1
6.16047 1
6.16143 1
6.16239 1
6.16335 1
6.16431 1
6.16527 1
6.16623 1
6.1672 1
6.16816 1
6.16912 1
6.17008 1
6.17104 1
6.172 1
6.17296 1
6.17392 1
6.17489 1
6.17585 1
6.17681 1
6.17777 1
6.17873 1
6.17969 1
6.18065 1
6.18161 1
6.18258 1
6.18354 1
6.1845 1
6.18546 1
6.18642 1
6.18738 1
6.18834 1
15.7337 1
15.7419 1
15.7501 1
15.7584 1
15.7666 1
15.7748 1
15.7832 1
15.7916 1
15.8 1
15.8084 1
15.8169 1
15.8253 1
15.8337 1
15.8421 1
15.8505 1
15.8589 1
15.8673 1
15.8757 1
15.8841 1
15.8926 1
15.9012 1
15.9096 1
15.9182 1
15.9268 1
15.9354 1
15.944 1
15.9526 1
15.9612 1
15.9698 1
15.9784 1
15.987 1
15.9956 1
16.0042 1
16.0128 1
16.0216 1
16.0304 1
16.0392 1
16.048 1
16.0568 1
16.0656 1
16.0744 1
16.0832 1
16.092 1
16.1008 1
16.1096 1
16.1184 1
16.1272 1
46.0925 1
46.0966 1
46.1006 1
46.1046 1
46.1087 1
46.1127 1
46.1167 1
46.1208 1
46.1248 1
46.1289 1
46.1329 1
46.1369 1
46.141 1
46.145 1
46.149 1
46.1531 1
46.1571 1
46.1612 1
46.1652 1
46.1692 1
46.1733 1
46.1773 1
46.1813 1
46.1854 1
46.1894 1
46.1935 1
46.1975 1
46.2015 1
46.2055 1
46.2095 1
46.2134 1
46.2174 1
46.2214 1
46.2254 1
46.2294 1
46.2334 1
46.2374 1
46.2414 1
46.2454 1
46.2494 1
46.2533 1
46.2573 1
46.2613 1
46.2652 1
46.2692 1
46.2731 1
46.277 1
46.281 1
46.2849 1
46.2889 1
46.2928 1
46.2967 1
46.3007 1
46.3046 1
46.3086 1
46.3125 1
46.3164 1
46.3204 1
46.3243 1
46.3283 1
46.3322 1
46.3362 1
46.3401 1
46.344 1
46.348 1
46.3519 1
46.3559 1
46.3598 1
46.3637 1
46.3677 1
46.3716 1
46.3756 1
46.3795 1
46.3834 1
46.3873 1
46.3912 1
46.3951 1
46.399 1
46.4029 1
46.4068 1
46.4107 1
46.4145 1
46.4184 1
46.4223 1
46.4262 1
46.4301 1
46.434 1
46.4379 1
46.4418 1
46.4456 1
46.4494 1
46.4533 1
46.4571 1
46.461 1
46.4648 1
46.4687 1
46.4725 1
46.4764 1
46.4802 1
46.484 1
46.4879 1
59.5928 1
59.6136 1
59.6345 1
59.6553 1
59.6772 1
59.6992 1
59.7212 1
59.7431 1
59.7651 1
59.7871 1
59.809 1
59.831 1
59.8543 1
59.8775 1
59.9008 1
59.924 1
59.9473 1
59.9706 1
