4.93871 1
4.93967 1
4.94063 1
4.94159 1
4.94255 1
4.94351 1
4.94447 1
4.94544 1
4.9464 1
4.94736 1
4.94832 1
4.94928 1
4.95024 1
4.9512 1
4.95217 1
4.95313 1
4.95409 1
4.95505 1
4.95601 1
4.95697 1
4.95793 1
4.95889 1
4.95986 1
4.96082 1
4.96178 1
4.96274 1
4.9637 1
4.96466 1
4.96562 1
4.96658 1
4.96755 1
4.96851 1
4.96947 1
4.97043 1
4.97139 1
4.97235 1
4.97331 1
4.97427 1
4.97524 1
4.9762 1
4.97716 1
4.97812 1
4.97908 1
4.98004 1
4.981 1
4.98196 1
4.98293 1
4.98389 1
4.98485 1
4.98581 1
4.98677 1
4.98773 1
4.98869 1
4.98966 1
4.99062 1
4.99158 1
4.99254 1
4.9935 1
4.99446 1
4.99542 1
4.99638 1
4.99735 1
4.99831 1
4.99927 1
5.00023 1
5.00119 1
5.00215 1
5.00311 1
5.00407 1
5.00504 1
5.006 1
5.00696 1
5.00792 1
5.00888 1
5.00984 1
5.0108 1
5.01176 1
5.01273 1
5.01369 1
5.01465 1
5.01561 1
5.01657 1
5.01753 1
5.01849 1
5.01945 1
5.02042 1
5.02138 1
5.02234 1
5.0233 1
5.02426 1
5.02522 1
5.02618 1
5.02715 1
5.02811 1
5.02907 1
5.03003 1
5.03099 1
5.03195 1
5.03291 1
5.03387 1
5.03484 1
5.0358 1
5.03676 1
5.03772 1
5.03868 1
5.03964 1
5.0406 1
5.04156 1
5.04253 1
5.04349 1
5.04445 1
5.04541 1
5.04637 1
5.04733 1
5.04829 1
5.04925 1
5.05022 1
5.05118 1
5.05214 1
5.0531 1
5.05406 1
5.05502 1
5.05598 1
5.05694 1
5.05791 1
5.05887 1
5.05983 1
5.06079 1
5.06175 1
5.06271 1
5.06367 1
5.06463 1
5.0656 1
5.06656 1
5.06752 1
5.06848 1
5.06944 1
5.0704 1
5.07136 1
5.07233 1
5.07329 1
5.07425 1
5.07521 1
5.07617 1
5.07713 1
5.07809 1
5.07905 1
5.08002 1
5.08098 1
5.08194 1
5.0829 1
5.08386 1
5.08482 1
5.08578 1
5.08674 1
5.08771 1
5.08867 1
5.08963 1
5.09059 1
5.09155 1
5.09251 1
5.09347 1
5.09443 1
5.0954 1
5.09636 1
5.09732 1
5.09828 1
5.09924 1
5.1002 1
5.10116 1
5.10212 1
5.10309 1
5.10405 1
5.10501 1
5.10597 1
5.10693 1
5.10789 1
5.10885 1
5.10982 1
5.11078 1
5.11174 1
5.1127 1
5.11366 1
5.11462 1
5.11558 1
5.11654 1
5.11751 1
5.11847 1
5.11943 1
5.12039 1
5.12135 1
5.12231 1
5.12327 1
5.12423 1
5.1252 1
5.12616 1
5.12712 1
5.12808 1
5.12904 1
5.13 1
5.13096 1
5.13192 1
5.13289 1
5.13385 1
5.13481 1
5.13577 1
5.13673 1
5.13769 1
5.13865 1
5.13961 1
5.14058 1
5.14154 1
5.1425 1
5.14346 1
5.14442 1
5.14538 1
5.14634 1
5.14731 1
5.14827 1
5.14923 1
5.15019 1
5.15115 1
5.15211 1
5.15307 1
5.15403 1
5.155 1
5.15596 1
5.15692 1
5.15788 1
5.15884 1
5.1598 1
5.16076 1
5.16172 1
5.16269 1
5.16365 1
5.16461 1
5.16557 1
5.16653 1
5.16749 1
5.16845 1
5.16941 1
5.17038 1
5.17134 1
5.1723 1
5.17326 1
5.17422 1
5.17518 1
5.17614 1
5.1771 1
5.17807 1
5.17903 1
5.17999 1
5.18095 1
5.18191 1
5.18287 1
5.18383 1
5.18479 1
5.18576 1
5.18672 1
5.18768 1
5.18864 1
5.1896 1
5.19056 1
5.19152 1
5.19249 1
5.19345 1
5.19441 1
5.19537 1
5.19633 1
5.19729 1
5.19825 1
5.19921 1
5.20018 1
5.20114 1
5.2021 1
5.20306 1
5.20402 1
5.20498 1
5.20594 1
5.2069 1
5.20787 1
5.20883 1
5.20979 1
5.21075 1
5.21171 1
5.21267 1
5.21363 1
5.21459 1
5.21556 1
5.21652 1
5.21748 1
5.21844 1
5.2194 1
5.22036 1
5.22132 1
5.22228 1
5.22325 1
5.22421 1
5.22517 1
5.22613 1
5.22709 1
5.22805 1
5.22901 1
5.22998 1
5.23094 1
5.2319 1
5.23286 1
5.23382 1
5.23478 1
5.23574 1
5.2367 1
5.23767 1
5.23863 1
5.23959 1
5.24055 1
5.24151 1
5.24247 1
5.24343 1
5.24439 1
5.24536 1
5.24632 1
5.24728 1
5.24824 1
5.2492 1
5.25016 1
5.25112 1
5.25208 1
5.25305 1
5.25401 1
5.25497 1
5.25593 1
5.25689 1
5.25785 1
5.25881 1
5.25977 1
5.26074 1
5.2617 1
5.26266 1
5.26362 1
5.26458 1
5.26554 1
5.2665 1
5.26747 1
5.26843 1
5.26939 1
5.27035 1
5.27131 1
5.27227 1
5.27323 1
5.27419 1
5.27516 1
5.27612 1
5.27708 1
5.27804 1
5.279 1
5.27996 1
5.28092 1
5.28188 1
5.28285 1
5.28381 1
5.28477 1
5.28573 1
5.28669 1
5.28765 1
5.28861 1
5.28957 1
5.29054 1
5.2915 1
5.29246 1
5.29342 1
5.29438 1
5.29534 1
5.2963 1
5.29726 1
5.29823 1
5.29919 1
5.30015 1
5.30111 1
5.30207 1
5.30303 1
5.30399 1
5.30495 1
5.30592 1
5.30688 1
5.30784 1
5.3088 1
5.30976 1
5.31072 1
5.31168 1
5.31265 1
5.31361 1
5.31457 1
5.31553 1
5.31649 1
5.31745 1
5.31841 1
5.31937 1
5.32034 1
5.3213 1
5.32226 1
5.32322 1
5.32418 1
5.32514 1
5.3261 1
5.32706 1
5.32803 1
5.32899 1
5.32995 1
5.33091 1
5.33187 1
5.33283 1
5.33379 1
5.33475 1
5.33572 1
5.33668 1
5.33764 1
5.3386 1
5.33956 1
5.34052 1
5.34148 1
5.34244 1
5.34341 1
5.34437 1
5.34533 1
5.34629 1
5.34725 1
5.34821 1
5.34917 1
5.35014 1
5.3511 1
5.35206 1
5.35302 1
5.35398 1
5.35494 1
5.3559 1
5.35686 1
5.35783 1
5.35879 1
5.35975 1
5.36071 1
5.36167 1
5.36263 1
5.36359 1
5.36455 1
5.36552 1
5.36648 1
5.36744 1
5.3684 1
5.36936 1
5.37032 1
5.37128 1
5.37224 1
5.37321 1
5.37417 1
5.37513 1
5.37609 1
5.37705 1
5.37801 1
5.37897 1
5.37993 1
5.3809 1
5.38186 1
5.38282 1
5.38378 1
5.38474 1
5.3857 1
5.38666 1
5.38763 1
5.38859 1
5.38955 1
5.39051 1
5.39147 1
5.39243 1
5.39339 1
5.39435 1
5.39532 1
5.39628 1
5.39724 1
5.3982 1
5.39916 1
5.40012 1
5.40108 1
5.40204 1
5.40301 1
5.40397 1
5.40493 1
5.40589 1
5.40685 1
5.40781 1
5.40877 1
5.40973 1
5.4107 1
5.41166 1
5.41262 1
5.41358 1
5.41454 1
5.4155 1
5.41646 1
5.41742 1
5.41839 1
5.41935 1
5.42031 1
5.42127 1
5.42223 1
5.42319 1
5.42415 1
5.42511 1
5.42608 1
5.42704 1
5.428 1
5.42896 1
5.42992 1
5.43088 1
5.43184 1
5.43281 1
5.43377 1
5.43473 1
5.43569 1
5.43665 1
5.43761 1
5.43857 1
5.43953 1
5.4405 1
5.44146 1
5.44242 1
5.44338 1
5.44434 1
5.4453 1
5.44626 1
5.44722 1
5.44819 1
5.44915 1
5.45011 1
5.45107 1
5.45203 1
5.45299 1
5.45395 1
5.45491 1
5.45588 1
5.45684 1
5.4578 1
5.45876 1
16.0461 1
16.053 1
16.0599 1
16.0669 1
16.0738 1
16.0807 1
16.0876 1
16.0946 1
16.1015 1
16.1084 1
16.1153 1
16.1222 1
16.1293 1
16.1363 1
16.1433 1
16.1503 1
16.1573 1
16.1643 1
16.1714 1
16.1784 1
16.1854 1
16.1924 1
16.1994 1
16.2065 1
16.2136 1
16.2207 1
16.2278 1
16.2349 1
16.242 1
16.2491 1
16.2562 1
16.2634 1
16.2705 1
16.2776 1
16.2847 1
16.2919 1
16.2991 1
16.3063 1
16.3135 1
16.3207 1
16.328 1
16.3352 1
16.3424 1
16.3496 1
16.3569 1
16.3641 1
16.3715 1
16.3789 1
16.3862 1
16.3936 1
16.4009 1
16.4083 1
16.4156 1
16.423 1
16.4303 1
16.4377 1
16.445 1
16.4525 1
16.4599 1
16.4674 1
16.4748 1
16.4823 1
16.4897 1
16.4972 1
16.5046 1
16.5121 1
16.5195 1
16.527 1
16.5345 1
16.542 1
16.5495 1
16.5571 1
16.5646 1
49.4855 1
49.4889 1
49.4924 1
49.4958 1
49.4992 1
49.5026 1
49.506 1
49.5094 1
49.5127 1
49.5161 1
49.5195 1
49.5228 1
49.5262 1
49.5296 1
49.5329 1
49.5363 1
49.5396 1
49.543 1
49.5464 1
49.5497 1
49.5531 1
49.5565 1
49.5598 1
49.5632 1
49.5666 1
49.5699 1
49.5733 1
49.5767 1
49.58 1
49.5834 1
49.5868 1
49.5901 1
49.5935 1
49.5968 1
49.6002 1
49.6036 1
49.6069 1
49.6103 1
49.6137 1
49.617 1
49.6204 1
49.6238 1
49.6271 1
49.6305 1
49.6339 1
49.6372 1
49.6405 1
49.6439 1
49.6472 1
49.6505 1
49.6538 1
49.6571 1
49.6604 1
49.6637 1
49.6671 1
49.6704 1
49.6737 1
49.677 1
49.6803 1
49.6836 1
49.687 1
49.6903 1
49.6936 1
49.6969 1
49.7002 1
49.7035 1
49.7069 1
49.7102 1
49.7135 1
49.7168 1
49.7201 1
49.7234 1
49.7268 1
49.73 1
49.7333 1
49.7367 1
49.74 1
49.7433 1
49.7466 1
49.7499 1
49.7532 1
49.7566 1
49.7599 1
49.7632 1
49.7665 1
49.7697 1
49.773 1
49.7763 1
49.7795 1
49.7828 1
49.7861 1
49.7893 1
49.7926 1
49.7959 1
49.7991 1
49.8024 1
49.8057 1
49.809 1
49.8122 1
49.8155 1
49.8188 1
49.822 1
49.8253 1
49.8286 1
49.8318 1
49.8351 1
49.8384 1
49.8416 1
49.8449 1
49.8482 1
49.8514 1
49.8547 1
49.8579 1
49.8611 1
49.8643 1
49.8675 1
49.8708 1
49.874 1
49.8772 1
49.8805 1
49.8837 1
49.887 1
49.8903 1
49.8935 1
49.8968 1
49.9 1
49.9032 1
49.9064 1
49.9096 1
49.9129 1
49.9161 1
49.9193 1
49.9225 1
49.9257 1
49.929 1
49.9322 1
49.9354 1
49.9386 1
49.9418 1
49.9451 1
49.9483 1
49.9515 1
49.9547 1
49.9579 1
49.9612 1
49.9644 1
49.9676 1
49.9708 1
49.9741 1
49.9773 1
49.9804 1
49.9836 1
49.9868 1
49.99 1
49.9931 1
49.9963 1
49.9995 1
50.0026 1
50.0058 1
