32.3403 1
32.3427 1
32.3451 1
32.3475 1
32.3499 1
32.3523 1
32.3547 1
32.3571 1
32.3595 1
32.3619 1
32.3643 1
32.3667 1
32.3691 1
32.3715 1
32.3739 1
32.3763 1
32.3787 1
32.3811 1
32.3835 1
32.3859 1
32.3883 1
32.3908 1
32.3932 1
32.3956 1
32.398 1
32.4004 1
32.4028 1
32.4052 1
32.4076 1
32.41 1
32.4124 1
32.4148 1
32.4172 1
32.4196 1
32.422 1
32.4244 1
32.4268 1
32.4292 1
32.4316 1
32.434 1
32.4364 1
32.4388 1
32.4412 1
32.4436 1
32.446 1
32.4484 1
32.4508 1
32.4532 1
32.4556 1
32.458 1
32.4604 1
32.4628 1
32.4652 1
32.4677 1
32.4701 1
32.4725 1
32.4749 1
32.4773 1
32.4797 1
32.4821 1
32.4845 1
32.4869 1
32.4893 1
32.4917 1
32.4941 1
32.4965 1
32.4989 1
32.5013 1
32.5037 1
32.5061 1
32.5085 1
32.5109 1
32.5133 1
32.5157 1
32.5181 1
32.5205 1
32.5229 1
32.5253 1
32.5277 1
32.5301 1
32.5325 1
32.5349 1
32.5373 1
32.5397 1
32.5422 1
32.5446 1
32.547 1
32.5494 1
32.5518 1
32.5542 1
32.5566 1
32.559 1
32.5614 1
32.5638 1
32.5662 1
32.5686 1
32.571 1
32.5734 1
32.5758 1
32.5782 1
32.5806 1
32.583 1
32.5854 1
32.5878 1
32.5902 1
32.5926 1
32.595 1
32.5974 1
32.5998 1
32.6022 1
32.6046 1
32.607 1
32.6094 1
32.6118 1
32.6142 1
32.6167 1
32.6191 1
32.6215 1
32.6239 1
32.6263 1
32.6287 1
32.6311 1
32.6335 1
32.6359 1
32.6383 1
32.6407 1
32.6431 1
32.6455 1
32.6479 1
32.6503 1
32.6527 1
32.6551 1
32.6575 1
32.6599 1
32.6623 1
32.6647 1
32.6671 1
32.6695 1
32.6719 1
32.6743 1
32.6767 1
32.6791 1
32.6815 1
32.6839 1
32.6863 1
32.6887 1
32.6912 1
32.6936 1
32.696 1
32.6984 1
32.7008 1
32.7032 1
32.7056 1
32.708 1
32.7104 1
32.7128 1
32.7152 1
32.7176 1
32.72 1
32.7224 1
32.7248 1
32.7272 1
32.7296 1
32.732 1
32.7344 1
32.7368 1
32.7392 1
32.7416 1
32.744 1
32.7464 1
32.7488 1
32.7512 1
32.7536 1
32.756 1
32.7584 1
32.7608 1
32.7632 1
32.7656 1
32.7681 1
32.7705 1
32.7729 1
32.7753 1
32.7777 1
32.7801 1
32.7825 1
32.7849 1
32.7873 1
32.7897 1
32.7921 1
32.7945 1
32.7969 1
32.7993 1
32.8017 1
32.8041 1
32.8065 1
32.8089 1
32.8113 1
32.8137 1
32.8161 1
32.8185 1
32.8209 1
32.8233 1
32.8257 1
32.8281 1
32.8305 1
32.8329 1
32.8353 1
32.8377 1
32.8401 1
32.8426 1
32.845 1
32.8474 1
32.8498 1
32.8522 1
32.8546 1
32.857 1
32.8594 1
32.8618 1
32.8642 1
32.8666 1
32.869 1
32.8714 1
32.8738 1
32.8762 1
32.8786 1
32.881 1
32.8834 1
32.8858 1
32.8882 1
32.8906 1
32.893 1
32.8954 1
32.8978 1
32.9002 1
32.9026 1
32.905 1
32.9074 1
32.9098 1
32.9122 1
32.9146 1
32.9171 1
32.9195 1
32.9219 1
32.9243 1
32.9267 1
32.9291 1
32.9315 1
32.9339 1
32.9363 1
32.9387 1
32.9411 1
32.9435 1
32.9459 1
32.9483 1
32.9507 1
32.9531 1
32.9555 1
32.9579 1
32.9603 1
32.9627 1
32.9651 1
32.9675 1
32.9699 1
32.9723 1
32.9747 1
32.9771 1
32.9795 1
32.9819 1
32.9843 1
32.9867 1
32.9891 1
32.9916 1
32.994 1
32.9964 1
32.9988 1
33.0012 1
33.0036 1
33.006 1
33.0084 1
33.0108 1
33.0132 1
33.0156 1
33.018 1
33.0204 1
33.0228 1
33.0252 1
33.0276 1
33.03 1
33.0324 1
33.0348 1
33.0372 1
33.0396 1
33.042 1
33.0444 1
33.0468 1
33.0492 1
33.0516 1
33.054 1
33.0564 1
33.0588 1
33.0612 1
33.0636 1
33.066 1
33.0685 1
33.0709 1
33.0733 1
33.0757 1
33.0781 1
33.0805 1
33.0829 1
33.0853 1
33.0877 1
33.0901 1
33.0925 1
33.0949 1
33.0973 1
33.0997 1
33.1021 1
33.1045 1
33.1069 1
33.1093 1
33.1117 1
33.1141 1
33.1165 1
33.1189 1
33.1213 1
33.1237 1
33.1261 1
33.1285 1
33.1309 1
33.1333 1
33.1357 1
33.1381 1
33.1405 1
33.143 1
33.1454 1
33.1478 1
33.1502 1
33.1526 1
33.155 1
33.1574 1
33.1598 1
33.1622 1
33.1646 1
33.167 1
33.1694 1
33.1718 1
33.1742 1
33.1766 1
33.179 1
33.1814 1
33.1838 1
33.1862 1
33.1886 1
33.191 1
33.1934 1
33.1958 1
33.1982 1
33.2006 1
33.203 1
33.2054 1
33.2078 1
33.2102 1
33.2126 1
33.215 1
33.2175 1
33.2199 1
33.2223 1
33.2247 1
33.2271 1
33.2295 1
33.2319 1
33.2343 1
33.2367 1
33.2391 1
33.2415 1
33.2439 1
33.2463 1
33.2487 1
33.2511 1
33.2535 1
33.2559 1
33.2583 1
33.2607 1
33.2631 1
33.2655 1
33.2679 1
33.2703 1
33.2727 1
33.2751 1
33.2775 1
33.2799 1
33.2823 1
33.2847 1
33.2871 1
33.2895 1
33.292 1
33.2944 1
33.2968 1
33.2992 1
33.3016 1
33.304 1
33.3064 1
33.3088 1
33.3112 1
33.3136 1
33.316 1
33.3184 1
33.3208 1
33.3232 1
33.3256 1
33.328 1
33.3304 1
33.3328 1
33.3352 1
33.3376 1
33.34 1
33.3424 1
33.3448 1
33.3472 1
33.3496 1
33.352 1
33.3544 1
33.3568 1
33.3592 1
33.3616 1
33.364 1
33.3664 1
33.3689 1
33.3713 1
33.3737 1
33.3761 1
33.3785 1
33.3809 1
33.3833 1
33.3857 1
33.3881 1
33.3905 1
33.3929 1
33.3953 1
33.3977 1
33.4001 1
33.4025 1
33.4049 1
33.4073 1
33.4097 1
33.4121 1
33.4145 1
33.4169 1
33.4193 1
33.4217 1
33.4241 1
33.4265 1
33.4289 1
33.4313 1
33.4337 1
33.4361 1
33.4385 1
33.4409 1
33.4434 1
33.4458 1
33.4482 1
33.4506 1
33.453 1
33.4554 1
33.4578 1
33.4602 1
33.4626 1
33.465 1
33.4674 1
33.4698 1
33.4722 1
33.4746 1
33.477 1
33.4794 1
33.4818 1
33.4842 1
33.4866 1
33.489 1
33.4914 1
33.4938 1
33.4962 1
33.4986 1
33.501 1
33.5034 1
33.5058 1
33.5082 1
33.5106 1
33.513 1
33.5154 1
33.5179 1
33.5203 1
33.5227 1
33.5251 1
33.5275 1
33.5299 1
33.5323 1
33.5347 1
33.5371 1
33.5395 1
33.5419 1
33.5443 1
33.5467 1
33.5491 1
33.5515 1
33.5539 1
33.5563 1
33.5587 1
33.5611 1
33.5635 1
33.5659 1
33.5683 1
33.5707 1
33.5731 1
33.5755 1
33.5779 1
33.5803 1
33.5827 1
33.5851 1
33.5875 1
33.5899 1
33.5924 1
33.5948 1
33.5972 1
33.5996 1
33.602 1
33.6044 1
33.6068 1
33.6092 1
33.6116 1
33.614 1
33.6164 1
33.6188 1
33.6212 1
33.6236 1
33.626 1
33.6284 1
33.6308 1
33.6332 1
33.6356 1
33.638 1
33.6404 1
33.6428 1
33.6452 1
33.6476 1
33.65 1
33.6524 1
33.6548 1
33.6572 1
33.6596 1
33.662 1
33.6644 1
33.6668 1
33.6693 1
33.6717 1
33.6741 1
33.6765 1
33.6789 1
33.6813 1
33.6837 1
33.6861 1
33.6885 1
33.6909 1
33.6933 1
33.6957 1
33.6981 1
33.7005 1
33.7029 1
33.7053 1
33.7077 1
33.7101 1
33.7125 1
33.7149 1
33.7173 1
33.7197 1
33.7221 1
33.7245 1
33.7269 1
33.7293 1
33.7317 1
33.7341 1
33.7365 1
33.7389 1
33.7413 1
33.7438 1
33.7462 1
33.7486 1
33.751 1
33.7534 1
33.7558 1
33.7582 1
33.7606 1
33.763 1
33.7654 1
33.7678 1
33.7702 1
33.7726 1
33.775 1
33.7774 1
33.7798 1
33.7822 1
33.7846 1
33.787 1
33.7894 1
33.7918 1
33.7942 1
33.7966 1
33.799 1
33.8014 1
33.8038 1
33.8062 1
33.8086 1
33.811 1
33.8134 1
33.8158 1
33.8183 1
33.8207 1
33.8231 1
33.8255 1
33.8279 1
33.8303 1
33.8327 1
33.8351 1
33.8375 1
33.8399 1
33.8423 1
33.8447 1
33.8471 1
33.8495 1
33.8519 1
33.8543 1
33.8567 1
33.8591 1
33.8615 1
33.8639 1
33.8663 1
33.8687 1
33.8711 1
33.8735 1
33.8759 1
33.8783 1
33.8807 1
33.8831 1
33.8855 1
33.8879 1
33.8903 1
33.8928 1
33.8952 1
33.8976 1
33.9 1
33.9024 1
33.9048 1
33.9072 1
33.9096 1
33.912 1
33.9144 1
33.9168 1
33.9192 1
33.9216 1
33.924 1
33.9264 1
33.9288 1
33.9312 1
33.9336 1
33.936 1
33.9384 1
33.9408 1
33.9432 1
33.9456 1
33.948 1
33.9504 1
33.9528 1
33.9552 1
33.9576 1
33.96 1
33.9624 1
33.9648 1
33.9672 1
33.9697 1
33.9721 1
33.9745 1
33.9769 1
33.9793 1
33.9817 1
33.9841 1
33.9865 1
33.9889 1
33.9913 1
33.9937 1
33.9961 1
33.9985 1
34.0009 1
34.0033 1
34.0057 1
34.0081 1
34.0105 1
34.0129 1
34.0153 1
34.0177 1
34.0201 1
34.0225 1
34.0249 1
34.0273 1
34.0297 1
34.0321 1
34.0345 1
34.0369 1
34.0393 1
34.0417 1
34.0442 1
34.0466 1
34.049 1
34.0514 1
34.0538 1
34.0562 1
34.0586 1
34.061 1
34.0634 1
34.0658 1
34.0682 1
34.0706 1
34.073 1
34.0754 1
34.0778 1
34.0802 1
34.0826 1
34.085 1
34.0874 1
34.0898 1
34.0922 1
34.0946 1
34.097 1
34.0994 1
34.1018 1
34.1042 1
34.1066 1
34.109 1
34.1114 1
34.1138 1
34.1162 1
34.1187 1
34.1211 1
34.1235 1
34.1259 1
34.1283 1
34.1307 1
34.1331 1
34.1355 1
34.1379 1
34.1403 1
34.1427 1
34.1451 1
34.1475 1
34.1499 1
34.1523 1
34.1547 1
34.1571 1
34.1595 1
34.1619 1
34.1643 1
34.1667 1
34.1691 1
34.1715 1
34.1739 1
34.1763 1
34.1787 1
34.1811 1
34.1835 1
34.1859 1
34.1883 1
34.1907 1
34.1932 1
34.1956 1
34.198 1
34.2004 1
34.2028 1
34.2052 1
34.2076 1
34.21 1
34.2124 1
34.2148 1
34.2172 1
34.2196 1
34.222 1
34.2244 1
34.2268 1
34.2292 1
34.2316 1
34.234 1
34.2364 1
34.2388 1
34.2412 1
34.2436 1
34.246 1
34.2484 1
34.2508 1
34.2532 1
34.2556 1
34.258 1
34.2604 1
34.2628 1
34.2652 1
34.2676 1
34.2701 1
34.2725 1
34.2749 1
34.2773 1
34.2797 1
34.2821 1
34.2845 1
34.2869 1
34.2893 1
34.2917 1
34.2941 1
34.2965 1
34.2989 1
34.3013 1
34.3037 1
34.3061 1
34.3085 1
34.3109 1
34.3133 1
34.3157 1
34.3181 1
34.3205 1
34.3229 1
34.3253 1
34.3277 1
34.3301 1
34.3325 1
34.3349 1
34.3373 1
34.3397 1
34.3421 1
34.3446 1
34.347 1
34.3494 1
34.3518 1
34.3542 1
34.3566 1
34.359 1
34.3614 1
34.3638 1
34.3662 1
34.3686 1
34.371 1
34.3734 1
34.3758 1
34.3782 1
34.3806 1
34.383 1
34.3854 1
34.3878 1
34.3902 1
34.3926 1
34.395 1
34.3974 1
34.3998 1
34.4022 1
34.4046 1
34.407 1
34.4094 1
34.4118 1
34.4142 1
34.4166 1
34.4191 1
34.4215 1
34.4239 1
34.4263 1
34.4287 1
34.4311 1
34.4335 1
34.4359 1
34.4383 1
34.4407 1
34.4431 1
34.4455 1
34.4479 1
34.4503 1
34.4527 1
34.4551 1
34.4575 1
34.4599 1
34.4623 1
34.4647 1
34.4671 1
34.4695 1
34.4719 1
34.4743 1
34.4767 1
34.4791 1
34.4815 1
34.4839 1
34.4863 1
34.4887 1
34.4911 1
34.4936 1
34.496 1
34.4984 1
34.5008 1
34.5032 1
34.5056 1
34.508 1
34.5104 1
34.5128 1
34.5152 1
34.5176 1
34.52 1
34.5224 1
34.5248 1
34.5272 1
34.5296 1
34.532 1
34.5344 1
34.5368 1
34.5392 1
34.5416 1
34.544 1
34.5464 1
34.5488 1
34.5512 1
34.5536 1
34.556 1
34.5584 1
34.5608 1
34.5632 1
34.5656 1
34.568 1
34.5705 1
34.5729 1
34.5753 1
34.5777 1
34.5801 1
34.5825 1
34.5849 1
34.5873 1
34.5897 1
34.5921 1
34.5945 1
34.5969 1
34.5993 1
34.6017 1
34.6041 1
34.6065 1
34.6089 1
34.6113 1
34.6137 1
34.6161 1
34.6185 1
34.6209 1
34.6233 1
34.6257 1
34.6281 1
34.6305 1
34.6329 1
34.6353 1
34.6377 1
34.6401 1
34.6425 1
34.645 1
34.6474 1
34.6498 1
34.6522 1
34.6546 1
34.657 1
34.6594 1
34.6618 1
34.6642 1
34.6666 1
34.669 1
34.6714 1
34.6738 1
34.6762 1
34.6786 1
34.681 1
34.6834 1
34.6858 1
34.6882 1
34.6906 1
34.693 1
34.6954 1
34.6978 1
34.7002 1
34.7026 1
34.705 1
34.7074 1
34.7098 1
34.7122 1
34.7146 1
34.717 1
34.7195 1
34.7219 1
34.7243 1
34.7267 1
34.7291 1
34.7315 1
34.7339 1
34.7363 1
34.7387 1
34.7411 1
34.7435 1
34.7459 1
34.7483 1
34.7507 1
34.7531 1
34.7555 1
34.7579 1
34.7603 1
34.7627 1
34.7651 1
34.7675 1
34.7699 1
34.7723 1
34.7747 1
34.7771 1
34.7795 1
34.7819 1
34.7843 1
34.7867 1
34.7891 1
34.7915 1
34.794 1
34.7964 1
34.7988 1
34.8012 1
34.8036 1
34.806 1
34.8084 1
34.8108 1
34.8132 1
34.8156 1
34.818 1
34.8204 1
34.8228 1
34.8252 1
34.8276 1
34.83 1
34.8324 1
34.8348 1
34.8372 1
34.8396 1
34.842 1
34.8444 1
34.8468 1
34.8492 1
34.8516 1
34.854 1
34.8564 1
34.8588 1
34.8612 1
34.8636 1
34.866 1
34.8684 1
34.8709 1
34.8733 1
34.8757 1
34.8781 1
34.8805 1
34.8829 1
34.8853 1
34.8877 1
34.8901 1
34.8925 1
34.8949 1
34.8973 1
34.8997 1
34.9021 1
34.9045 1
34.9069 1
34.9093 1
34.9117 1
34.9141 1
34.9165 1
34.9189 1
34.9213 1
34.9237 1
34.9261 1
34.9285 1
34.9309 1
34.9333 1
34.9357 1
34.9381 1
34.9405 1
34.9429 1
34.9454 1
34.9478 1
34.9502 1
34.9526 1
34.955 1
34.9574 1
34.9598 1
34.9622 1
34.9646 1
34.967 1
34.9694 1
34.9718 1
34.9742 1
34.9766 1
34.979 1
34.9814 1
34.9838 1
34.9862 1
34.9886 1
34.991 1
34.9934 1
34.9958 1
34.9982 1
35.0006 1
35.003 1
35.0054 1
35.0078 1
35.0102 1
35.0126 1
35.015 1
35.0174 1
35.0199 1
35.0223 1
35.0247 1
35.0271 1
35.0295 1
35.0319 1
35.0343 1
35.0367 1
35.0391 1
35.0415 1
35.0439 1
35.0463 1
35.0487 1
35.0511 1
35.0535 1
35.0559 1
35.0583 1
35.0607 1
35.0631 1
35.0655 1
35.0679 1
35.0703 1
35.0727 1
35.0751 1
35.0775 1
35.0799 1
35.0823 1
35.0847 1
35.0871 1
35.0895 1
35.0919 1
35.0944 1
35.0968 1
35.0992 1
35.1016 1
35.104 1
35.1064 1
35.1088 1
35.1112 1
35.1136 1
35.116 1
35.1184 1
35.1208 1
35.1232 1
35.1256 1
35.128 1
35.1304 1
35.1328 1
35.1352 1
35.1376 1
35.14 1
35.1424 1
35.1448 1
35.1472 1
35.1496 1
35.152 1
35.1544 1
35.1568 1
35.1592 1
35.1616 1
35.164 1
35.1664 1
35.1688 1
35.1713 1
35.1737 1
35.1761 1
35.1785 1
35.1809 1
35.1833 1
35.1857 1
35.1881 1
35.1905 1
35.1929 1
35.1953 1
35.1977 1
35.2001 1
35.2025 1
35.2049 1
35.2073 1
35.2097 1
35.2121 1
35.2145 1
35.2169 1
35.2193 1
35.2217 1
35.2241 1
35.2265 1
35.2289 1
35.2313 1
35.2337 1
35.2361 1
35.2385 1
35.2409 1
35.2433 1
35.2458 1
35.2482 1
35.2506 1
35.253 1
35.2554 1
35.2578 1
35.2602 1
35.2626 1
35.265 1
35.2674 1
35.2698 1
35.2722 1
35.2746 1
35.277 1
35.2794 1
35.2818 1
35.2842 1
35.2866 1
35.289 1
35.2914 1
35.2938 1
35.2962 1
35.2986 1
35.301 1
35.3034 1
35.3058 1
35.3082 1
35.3106 1
35.313 1
35.3154 1
35.3178 1
35.3203 1
35.3227 1
35.3251 1
35.3275 1
35.3299 1
35.3323 1
35.3347 1
35.3371 1
35.3395 1
35.3419 1
35.3443 1
35.3467 1
35.3491 1
35.3515 1
35.3539 1
35.3563 1
35.3587 1
35.3611 1
35.3635 1
35.3659 1
35.3683 1
35.3707 1
35.3731 1
35.3755 1
35.3779 1
35.3803 1
35.3827 1
35.3851 1
35.3875 1
35.3899 1
35.3923 1
35.3948 1
35.3972 1
35.3996 1
35.402 1
35.4044 1
35.4068 1
35.4092 1
35.4116 1
35.414 1
35.4164 1
35.4188 1
35.4212 1
35.4236 1
35.426 1
35.4284 1
35.4308 1
35.4332 1
35.4356 1
35.438 1
35.4404 1
35.4428 1
35.4452 1
35.4476 1
35.45 1
35.4524 1
35.4548 1
35.4572 1
35.4596 1
35.462 1
35.4644 1
35.4668 1
35.4692 1
35.4717 1
35.4741 1
35.4765 1
35.4789 1
35.4813 1
35.4837 1
35.4861 1
35.4885 1
35.4909 1
35.4933 1
35.4957 1
35.4981 1
35.5005 1
35.5029 1
35.5053 1
35.5077 1
35.5101 1
35.5125 1
35.5149 1
35.5173 1
35.5197 1
35.5221 1
35.5245 1
35.5269 1
35.5293 1
35.5317 1
35.5341 1
35.5365 1
35.5389 1
35.5413 1
35.5437 1
35.5462 1
35.5486 1
35.551 1
35.5534 1
35.5558 1
35.5582 1
35.5606 1
35.563 1
35.5654 1
35.5678 1
35.5702 1
35.5726 1
35.575 1
35.5774 1
35.5798 1
35.5822 1
35.5846 1
35.587 1
35.5894 1
35.5918 1
35.5942 1
35.5966 1
35.599 1
35.6014 1
35.6038 1
35.6062 1
35.6086 1
35.611 1
35.6134 1
35.6158 1
35.6182 1
35.6207 1
35.6231 1
35.6255 1
35.6279 1
35.6303 1
35.6327 1
35.6351 1
35.6375 1
35.6399 1
35.6423 1
35.6447 1
35.6471 1
35.6495 1
35.6519 1
35.6543 1
35.6567 1
35.6591 1
35.6615 1
35.6639 1
35.6663 1
35.6687 1
35.6711 1
35.6735 1
35.6759 1
35.6783 1
35.6807 1
35.6831 1
35.6855 1
35.6879 1
35.6903 1
35.6927 1
35.6952 1
35.6976 1
35.7 1
35.7024 1
35.7048 1
35.7072 1
35.7096 1
35.712 1
35.7144 1
35.7168 1
35.7192 1
35.7216 1
35.724 1
35.7264 1
35.7288 1
35.7312 1
35.7336 1
35.736 1
35.7384 1
35.7408 1
35.7432 1
35.7456 1
35.748 1
35.7504 1
35.7528 1
35.7552 1
35.7576 1
35.76 1
35.7624 1
35.7648 1
35.7672 1
35.7696 1
35.7721 1
35.7745 1
35.7769 1
35.7793 1
35.7817 1
35.7841 1
35.7865 1
35.7889 1
35.7913 1
35.7937 1
35.7961 1
35.7985 1
35.8009 1
35.8033 1
35.8057 1
35.8081 1
35.8105 1
35.8129 1
35.8153 1
35.8177 1
35.8201 1
35.8225 1
35.8249 1
35.8273 1
35.8297 1
35.8321 1
35.8345 1
35.8369 1
35.8393 1
35.8417 1
35.8441 1
35.8466 1
35.849 1
35.8514 1
35.8538 1
35.8562 1
35.8586 1
35.861 1
35.8634 1
35.8658 1
35.8682 1
35.8706 1
35.873 1
35.8754 1
35.8778 1
35.8802 1
35.8826 1
35.885 1
35.8874 1
35.8898 1
35.8922 1
35.8946 1
35.897 1
35.8994 1
35.9018 1
35.9042 1
35.9066 1
35.909 1
35.9114 1
35.9138 1
35.9162 1
35.9186 1
35.9211 1
35.9235 1
35.9259 1
35.9283 1
35.9307 1
35.9331 1
35.9355 1
35.9379 1
35.9403 1
35.9427 1
35.9451 1
35.9475 1
35.9499 1
35.9523 1
35.9547 1
35.9571 1
35.9595 1
35.9619 1
35.9643 1
35.9667 1
35.9691 1
35.9715 1
35.9739 1
35.9763 1
35.9787 1
35.9811 1
35.9835 1
35.9859 1
35.9883 1
35.9907 1
35.9931 1
35.9956 1
35.998 1
36.0004 1
36.0028 1
36.0052 1
36.0076 1
36.01 1
36.0124 1
36.0148 1
36.0172 1
36.0196 1
36.022 1
36.0244 1
36.0268 1
36.0292 1
36.0316 1
36.034 1
36.0364 1
36.0388 1
36.0412 1
36.0436 1
36.046 1
36.0484 1
36.0508 1
36.0532 1
36.0556 1
36.058 1
36.0604 1
36.0628 1
36.0652 1
36.0676 1
36.07 1
36.0725 1
36.0749 1
36.0773 1
36.0797 1
36.0821 1
36.0845 1
36.0869 1
36.0893 1
36.0917 1
36.0941 1
36.0965 1
36.0989 1
36.1013 1
36.1037 1
36.1061 1
36.1085 1
36.1109 1
36.1133 1
36.1157 1
36.1181 1
36.1205 1
36.1229 1
36.1253 1
36.1277 1
36.1301 1
36.1325 1
36.1349 1
36.1373 1
36.1397 1
36.1421 1
36.1445 1
36.147 1
36.1494 1
36.1518 1
36.1542 1
36.1566 1
36.159 1
36.1614 1
36.1638 1
36.1662 1
36.1686 1
36.171 1
36.1734 1
36.1758 1
36.1782 1
36.1806 1
36.183 1
36.1854 1
36.1878 1
36.1902 1
36.1926 1
36.195 1
36.1974 1
36.1998 1
36.2022 1
36.2046 1
36.207 1
36.2094 1
36.2118 1
36.2142 1
36.2166 1
36.219 1
36.2215 1
36.2239 1
36.2263 1
36.2287 1
36.2311 1
36.2335 1
36.2359 1
36.2383 1
36.2407 1
36.2431 1
36.2455 1
36.2479 1
36.2503 1
36.2527 1
36.2551 1
36.2575 1
36.2599 1
36.2623 1
36.2647 1
36.2671 1
36.2695 1
36.2719 1
36.2743 1
36.2767 1
36.2791 1
36.2815 1
36.2839 1
36.2863 1
36.2887 1
36.2911 1
36.2935 1
36.296 1
36.2984 1
36.3008 1
36.3032 1
36.3056 1
36.308 1
36.3104 1
36.3128 1
36.3152 1
36.3176 1
36.32 1
36.3224 1
36.3248 1
36.3272 1
36.3296 1
36.332 1
36.3344 1
36.3368 1
36.3392 1
36.3416 1
36.344 1
36.3464 1
36.3488 1
36.3512 1
36.3536 1
36.356 1
36.3584 1
36.3608 1
36.3632 1
36.3656 1
36.368 1
36.3704 1
36.3729 1
36.3753 1
36.3777 1
36.3801 1
36.3825 1
36.3849 1
36.3873 1
36.3897 1
36.3921 1
36.3945 1
36.3969 1
36.3993 1
36.4017 1
36.4041 1
36.4065 1
36.4089 1
36.4113 1
36.4137 1
36.4161 1
36.4185 1
36.4209 1
36.4233 1
36.4257 1
36.4281 1
36.4305 1
36.4329 1
36.4353 1
36.4377 1
36.4401 1
36.4425 1
36.4449 1
36.4474 1
36.4498 1
36.4522 1
36.4546 1
36.457 1
36.4594 1
36.4618 1
36.4642 1
36.4666 1
36.469 1
36.4714 1
36.4738 1
36.4762 1
36.4786 1
36.481 1
36.4834 1
36.4858 1
36.4882 1
36.4906 1
36.493 1
36.4954 1
36.4978 1
36.5002 1
36.5026 1
36.505 1
36.5074 1
36.5098 1
36.5122 1
36.5146 1
36.517 1
36.5194 1
36.5219 1
36.5243 1
36.5267 1
36.5291 1
36.5315 1
36.5339 1
36.5363 1
36.5387 1
36.5411 1
36.5435 1
36.5459 1
36.5483 1
36.5507 1
36.5531 1
36.5555 1
36.5579 1
36.5603 1
36.5627 1
36.5651 1
36.5675 1
36.5699 1
36.5723 1
36.5747 1
36.5771 1
36.5795 1
36.5819 1
36.5843 1
36.5867 1
36.5891 1
36.5915 1
36.5939 1
36.5964 1
36.5988 1
36.6012 1
36.6036 1
36.606 1
36.6084 1
36.6108 1
36.6132 1
36.6156 1
36.618 1
36.6204 1
36.6228 1
36.6252 1
36.6276 1
36.63 1
36.6324 1
36.6348 1
36.6372 1
36.6396 1
36.642 1
36.6444 1
36.6468 1
36.6492 1
36.6516 1
36.654 1
36.6564 1
36.6588 1
36.6612 1
36.6636 1
36.666 1
36.6684 1
36.6708 1
36.6733 1
36.6757 1
36.6781 1
36.6805 1
36.6829 1
36.6853 1
36.6877 1
36.6901 1
36.6925 1
36.6949 1
36.6973 1
36.6997 1
36.7021 1
36.7045 1
36.7069 1
36.7093 1
36.7117 1
36.7141 1
36.7165 1
36.7189 1
36.7213 1
36.7237 1
36.7261 1
36.7285 1
36.7309 1
36.7333 1
36.7357 1
36.7381 1
36.7405 1
36.7429 1
36.7453 1
36.7478 1
36.7502 1
36.7526 1
36.755 1
36.7574 1
36.7598 1
36.7622 1
36.7646 1
36.767 1
36.7694 1
36.7718 1
36.7742 1
36.7766 1
36.779 1
36.7814 1
36.7838 1
36.7862 1
36.7886 1
36.791 1
36.7934 1
36.7958 1
36.7982 1
36.8006 1
36.803 1
36.8054 1
36.8078 1
36.8102 1
36.8126 1
36.815 1
36.8174 1
36.8198 1
36.8223 1
36.8247 1
36.8271 1
36.8295 1
36.8319 1
36.8343 1
36.8367 1
36.8391 1
36.8415 1
36.8439 1
36.8463 1
36.8487 1
36.8511 1
36.8535 1
36.8559 1
36.8583 1
36.8607 1
36.8631 1
36.8655 1
36.8679 1
36.8703 1
36.8727 1
36.8751 1
36.8775 1
36.8799 1
36.8823 1
36.8847 1
36.8871 1
36.8895 1
36.8919 1
36.8943 1
36.8968 1
36.8992 1
36.9016 1
36.904 1
36.9064 1
36.9088 1
36.9112 1
36.9136 1
36.916 1
36.9184 1
36.9208 1
36.9232 1
36.9256 1
36.928 1
36.9304 1
36.9328 1
36.9352 1
36.9376 1
36.94 1
36.9424 1
36.9448 1
36.9472 1
36.9496 1
36.952 1
36.9544 1
36.9568 1
36.9592 1
36.9616 1
36.964 1
36.9664 1
36.9688 1
36.9712 1
36.9737 1
36.9761 1
36.9785 1
36.9809 1
36.9833 1
36.9857 1
36.9881 1
36.9905 1
36.9929 1
36.9953 1
36.9977 1
37.0001 1
37.0025 1
37.0049 1
37.0073 1
37.0097 1
37.0121 1
37.0145 1
37.0169 1
37.0193 1
37.0217 1
37.0241 1
37.0265 1
37.0289 1
37.0313 1
37.0337 1
37.0361 1
37.0385 1
37.0409 1
37.0433 1
37.0457 1
37.0482 1
37.0506 1
37.053 1
37.0554 1
37.0578 1
37.0602 1
37.0626 1
37.065 1
37.0674 1
37.0698 1
37.0722 1
37.0746 1
37.077 1
37.0794 1
37.0818 1
37.0842 1
37.0866 1
37.089 1
37.0914 1
37.0938 1
37.0962 1
37.0986 1
37.101 1
37.1034 1
37.1058 1
37.1082 1
37.1106 1
37.113 1
37.1154 1
37.1178 1
37.1202 1
37.1227 1
37.1251 1
37.1275 1
37.1299 1
37.1323 1
37.1347 1
37.1371 1
37.1395 1
37.1419 1
37.1443 1
37.1467 1
37.1491 1
37.1515 1
37.1539 1
37.1563 1
37.1587 1
37.1611 1
37.1635 1
37.1659 1
37.1683 1
37.1707 1
37.1731 1
37.1755 1
37.1779 1
37.1803 1
37.1827 1
37.1851 1
37.1875 1
37.1899 1
37.1923 1
37.1947 1
37.1972 1
37.1996 1
37.202 1
37.2044 1
37.2068 1
37.2092 1
37.2116 1
37.214 1
37.2164 1
37.2188 1
37.2212 1
37.2236 1
37.226 1
37.2284 1
37.2308 1
37.2332 1
37.2356 1
37.238 1
37.2404 1
37.2428 1
37.2452 1
37.2476 1
37.25 1
37.2524 1
37.2548 1
37.2572 1
37.2596 1
37.262 1
37.2644 1
37.2668 1
37.2692 1
37.2716 1
37.2741 1
37.2765 1
37.2789 1
37.2813 1
37.2837 1
37.2861 1
37.2885 1
37.2909 1
37.2933 1
37.2957 1
37.2981 1
37.3005 1
37.3029 1
37.3053 1
37.3077 1
37.3101 1
37.3125 1
37.3149 1
37.3173 1
37.3197 1
37.3221 1
37.3245 1
37.3269 1
37.3293 1
37.3317 1
37.3341 1
37.3365 1
37.3389 1
37.3413 1
37.3437 1
37.3461 1
37.3486 1
37.351 1
37.3534 1
37.3558 1
37.3582 1
37.3606 1
37.363 1
37.3654 1
37.3678 1
37.3702 1
37.3726 1
37.375 1
37.3774 1
37.3798 1
37.3822 1
37.3846 1
37.387 1
37.3894 1
37.3918 1
37.3942 1
37.3966 1
37.399 1
37.4014 1
37.4038 1
37.4062 1
37.4086 1
37.411 1
37.4134 1
37.4158 1
37.4182 1
37.4206 1
37.4231 1
37.4255 1
37.4279 1
37.4303 1
37.4327 1
37.4351 1
37.4375 1
37.4399 1
37.4423 1
37.4447 1
37.4471 1
37.4495 1
37.4519 1
37.4543 1
37.4567 1
37.4591 1
37.4615 1
37.4639 1
37.4663 1
37.4687 1
37.4711 1
37.4735 1
37.4759 1
37.4783 1
37.4807 1
37.4831 1
37.4855 1
37.4879 1
37.4903 1
37.4927 1
37.4951 1
37.4976 1
37.5 1
37.5024 1
37.5048 1
37.5072 1
37.5096 1
37.512 1
37.5144 1
37.5168 1
37.5192 1
37.5216 1
37.524 1
37.5264 1
37.5288 1
37.5312 1
37.5336 1
37.536 1
37.5384 1
37.5408 1
37.5432 1
37.5456 1
37.548 1
37.5504 1
37.5528 1
37.5552 1
37.5576 1
37.56 1
37.5624 1
37.5648 1
37.5672 1
37.5696 1
37.572 1
37.5745 1
37.5769 1
37.5793 1
37.5817 1
37.5841 1
37.5865 1
37.5889 1
37.5913 1
37.5937 1
37.5961 1
37.5985 1
37.6009 1
37.6033 1
37.6057 1
37.6081 1
37.6105 1
37.6129 1
37.6153 1
37.6177 1
37.6201 1
37.6225 1
37.6249 1
37.6273 1
37.6297 1
37.6321 1
37.6345 1
37.6369 1
37.6393 1
37.6417 1
37.6441 1
37.6465 1
37.649 1
37.6514 1
37.6538 1
37.6562 1
37.6586 1
37.661 1
37.6634 1
37.6658 1
37.6682 1
37.6706 1
37.673 1
37.6754 1
37.6778 1
37.6802 1
37.6826 1
37.685 1
37.6874 1
37.6898 1
37.6922 1
37.6946 1
37.697 1
37.6994 1
37.7018 1
37.7042 1
37.7066 1
37.709 1
37.7114 1
37.7138 1
37.7162 1
37.7186 1
37.721 1
37.7235 1
37.7259 1
37.7283 1
37.7307 1
37.7331 1
37.7355 1
37.7379 1
37.7403 1
37.7427 1
37.7451 1
37.7475 1
37.7499 1
37.7523 1
37.7547 1
37.7571 1
37.7595 1
37.7619 1
37.7643 1
37.7667 1
37.7691 1
37.7715 1
37.7739 1
37.7763 1
37.7787 1
37.7811 1
37.7835 1
37.7859 1
37.7883 1
37.7907 1
37.7931 1
37.7955 1
37.798 1
37.8004 1
37.8028 1
37.8052 1
37.8076 1
37.81 1
37.8124 1
37.8148 1
37.8172 1
37.8196 1
37.822 1
37.8244 1
37.8268 1
37.8292 1
37.8316 1
37.834 1
37.8364 1
37.8388 1
37.8412 1
37.8436 1
37.846 1
37.8484 1
37.8508 1
37.8532 1
37.8556 1
37.858 1
37.8604 1
37.8628 1
37.8652 1
37.8676 1
37.87 1
37.8724 1
37.8749 1
37.8773 1
37.8797 1
37.8821 1
37.8845 1
37.8869 1
37.8893 1
37.8917 1
37.8941 1
37.8965 1
37.8989 1
37.9013 1
37.9037 1
37.9061 1
37.9085 1
37.9109 1
37.9133 1
37.9157 1
37.9181 1
37.9205 1
37.9229 1
37.9253 1
37.9277 1
37.9301 1
37.9325 1
37.9349 1
37.9373 1
37.9397 1
37.9421 1
37.9445 1
37.9469 1
37.9494 1
37.9518 1
37.9542 1
37.9566 1
37.959 1
37.9614 1
37.9638 1
37.9662 1
37.9686 1
37.971 1
37.9734 1
37.9758 1
37.9782 1
37.9806 1
37.983 1
37.9854 1
37.9878 1
37.9902 1
37.9926 1
37.995 1
37.9974 1
37.9998 1
38.0022 1
38.0046 1
38.007 1
38.0094 1
38.0118 1
38.0142 1
38.0166 1
38.019 1
38.0214 1
38.0239 1
38.0263 1
38.0287 1
38.0311 1
38.0335 1
38.0359 1
38.0383 1
38.0407 1
38.0431 1
38.0455 1
38.0479 1
38.0503 1
38.0527 1
38.0551 1
38.0575 1
38.0599 1
38.0623 1
38.0647 1
38.0671 1
38.0695 1
38.0719 1
38.0743 1
38.0767 1
38.0791 1
38.0815 1
38.0839 1
38.0863 1
38.0887 1
38.0911 1
38.0935 1
38.0959 1
38.0984 1
38.1008 1
38.1032 1
38.1056 1
38.108 1
38.1104 1
38.1128 1
38.1152 1
38.1176 1
38.12 1
38.1224 1
38.1248 1
38.1272 1
38.1296 1
38.132 1
38.1344 1
38.1368 1
38.1392 1
38.1416 1
38.144 1
38.1464 1
38.1488 1
38.1512 1
38.1536 1
38.156 1
38.1584 1
38.1608 1
38.1632 1
38.1656 1
38.168 1
38.1704 1
38.1728 1
38.1753 1
38.1777 1
38.1801 1
38.1825 1
38.1849 1
38.1873 1
38.1897 1
38.1921 1
38.1945 1
38.1969 1
38.1993 1
38.2017 1
38.2041 1
38.2065 1
38.2089 1
38.2113 1
38.2137 1
38.2161 1
38.2185 1
38.2209 1
38.2233 1
38.2257 1
38.2281 1
38.2305 1
38.2329 1
38.2353 1
38.2377 1
38.2401 1
38.2425 1
38.2449 1
38.2473 1
38.2498 1
38.2522 1
38.2546 1
38.257 1
38.2594 1
38.2618 1
38.2642 1
38.2666 1
38.269 1
38.2714 1
38.2738 1
38.2762 1
38.2786 1
38.281 1
38.2834 1
38.2858 1
38.2882 1
38.2906 1
38.293 1
38.2954 1
38.2978 1
38.3002 1
38.3026 1
38.305 1
38.3074 1
38.3098 1
38.3122 1
38.3146 1
38.317 1
38.3194 1
38.3218 1
38.3243 1
38.3267 1
38.3291 1
38.3315 1
38.3339 1
38.3363 1
38.3387 1
38.3411 1
38.3435 1
38.3459 1
38.3483 1
38.3507 1
38.3531 1
38.3555 1
38.3579 1
38.3603 1
38.3627 1
38.3651 1
38.3675 1
38.3699 1
38.3723 1
38.3747 1
38.3771 1
38.3795 1
38.3819 1
38.3843 1
38.3867 1
38.3891 1
38.3915 1
38.3939 1
38.3963 1
38.3988 1
38.4012 1
38.4036 1
38.406 1
38.4084 1
38.4108 1
38.4132 1
38.4156 1
38.418 1
38.4204 1
38.4228 1
38.4252 1
38.4276 1
38.43 1
38.4324 1
38.4348 1
38.4372 1
38.4396 1
38.442 1
38.4444 1
38.4468 1
38.4492 1
38.4516 1
38.454 1
38.4564 1
38.4588 1
38.4612 1
38.4636 1
38.466 1
38.4684 1
38.4708 1
38.4732 1
38.4757 1
38.4781 1
38.4805 1
38.4829 1
38.4853 1
38.4877 1
38.4901 1
38.4925 1
38.4949 1
38.4973 1
38.4997 1
38.5021 1
38.5045 1
38.5069 1
38.5093 1
38.5117 1
38.5141 1
38.5165 1
38.5189 1
38.5213 1
38.5237 1
38.5261 1
38.5285 1
38.5309 1
38.5333 1
38.5357 1
38.5381 1
38.5405 1
38.5429 1
38.5453 1
38.5477 1
38.5502 1
38.5526 1
38.555 1
38.5574 1
38.5598 1
38.5622 1
38.5646 1
38.567 1
38.5694 1
38.5718 1
38.5742 1
38.5766 1
38.579 1
38.5814 1
38.5838 1
38.5862 1
38.5886 1
38.591 1
38.5934 1
38.5958 1
38.5982 1
38.6006 1
38.603 1
38.6054 1
38.6078 1
38.6102 1
38.6126 1
38.615 1
38.6174 1
38.6198 1
38.6222 1
38.6247 1
38.6271 1
38.6295 1
38.6319 1
38.6343 1
38.6367 1
38.6391 1
38.6415 1
38.6439 1
38.6463 1
38.6487 1
38.6511 1
38.6535 1
38.6559 1
38.6583 1
38.6607 1
38.6631 1
38.6655 1
38.6679 1
38.6703 1
38.6727 1
38.6751 1
38.6775 1
38.6799 1
38.6823 1
38.6847 1
38.6871 1
38.6895 1
38.6919 1
38.6943 1
38.6967 1
38.6992 1
38.7016 1
38.704 1
38.7064 1
38.7088 1
38.7112 1
38.7136 1
38.716 1
38.7184 1
38.7208 1
38.7232 1
38.7256 1
38.728 1
38.7304 1
38.7328 1
38.7352 1
38.7376 1
38.74 1
38.7424 1
38.7448 1
38.7472 1
38.7496 1
38.752 1
38.7544 1
38.7568 1
38.7592 1
38.7616 1
38.764 1
38.7664 1
38.7688 1
38.7712 1
38.7736 1
38.7761 1
38.7785 1
38.7809 1
38.7833 1
38.7857 1
38.7881 1
38.7905 1
38.7929 1
38.7953 1
38.7977 1
38.8001 1
38.8025 1
38.8049 1
38.8073 1
38.8097 1
38.8121 1
38.8145 1
38.8169 1
38.8193 1
38.8217 1
38.8241 1
38.8265 1
38.8289 1
38.8313 1
38.8337 1
38.8361 1
38.8385 1
38.8409 1
38.8433 1
38.8457 1
38.8481 1
38.8506 1
38.853 1
38.8554 1
38.8578 1
38.8602 1
38.8626 1
38.865 1
38.8674 1
38.8698 1
38.8722 1
38.8746 1
38.877 1
38.8794 1
38.8818 1
38.8842 1
38.8866 1
38.889 1
38.8914 1
38.8938 1
38.8962 1
38.8986 1
38.901 1
38.9034 1
38.9058 1
38.9082 1
38.9106 1
38.913 1
38.9154 1
38.9178 1
38.9202 1
38.9226 1
38.9251 1
38.9275 1
38.9299 1
38.9323 1
38.9347 1
38.9371 1
38.9395 1
38.9419 1
38.9443 1
38.9467 1
38.9491 1
38.9515 1
38.9539 1
38.9563 1
38.9587 1
38.9611 1
38.9635 1
38.9659 1
38.9683 1
38.9707 1
38.9731 1
38.9755 1
38.9779 1
38.9803 1
38.9827 1
38.9851 1
38.9875 1
38.9899 1
38.9923 1
38.9947 1
38.9971 1
38.9996 1
39.002 1
39.0044 1
39.0068 1
39.0092 1
39.0116 1
39.014 1
39.0164 1
39.0188 1
39.0212 1
39.0236 1
39.026 1
39.0284 1
39.0308 1
39.0332 1
39.0356 1
39.038 1
39.0404 1
39.0428 1
39.0452 1
39.0476 1
39.05 1
39.0524 1
39.0548 1
39.0572 1
39.0596 1
39.062 1
39.0644 1
39.0668 1
39.0692 1
39.0716 1
39.074 1
39.0765 1
39.0789 1
39.0813 1
39.0837 1
39.0861 1
39.0885 1
39.0909 1
39.0933 1
39.0957 1
39.0981 1
39.1005 1
39.1029 1
39.1053 1
39.1077 1
39.1101 1
39.1125 1
39.1149 1
39.1173 1
39.1197 1
39.1221 1
39.1245 1
39.1269 1
39.1293 1
39.1317 1
39.1341 1
39.1365 1
39.1389 1
39.1413 1
39.1437 1
39.1461 1
39.1485 1
39.151 1
39.1534 1
39.1558 1
39.1582 1
39.1606 1
39.163 1
39.1654 1
39.1678 1
39.1702 1
39.1726 1
39.175 1
39.1774 1
39.1798 1
39.1822 1
39.1846 1
39.187 1
39.1894 1
39.1918 1
39.1942 1
39.1966 1
39.199 1
39.2014 1
39.2038 1
39.2062 1
39.2086 1
39.211 1
39.2134 1
39.2158 1
39.2182 1
39.2206 1
39.223 1
39.2255 1
39.2279 1
39.2303 1
39.2327 1
39.2351 1
39.2375 1
39.2399 1
39.2423 1
39.2447 1
39.2471 1
39.2495 1
39.2519 1
39.2543 1
39.2567 1
39.2591 1
39.2615 1
39.2639 1
39.2663 1
39.2687 1
39.2711 1
39.2735 1
39.2759 1
39.2783 1
39.2807 1
39.2831 1
39.2855 1
39.2879 1
39.2903 1
39.2927 1
39.2951 1
39.2975 1
39.3 1
39.3024 1
39.3048 1
39.3072 1
39.3096 1
39.312 1
39.3144 1
39.3168 1
39.3192 1
39.3216 1
39.324 1
39.3264 1
39.3288 1
39.3312 1
39.3336 1
39.336 1
39.3384 1
39.3408 1
39.3432 1
39.3456 1
39.348 1
39.3504 1
39.3528 1
39.3552 1
39.3576 1
39.36 1
39.3624 1
39.3648 1
39.3672 1
39.3696 1
39.372 1
39.3744 1
39.3769 1
39.3793 1
39.3817 1
39.3841 1
39.3865 1
39.3889 1
39.3913 1
39.3937 1
39.3961 1
39.3985 1
39.4009 1
39.4033 1
39.4057 1
39.4081 1
39.4105 1
39.4129 1
39.4153 1
39.4177 1
39.4201 1
39.4225 1
39.4249 1
39.4273 1
39.4297 1
39.4321 1
39.4345 1
39.4369 1
39.4393 1
39.4417 1
39.4441 1
39.4465 1
39.4489 1
39.4514 1
39.4538 1
39.4562 1
39.4586 1
39.461 1
39.4634 1
39.4658 1
39.4682 1
39.4706 1
39.473 1
39.4754 1
39.4778 1
39.4802 1
39.4826 1
39.485 1
39.4874 1
39.4898 1
39.4922 1
39.4946 1
39.497 1
39.4994 1
39.5018 1
39.5042 1
39.5066 1
39.509 1
39.5114 1
39.5138 1
39.5162 1
39.5186 1
39.521 1
39.5234 1
39.5259 1
39.5283 1
39.5307 1
39.5331 1
39.5355 1
39.5379 1
39.5403 1
39.5427 1
39.5451 1
39.5475 1
39.5499 1
39.5523 1
39.5547 1
39.5571 1
39.5595 1
39.5619 1
39.5643 1
39.5667 1
39.5691 1
39.5715 1
39.5739 1
39.5763 1
39.5787 1
39.5811 1
39.5835 1
39.5859 1
39.5883 1
39.5907 1
39.5931 1
39.5955 1
39.5979 1
39.6004 1
39.6028 1
39.6052 1
39.6076 1
39.61 1
39.6124 1
39.6148 1
39.6172 1
39.6196 1
39.622 1
39.6244 1
39.6268 1
39.6292 1
39.6316 1
39.634 1
39.6364 1
39.6388 1
39.6412 1
39.6436 1
39.646 1
39.6484 1
39.6508 1
39.6532 1
39.6556 1
39.658 1
39.6604 1
39.6628 1
39.6652 1
39.6676 1
39.67 1
39.6724 1
39.6748 1
39.6773 1
39.6797 1
39.6821 1
39.6845 1
39.6869 1
39.6893 1
39.6917 1
39.6941 1
39.6965 1
39.6989 1
39.7013 1
39.7037 1
39.7061 1
39.7085 1
39.7109 1
39.7133 1
39.7157 1
39.7181 1
39.7205 1
39.7229 1
39.7253 1
39.7277 1
39.7301 1
39.7325 1
39.7349 1
39.7373 1
39.7397 1
39.7421 1
39.7445 1
39.7469 1
39.7493 1
39.7518 1
39.7542 1
39.7566 1
39.759 1
39.7614 1
39.7638 1
39.7662 1
39.7686 1
39.771 1
39.7734 1
39.7758 1
39.7782 1
39.7806 1
39.783 1
39.7854 1
39.7878 1
39.7902 1
39.7926 1
39.795 1
39.7974 1
39.7998 1
39.8022 1
39.8046 1
39.807 1
39.8094 1
39.8118 1
39.8142 1
39.8166 1
39.819 1
39.8214 1
39.8238 1
39.8263 1
39.8287 1
39.8311 1
39.8335 1
39.8359 1
39.8383 1
39.8407 1
39.8431 1
39.8455 1
39.8479 1
39.8503 1
39.8527 1
39.8551 1
39.8575 1
39.8599 1
39.8623 1
39.8647 1
39.8671 1
39.8695 1
39.8719 1
39.8743 1
39.8767 1
39.8791 1
39.8815 1
39.8839 1
39.8863 1
39.8887 1
39.8911 1
39.8935 1
39.8959 1
39.8983 1
39.9008 1
39.9032 1
39.9056 1
39.908 1
39.9104 1
39.9128 1
39.9152 1
39.9176 1
39.92 1
39.9224 1
39.9248 1
39.9272 1
39.9296 1
39.932 1
39.9344 1
39.9368 1
39.9392 1
39.9416 1
39.944 1
39.9464 1
39.9488 1
39.9512 1
39.9536 1
39.956 1
39.9584 1
39.9608 1
39.9632 1
39.9656 1
39.968 1
39.9704 1
39.9728 1
39.9752 1
39.9777 1
39.9801 1
39.9825 1
39.9849 1
39.9873 1
39.9897 1
39.9921 1
39.9945 1
39.9969 1
39.9993 1
40.0017 1
40.0041 1
40.0065 1
40.0089 1
40.0113 1
40.0137 1
40.0161 1
40.0185 1
40.0209 1
40.0233 1
40.0257 1
40.0281 1
40.0305 1
40.0329 1
40.0353 1
40.0377 1
40.0401 1
40.0425 1
40.0449 1
40.0473 1
40.0497 1
40.0522 1
40.0546 1
40.057 1
40.0594 1
40.0618 1
40.0642 1
40.0666 1
40.069 1
40.0714 1
40.0738 1
40.0762 1
40.0786 1
40.081 1
40.0834 1
40.0858 1
40.0882 1
40.0906 1
40.093 1
40.0954 1
40.0978 1
40.1002 1
40.1026 1
40.105 1
40.1074 1
40.1098 1
40.1122 1
40.1146 1
40.117 1
40.1194 1
40.1218 1
40.1242 1
40.1267 1
40.1291 1
40.1315 1
40.1339 1
40.1363 1
40.1387 1
40.1411 1
40.1435 1
40.1459 1
40.1483 1
40.1507 1
40.1531 1
40.1555 1
40.1579 1
40.1603 1
40.1627 1
40.1651 1
40.1675 1
40.1699 1
40.1723 1
40.1747 1
40.1771 1
40.1795 1
40.1819 1
40.1843 1
40.1867 1
40.1891 1
40.1915 1
40.1939 1
40.1963 1
40.1987 1
40.2012 1
40.2036 1
40.206 1
40.2084 1
40.2108 1
40.2132 1
40.2156 1
40.218 1
40.2204 1
40.2228 1
40.2252 1
40.2276 1
40.23 1
40.2324 1
40.2348 1
40.2372 1
40.2396 1
40.242 1
40.2444 1
40.2468 1
40.2492 1
40.2516 1
40.254 1
40.2564 1
40.2588 1
40.2612 1
40.2636 1
40.266 1
40.2684 1
40.2708 1
40.2732 1
40.2756 1
40.2781 1
40.2805 1
40.2829 1
40.2853 1
40.2877 1
40.2901 1
40.2925 1
40.2949 1
40.2973 1
40.2997 1
40.3021 1
40.3045 1
40.3069 1
40.3093 1
40.3117 1
40.3141 1
40.3165 1
40.3189 1
40.3213 1
40.3237 1
40.3261 1
40.3285 1
40.3309 1
40.3333 1
40.3357 1
40.3381 1
40.3405 1
40.3429 1
40.3453 1
40.3477 1
40.3501 1
40.3526 1
40.355 1
40.3574 1
40.3598 1
40.3622 1
40.3646 1
40.367 1
40.3694 1
40.3718 1
40.3742 1
40.3766 1
40.379 1
40.3814 1
40.3838 1
40.3862 1
40.3886 1
40.391 1
40.3934 1
40.3958 1
40.3982 1
40.4006 1
40.403 1
40.4054 1
40.4078 1
40.4102 1
40.4126 1
40.415 1
40.4174 1
40.4198 1
40.4222 1
40.4246 1
40.4271 1
40.4295 1
40.4319 1
40.4343 1
40.4367 1
40.4391 1
40.4415 1
40.4439 1
40.4463 1
40.4487 1
40.4511 1
40.4535 1
40.4559 1
40.4583 1
40.4607 1
40.4631 1
40.4655 1
40.4679 1
40.4703 1
40.4727 1
40.4751 1
40.4775 1
40.4799 1
40.4823 1
40.4847 1
40.4871 1
40.4895 1
40.4919 1
40.4943 1
40.4967 1
40.4991 1
40.5016 1
40.504 1
40.5064 1
40.5088 1
40.5112 1
40.5136 1
40.516 1
40.5184 1
40.5208 1
40.5232 1
40.5256 1
40.528 1
40.5304 1
40.5328 1
40.5352 1
40.5376 1
40.54 1
40.5424 1
40.5448 1
40.5472 1
40.5496 1
40.552 1
48.7926 1
48.7926 1
59.4672 1
59.4672 1
59.4672 1
59.4672 1
59.4672 1
59.4672 1
59.4672 1
59.4673 1
59.4673 1
59.4673 1
59.4673 1
59.4673 1
59.4673 1
59.4673 1
59.4673 1
59.4673 1
59.4674 1
59.4674 1
59.4674 1
59.4674 1
59.4674 1
59.4674 1
59.4674 1
59.4674 1
59.4675 1
59.4675 1
59.4675 1
59.4675 1
59.4675 1
59.4675 1
59.4675 1
59.4675 1
59.4676 1
59.4676 1
59.4676 1
59.4676 1
59.4676 1
59.4676 1
59.4676 1
59.4676 1
59.4676 1
59.4677 1
59.4677 1
59.4677 1
59.4677 1
59.4677 1
59.4677 1
59.4677 1
59.4677 1
59.4678 1
59.4678 1
59.4678 1
59.4678 1
59.4678 1
59.4678 1
59.4678 1
59.4678 1
59.4679 1
59.4679 1
59.4679 1
59.4679 1
59.4679 1
59.4679 1
59.4679 1
59.4679 1
59.4679 1
59.468 1
59.468 1
59.468 1
59.468 1
59.468 1
59.468 1
59.468 1
59.468 1
59.4681 1
59.4681 1
59.4681 1
59.4681 1
59.4681 1
59.4681 1
59.4681 1
59.4681 1
59.4682 1
59.4682 1
59.4682 1
59.4682 1
59.4682 1
59.4682 1
59.4682 1
59.4682 1
59.4683 1
59.4683 1
59.4683 1
59.4683 1
59.4683 1
59.4683 1
59.4683 1
59.4683 1
59.4684 1
59.4684 1
59.4684 1
59.4684 1
59.4684 1
59.4684 1
59.4684 1
59.4684 1
59.4685 1
59.4685 1
59.4685 1
59.4685 1
59.4685 1
59.4685 1
59.4685 1
59.4685 1
59.4685 1
59.4686 1
59.4686 1
59.4686 1
59.4686 1
59.4686 1
59.4686 1
59.4686 1
59.4686 1
59.4687 1
59.4687 1
59.4687 1
59.4687 1
59.4687 1
59.4687 1
59.4687 1
59.4687 1
59.4688 1
59.4688 1
59.4688 1
59.4688 1
59.4688 1
59.4688 1
59.4688 1
59.4688 1
59.4688 1
59.4689 1
59.4689 1
59.4689 1
59.4689 1
59.4689 1
59.4689 1
59.4689 1
59.4689 1
59.469 1
59.469 1
59.469 1
59.469 1
59.469 1
59.469 1
59.469 1
59.469 1
59.4691 1
59.4691 1
59.4691 1
59.4691 1
59.4691 1
59.4691 1
59.4691 1
59.4691 1
59.4691 1
59.4692 1
59.4692 1
59.4692 1
59.4692 1
59.4692 1
59.4692 1
59.4692 1
59.4692 1
59.4693 1
59.4693 1
59.4693 1
59.4693 1
59.4693 1
59.4693 1
59.4693 1
59.4693 1
59.4694 1
59.4694 1
59.4694 1
59.4694 1
59.4694 1
59.4694 1
59.4694 1
59.4694 1
59.4695 1
59.4695 1
59.4695 1
59.4695 1
59.4695 1
59.4695 1
59.4695 1
59.4695 1
59.4696 1
59.4696 1
59.4696 1
59.4696 1
59.4696 1
59.4696 1
59.4696 1
59.4696 1
59.4697 1
59.4697 1
59.4697 1
59.4697 1
59.4697 1
59.4697 1
59.4697 1
59.4697 1
59.4698 1
59.4698 1
59.4698 1
59.4698 1
59.4698 1
59.4698 1
59.4698 1
59.4698 1
59.4698 1
59.4699 1
59.4699 1
59.4699 1
59.4699 1
59.4699 1
59.4699 1
59.4699 1
59.4699 1
59.47 1
59.47 1
59.47 1
59.47 1
59.47 1
59.47 1
59.47 1
59.47 1
59.4701 1
59.4701 1
59.4701 1
59.4701 1
59.4701 1
59.4701 1
59.4701 1
59.4701 1
59.4701 1
59.4702 1
59.4702 1
59.4702 1
59.4702 1
59.4702 1
59.4702 1
59.4702 1
59.4702 1
59.4703 1
59.4703 1
59.4703 1
59.4703 1
59.4703 1
59.4703 1
59.4703 1
59.4703 1
59.4704 1
59.4704 1
59.4704 1
59.4704 1
59.4704 1
59.4704 1
59.4704 1
59.4704 1
59.4704 1
59.4705 1
59.4705 1
59.4705 1
59.4705 1
59.4705 1
59.4705 1
59.4705 1
59.4705 1
59.4706 1
59.4706 1
59.4706 1
59.4706 1
59.4706 1
59.4706 1
59.4706 1
59.4707 1
59.4707 1
59.4707 1
59.4707 1
59.4707 1
59.4707 1
59.4707 1
59.4707 1
59.4707 1
59.4708 1
59.4708 1
59.4708 1
59.4708 1
59.4708 1
59.4708 1
59.4708 1
59.4708 1
59.4709 1
59.4709 1
59.4709 1
59.4709 1
59.4709 1
59.4709 1
59.4709 1
59.4709 1
59.471 1
59.471 1
59.471 1
59.471 1
59.471 1
59.471 1
59.471 1
59.471 1
59.471 1
59.4711 1
59.4711 1
59.4711 1
59.4711 1
59.4711 1
59.4711 1
59.4711 1
59.4711 1
59.4712 1
59.4712 1
59.4712 1
59.4712 1
59.4712 1
59.4712 1
59.4712 1
59.4712 1
59.4713 1
59.4713 1
59.4713 1
59.4713 1
59.4713 1
59.4713 1
59.4713 1
59.4713 1
59.4713 1
59.4714 1
59.4714 1
59.4714 1
59.4714 1
59.4714 1
59.4714 1
59.4714 1
59.4714 1
59.4715 1
59.4715 1
59.4715 1
59.4715 1
59.4715 1
59.4715 1
59.4715 1
59.4715 1
59.4716 1
59.4716 1
59.4716 1
59.4716 1
59.4716 1
59.4716 1
59.4716 1
59.4716 1
59.4716 1
59.4717 1
59.4717 1
59.4717 1
59.4717 1
59.4717 1
59.4717 1
59.4717 1
59.4717 1
59.4718 1
59.4718 1
59.4718 1
59.4718 1
59.4718 1
59.4718 1
59.4718 1
59.4719 1
59.4719 1
59.4719 1
59.4719 1
59.4719 1
59.4719 1
59.4719 1
59.4719 1
59.4719 1
59.472 1
59.472 1
59.472 1
59.472 1
59.472 1
59.472 1
59.472 1
59.472 1
59.4721 1
59.4721 1
59.4721 1
59.4721 1
59.4721 1
59.4721 1
59.4721 1
59.4721 1
59.4722 1
59.4722 1
59.4722 1
59.4722 1
59.4722 1
59.4722 1
59.4722 1
59.4722 1
59.4722 1
59.4723 1
59.4723 1
59.4723 1
59.4723 1
59.4723 1
59.4723 1
59.4723 1
59.4723 1
59.4724 1
59.4724 1
59.4724 1
59.4724 1
59.4724 1
59.4724 1
59.4724 1
59.4724 1
59.4725 1
59.4725 1
59.4725 1
59.4725 1
59.4725 1
59.4725 1
59.4725 1
59.4725 1
59.4725 1
59.4726 1
59.4726 1
59.4726 1
59.4726 1
59.4726 1
59.4726 1
59.4726 1
59.4726 1
59.4727 1
59.4727 1
59.4727 1
59.4727 1
59.4727 1
59.4727 1
59.4727 1
59.4727 1
59.4728 1
59.4728 1
59.4728 1
59.4728 1
59.4728 1
59.4728 1
59.4728 1
59.4728 1
59.4729 1
59.4729 1
59.4729 1
59.4729 1
59.4729 1
59.4729 1
59.4729 1
59.4729 1
59.4729 1
59.473 1
59.473 1
59.473 1
59.473 1
59.473 1
59.473 1
59.473 1
59.4731 1
59.4731 1
59.4731 1
59.4731 1
59.4731 1
59.4731 1
59.4731 1
59.4731 1
59.4732 1
59.4732 1
59.4732 1
59.4732 1
59.4732 1
59.4732 1
59.4732 1
59.4732 1
59.4732 1
59.4733 1
59.4733 1
59.4733 1
59.4733 1
59.4733 1
59.4733 1
59.4733 1
59.4733 1
59.4734 1
59.4734 1
59.4734 1
59.4734 1
59.4734 1
59.4734 1
59.4734 1
59.4734 1
59.4735 1
59.4735 1
59.4735 1
59.4735 1
59.4735 1
59.4735 1
59.4735 1
59.4735 1
59.4735 1
59.4736 1
59.4736 1
59.4736 1
59.4736 1
59.4736 1
59.4736 1
59.4736 1
59.4736 1
59.4737 1
59.4737 1
59.4737 1
59.4737 1
59.4737 1
59.4737 1
59.4737 1
59.4737 1
59.4738 1
59.4738 1
59.4738 1
59.4738 1
59.4738 1
59.4738 1
59.4738 1
59.4738 1
59.4738 1
59.4739 1
59.4739 1
59.4739 1
59.4739 1
59.4739 1
59.4739 1
59.4739 1
59.4739 1
59.474 1
59.474 1
59.474 1
59.474 1
59.474 1
59.474 1
59.474 1
59.474 1
59.4741 1
59.4741 1
59.4741 1
59.4741 1
59.4741 1
59.4741 1
59.4741 1
59.4741 1
59.4741 1
59.4742 1
59.4742 1
59.4742 1
59.4742 1
59.4742 1
59.4742 1
59.4742 1
59.4743 1
59.4743 1
59.4743 1
59.4743 1
59.4743 1
59.4743 1
59.4743 1
59.4743 1
59.4744 1
59.4744 1
59.4744 1
59.4744 1
59.4744 1
59.4744 1
59.4744 1
59.4744 1
59.4744 1
59.4745 1
59.4745 1
59.4745 1
59.4745 1
59.4745 1
59.4745 1
59.4745 1
59.4745 1
59.4746 1
59.4746 1
59.4746 1
59.4746 1
59.4746 1
59.4746 1
59.4746 1
59.4746 1
59.4747 1
59.4747 1
59.4747 1
59.4747 1
59.4747 1
59.4747 1
59.4747 1
59.4747 1
59.4747 1
59.4748 1
59.4748 1
59.4748 1
59.4748 1
59.4748 1
59.4748 1
59.4748 1
59.4748 1
59.4749 1
59.4749 1
59.4749 1
59.4749 1
59.4749 1
59.4749 1
59.4749 1
59.4749 1
59.475 1
59.475 1
59.475 1
59.475 1
59.475 1
59.475 1
59.475 1
59.475 1
59.475 1
59.4751 1
59.4751 1
59.4751 1
59.4751 1
59.4751 1
59.4751 1
59.4751 1
59.4751 1
59.4752 1
59.4752 1
59.4752 1
59.4752 1
59.4752 1
59.4752 1
59.4752 1
59.4752 1
59.4753 1
59.4753 1
59.4753 1
59.4753 1
59.4753 1
59.4753 1
59.4753 1
59.4753 1
59.4753 1
59.4754 1
59.4754 1
59.4754 1
59.4754 1
59.4754 1
59.4754 1
59.4754 1
59.4755 1
59.4755 1
59.4755 1
59.4755 1
59.4755 1
59.4755 1
59.4755 1
59.4755 1
59.4756 1
59.4756 1
59.4756 1
59.4756 1
59.4756 1
59.4756 1
59.4756 1
59.4756 1
59.4757 1
59.4757 1
59.4757 1
59.4757 1
59.4757 1
59.4757 1
59.4757 1
59.4757 1
59.4757 1
59.4758 1
59.4758 1
59.4758 1
59.4758 1
59.4758 1
59.4758 1
59.4758 1
59.4758 1
59.4759 1
59.4759 1
59.4759 1
59.4759 1
59.4759 1
59.4759 1
59.4759 1
59.4759 1
59.476 1
59.476 1
59.476 1
59.476 1
59.476 1
59.476 1
59.476 1
59.476 1
59.476 1
59.4761 1
59.4761 1
59.4761 1
59.4761 1
59.4761 1
59.4761 1
59.4761 1
59.4761 1
59.4762 1
59.4762 1
59.4762 1
59.4762 1
59.4762 1
59.4762 1
59.4762 1
59.4762 1
59.4763 1
59.4763 1
59.4763 1
59.4763 1
59.4763 1
59.4763 1
59.4763 1
59.4763 1
59.4763 1
59.4764 1
59.4764 1
59.4764 1
59.4764 1
59.4764 1
59.4764 1
59.4764 1
59.4764 1
59.4765 1
59.4765 1
59.4765 1
59.4765 1
59.4765 1
59.4765 1
59.4765 1
59.4765 1
59.4766 1
59.4766 1
59.4766 1
59.4766 1
59.4766 1
59.4766 1
59.4766 1
59.4766 1
59.4767 1
59.4767 1
59.4767 1
59.4767 1
59.4767 1
59.4767 1
59.4767 1
59.4767 1
59.4768 1
59.4768 1
59.4768 1
59.4768 1
59.4768 1
59.4768 1
59.4768 1
59.4768 1
59.4769 1
59.4769 1
59.4769 1
59.4769 1
59.4769 1
59.4769 1
59.4769 1
59.4769 1
59.4769 1
59.477 1
59.477 1
59.477 1
59.477 1
59.477 1
59.477 1
59.477 1
59.477 1
59.4771 1
59.4771 1
59.4771 1
59.4771 1
59.4771 1
59.4771 1
59.4771 1
59.4771 1
59.4772 1
59.4772 1
59.4772 1
59.4772 1
59.4772 1
59.4772 1
59.4772 1
59.4772 1
59.4772 1
59.4773 1
59.4773 1
59.4773 1
59.4773 1
59.4773 1
59.4773 1
59.4773 1
59.4773 1
59.4774 1
59.4774 1
59.4774 1
59.4774 1
59.4774 1
59.4774 1
59.4774 1
59.4774 1
59.4775 1
59.4775 1
59.4775 1
59.4775 1
59.4775 1
59.4775 1
59.4775 1
59.4775 1
59.4775 1
59.4776 1
59.4776 1
59.4776 1
59.4776 1
59.4776 1
59.4776 1
59.4776 1
59.4776 1
59.4777 1
59.4777 1
59.4777 1
59.4777 1
59.4777 1
59.4777 1
59.4777 1
59.4777 1
59.4778 1
59.4778 1
59.4778 1
59.4778 1
59.4778 1
59.4778 1
59.4778 1
59.4778 1
59.4779 1
59.4779 1
59.4779 1
59.4779 1
59.4779 1
59.4779 1
59.4779 1
59.4779 1
59.478 1
59.478 1
59.478 1
59.478 1
59.478 1
59.478 1
59.478 1
59.478 1
59.4781 1
59.4781 1
59.4781 1
59.4781 1
59.4781 1
59.4781 1
59.4781 1
59.4781 1
59.4781 1
59.4782 1
59.4782 1
59.4782 1
59.4782 1
59.4782 1
59.4782 1
59.4782 1
59.4782 1
59.4783 1
59.4783 1
59.4783 1
59.4783 1
59.4783 1
59.4783 1
59.4783 1
59.4783 1
59.4784 1
59.4784 1
59.4784 1
59.4784 1
59.4784 1
59.4784 1
59.4784 1
59.4784 1
59.4784 1
59.4785 1
59.4785 1
59.4785 1
59.4785 1
59.4785 1
59.4785 1
59.4785 1
59.4785 1
59.4786 1
59.4786 1
59.4786 1
59.4786 1
59.4786 1
59.4786 1
59.4786 1
59.4786 1
59.4787 1
59.4787 1
59.4787 1
59.4787 1
59.4787 1
59.4787 1
59.4787 1
59.4787 1
59.4788 1
59.4788 1
59.4788 1
59.4788 1
59.4788 1
59.4788 1
59.4788 1
59.4788 1
59.4788 1
59.4789 1
59.4789 1
59.4789 1
59.4789 1
59.4789 1
59.4789 1
59.4789 1
59.4789 1
59.479 1
59.479 1
59.479 1
59.479 1
59.479 1
59.479 1
59.479 1
59.4791 1
59.4791 1
59.4791 1
59.4791 1
59.4791 1
59.4791 1
59.4791 1
59.4791 1
59.4791 1
59.4792 1
59.4792 1
59.4792 1
59.4792 1
59.4792 1
59.4792 1
59.4792 1
59.4792 1
59.4793 1
59.4793 1
59.4793 1
59.4793 1
59.4793 1
59.4793 1
59.4793 1
59.4793 1
59.4794 1
59.4794 1
59.4794 1
59.4794 1
59.4794 1
59.4794 1
59.4794 1
59.4794 1
59.4794 1
59.4795 1
59.4795 1
59.4795 1
59.4795 1
59.4795 1
59.4795 1
59.4795 1
59.4795 1
59.4796 1
59.4796 1
59.4796 1
59.4796 1
59.4796 1
59.4796 1
59.4796 1
59.4796 1
59.4797 1
59.4797 1
59.4797 1
59.4797 1
59.4797 1
59.4797 1
59.4797 1
59.4797 1
59.4797 1
59.4798 1
59.4798 1
59.4798 1
59.4798 1
59.4798 1
59.4798 1
59.4798 1
59.4798 1
59.4799 1
59.4799 1
59.4799 1
59.4799 1
59.4799 1
59.4799 1
59.4799 1
59.4799 1
59.48 1
59.48 1
59.48 1
59.48 1
59.48 1
59.48 1
59.48 1
59.48 1
59.48 1
59.4801 1
59.4801 1
59.4801 1
59.4801 1
59.4801 1
59.4801 1
59.4801 1
59.4801 1
59.4802 1
59.4802 1
59.4802 1
59.4802 1
59.4802 1
59.4802 1
59.4802 1
59.4803 1
59.4803 1
59.4803 1
59.4803 1
59.4803 1
59.4803 1
59.4803 1
59.4803 1
59.4803 1
59.4804 1
59.4804 1
59.4804 1
59.4804 1
59.4804 1
59.4804 1
59.4804 1
59.4804 1
59.4805 1
59.4805 1
59.4805 1
59.4805 1
59.4805 1
59.4805 1
59.4805 1
59.4805 1
59.4806 1
59.4806 1
59.4806 1
59.4806 1
59.4806 1
59.4806 1
59.4806 1
59.4806 1
59.4806 1
59.4807 1
59.4807 1
59.4807 1
59.4807 1
59.4807 1
59.4807 1
59.4807 1
59.4807 1
59.4808 1
59.4808 1
59.4808 1
59.4808 1
59.4808 1
59.4808 1
59.4808 1
59.4808 1
59.4809 1
59.4809 1
59.4809 1
59.4809 1
59.4809 1
59.4809 1
59.4809 1
59.4809 1
59.4809 1
59.481 1
59.481 1
59.481 1
59.481 1
59.481 1
59.481 1
59.481 1
59.481 1
59.4811 1
59.4811 1
59.4811 1
59.4811 1
59.4811 1
59.4811 1
59.4811 1
59.4811 1
59.4812 1
59.4812 1
59.4812 1
59.4812 1
59.4812 1
59.4812 1
59.4812 1
59.4812 1
59.4812 1
59.4813 1
59.4813 1
59.4813 1
59.4813 1
59.4813 1
59.4813 1
59.4813 1
59.4813 1
59.4814 1
59.4814 1
59.4814 1
59.4814 1
59.4814 1
59.4814 1
59.4814 1
59.4815 1
59.4815 1
59.4815 1
59.4815 1
59.4815 1
59.4815 1
59.4815 1
59.4815 1
59.4815 1
59.4816 1
59.4816 1
59.4816 1
59.4816 1
59.4816 1
59.4816 1
59.4816 1
59.4816 1
59.4817 1
59.4817 1
59.4817 1
59.4817 1
59.4817 1
59.4817 1
59.4817 1
59.4817 1
59.4818 1
59.4818 1
59.4818 1
59.4818 1
59.4818 1
59.4818 1
59.4818 1
59.4818 1
59.4819 1
59.4819 1
59.4819 1
59.4819 1
59.4819 1
59.4819 1
59.4819 1
59.4819 1
59.4819 1
59.482 1
59.482 1
59.482 1
59.482 1
59.482 1
59.482 1
59.482 1
59.482 1
59.4821 1
59.4821 1
59.4821 1
59.4821 1
59.4821 1
59.4821 1
59.4821 1
59.4821 1
59.4822 1
59.4822 1
59.4822 1
59.4822 1
59.4822 1
59.4822 1
59.4822 1
59.4822 1
59.4822 1
59.4823 1
59.4823 1
59.4823 1
59.4823 1
59.4823 1
59.4823 1
59.4823 1
59.4823 1
59.4824 1
59.4824 1
59.4824 1
59.4824 1
59.4824 1
59.4824 1
59.4824 1
59.4824 1
59.4825 1
59.4825 1
59.4825 1
59.4825 1
59.4825 1
59.4825 1
59.4825 1
59.4825 1
59.4825 1
59.4826 1
59.4826 1
59.4826 1
59.4826 1
59.4826 1
59.4826 1
59.4826 1
59.4827 1
59.4827 1
59.4827 1
59.4827 1
59.4827 1
59.4827 1
59.4827 1
59.4827 1
59.4828 1
59.4828 1
59.4828 1
59.4828 1
59.4828 1
59.4828 1
59.4828 1
59.4828 1
59.4828 1
59.4829 1
59.4829 1
59.4829 1
59.4829 1
59.4829 1
59.4829 1
59.4829 1
59.4829 1
59.483 1
59.483 1
59.483 1
59.483 1
59.483 1
59.483 1
59.483 1
59.483 1
59.4831 1
59.4831 1
59.4831 1
59.4831 1
59.4831 1
59.4831 1
59.4831 1
59.4831 1
59.4831 1
59.4832 1
59.4832 1
59.4832 1
59.4832 1
59.4832 1
59.4832 1
59.4832 1
59.4832 1
59.4833 1
59.4833 1
59.4833 1
59.4833 1
59.4833 1
59.4833 1
59.4833 1
59.4833 1
59.4834 1
59.4834 1
59.4834 1
59.4834 1
59.4834 1
59.4834 1
59.4834 1
59.4834 1
59.4834 1
59.4835 1
59.4835 1
59.4835 1
59.4835 1
59.4835 1
59.4835 1
59.4835 1
59.4835 1
59.4836 1
59.4836 1
59.4836 1
59.4836 1
59.4836 1
59.4836 1
59.4836 1
59.4836 1
59.4837 1
59.4837 1
59.4837 1
59.4837 1
59.4837 1
59.4837 1
59.4837 1
