31.4085 1
31.4109 1
31.4133 1
31.4157 1
31.4181 1
31.4205 1
31.4229 1
31.4253 1
31.4277 1
31.4301 1
31.4325 1
31.435 1
31.4374 1
31.4398 1
31.4422 1
31.4446 1
31.447 1
31.4494 1
31.4518 1
31.4542 1
31.4566 1
31.459 1
31.4614 1
31.4638 1
31.4662 1
31.4686 1
31.471 1
31.4734 1
31.4758 1
31.4782 1
31.4806 1
31.483 1
31.4854 1
31.4878 1
31.4902 1
31.4926 1
31.495 1
31.4974 1
31.4998 1
31.5022 1
31.5046 1
31.507 1
31.5094 1
31.5119 1
31.5143 1
31.5167 1
31.5191 1
31.5215 1
31.5239 1
31.5263 1
31.5287 1
31.5311 1
31.5335 1
31.5359 1
31.5383 1
31.5407 1
31.5431 1
31.5455 1
31.5479 1
31.5503 1
31.5527 1
31.5551 1
31.5575 1
31.5599 1
31.5623 1
31.5647 1
31.5671 1
31.5695 1
31.5719 1
31.5743 1
31.5767 1
31.5791 1
31.5815 1
31.5839 1
31.5864 1
31.5888 1
31.5912 1
31.5936 1
31.596 1
31.5984 1
31.6008 1
31.6032 1
31.6056 1
31.608 1
31.6104 1
31.6128 1
31.6152 1
31.6176 1
31.62 1
31.6224 1
31.6248 1
31.6272 1
31.6296 1
31.632 1
31.6344 1
31.6368 1
31.6392 1
31.6416 1
31.644 1
31.6464 1
31.6488 1
31.6512 1
31.6536 1
31.656 1
31.6584 1
31.6609 1
31.6633 1
31.6657 1
31.6681 1
31.6705 1
31.6729 1
31.6753 1
31.6777 1
31.6801 1
31.6825 1
31.6849 1
31.6873 1
31.6897 1
31.6921 1
31.6945 1
31.6969 1
31.6993 1
31.7017 1
31.7041 1
31.7065 1
31.7089 1
31.7113 1
31.7137 1
31.7161 1
31.7185 1
31.7209 1
31.7233 1
31.7257 1
31.7281 1
31.7305 1
31.7329 1
31.7354 1
31.7378 1
31.7402 1
31.7426 1
31.745 1
31.7474 1
31.7498 1
31.7522 1
31.7546 1
31.757 1
31.7594 1
31.7618 1
31.7642 1
31.7666 1
31.769 1
31.7714 1
31.7738 1
31.7762 1
31.7786 1
31.781 1
31.7834 1
31.7858 1
31.7882 1
31.7906 1
31.793 1
31.7954 1
31.7978 1
31.8002 1
31.8026 1
31.805 1
31.8074 1
31.8098 1
31.8123 1
31.8147 1
31.8171 1
31.8195 1
31.8219 1
31.8243 1
31.8267 1
31.8291 1
31.8315 1
31.8339 1
31.8363 1
31.8387 1
31.8411 1
31.8435 1
31.8459 1
31.8483 1
31.8507 1
31.8531 1
31.8555 1
31.8579 1
31.8603 1
31.8627 1
31.8651 1
31.8675 1
31.8699 1
31.8723 1
31.8747 1
31.8771 1
31.8795 1
31.8819 1
31.8843 1
31.8868 1
31.8892 1
31.8916 1
31.894 1
31.8964 1
31.8988 1
31.9012 1
31.9036 1
31.906 1
31.9084 1
31.9108 1
31.9132 1
31.9156 1
31.918 1
31.9204 1
31.9228 1
31.9252 1
31.9276 1
31.93 1
31.9324 1
31.9348 1
31.9372 1
31.9396 1
31.942 1
31.9444 1
31.9468 1
31.9492 1
31.9516 1
31.954 1
31.9564 1
31.9588 1
31.9613 1
31.9637 1
31.9661 1
31.9685 1
31.9709 1
31.9733 1
31.9757 1
31.9781 1
31.9805 1
31.9829 1
31.9853 1
31.9877 1
31.9901 1
31.9925 1
31.9949 1
31.9973 1
31.9997 1
32.0021 1
32.0045 1
32.0069 1
32.0093 1
32.0117 1
32.0141 1
32.0165 1
32.0189 1
32.0213 1
32.0237 1
32.0261 1
32.0285 1
32.0309 1
32.0333 1
32.0358 1
32.0382 1
32.0406 1
32.043 1
32.0454 1
32.0478 1
32.0502 1
32.0526 1
32.055 1
32.0574 1
32.0598 1
32.0622 1
32.0646 1
32.067 1
32.0694 1
32.0718 1
32.0742 1
32.0766 1
32.079 1
32.0814 1
32.0838 1
32.0862 1
32.0886 1
32.091 1
32.0934 1
32.0958 1
32.0982 1
32.1006 1
32.103 1
32.1054 1
32.1078 1
32.1102 1
32.1127 1
32.1151 1
32.1175 1
32.1199 1
32.1223 1
32.1247 1
32.1271 1
32.1295 1
32.1319 1
32.1343 1
32.1367 1
32.1391 1
32.1415 1
32.1439 1
32.1463 1
32.1487 1
32.1511 1
32.1535 1
32.1559 1
32.1583 1
32.1607 1
32.1631 1
32.1655 1
32.1679 1
32.1703 1
32.1727 1
32.1751 1
32.1775 1
32.1799 1
32.1823 1
32.1847 1
32.1872 1
32.1896 1
32.192 1
32.1944 1
32.1968 1
32.1992 1
32.2016 1
32.204 1
32.2064 1
32.2088 1
32.2112 1
32.2136 1
32.216 1
32.2184 1
32.2208 1
32.2232 1
32.2256 1
32.228 1
32.2304 1
32.2328 1
32.2352 1
32.2376 1
32.24 1
32.2424 1
32.2448 1
32.2472 1
32.2496 1
32.252 1
32.2544 1
32.2568 1
32.2592 1
32.2617 1
32.2641 1
32.2665 1
32.2689 1
32.2713 1
32.2737 1
32.2761 1
32.2785 1
32.2809 1
32.2833 1
32.2857 1
32.2881 1
32.2905 1
32.2929 1
32.2953 1
32.2977 1
32.3001 1
32.3025 1
32.3049 1
32.3073 1
32.3097 1
32.3121 1
32.3145 1
32.3169 1
32.3193 1
32.3217 1
32.3241 1
32.3265 1
32.3289 1
32.3313 1
32.3337 1
32.3362 1
32.3386 1
32.341 1
32.3434 1
32.3458 1
32.3482 1
32.3506 1
32.353 1
32.3554 1
32.3578 1
32.3602 1
32.3626 1
32.365 1
32.3674 1
32.3698 1
32.3722 1
32.3746 1
32.377 1
32.3794 1
32.3818 1
32.3842 1
32.3866 1
32.389 1
32.3914 1
32.3938 1
32.3962 1
32.3986 1
32.401 1
32.4034 1
32.4058 1
32.4082 1
32.4106 1
32.4131 1
32.4155 1
32.4179 1
32.4203 1
32.4227 1
32.4251 1
32.4275 1
32.4299 1
32.4323 1
32.4347 1
32.4371 1
32.4395 1
32.4419 1
32.4443 1
32.4467 1
32.4491 1
32.4515 1
32.4539 1
32.4563 1
32.4587 1
32.4611 1
32.4635 1
32.4659 1
32.4683 1
32.4707 1
32.4731 1
32.4755 1
32.4779 1
32.4803 1
32.4827 1
32.4851 1
32.4876 1
32.49 1
32.4924 1
32.4948 1
32.4972 1
32.4996 1
32.502 1
32.5044 1
32.5068 1
32.5092 1
32.5116 1
32.514 1
32.5164 1
32.5188 1
32.5212 1
32.5236 1
32.526 1
32.5284 1
32.5308 1
32.5332 1
32.5356 1
32.538 1
32.5404 1
32.5428 1
32.5452 1
32.5476 1
32.55 1
32.5524 1
32.5548 1
32.5572 1
32.5596 1
32.5621 1
32.5645 1
32.5669 1
32.5693 1
32.5717 1
32.5741 1
32.5765 1
32.5789 1
32.5813 1
32.5837 1
32.5861 1
32.5885 1
32.5909 1
32.5933 1
32.5957 1
32.5981 1
32.6005 1
32.6029 1
32.6053 1
32.6077 1
32.6101 1
32.6125 1
32.6149 1
32.6173 1
32.6197 1
32.6221 1
32.6245 1
32.6269 1
32.6293 1
32.6317 1
32.6341 1
32.6366 1
32.639 1
32.6414 1
32.6438 1
32.6462 1
32.6486 1
32.651 1
32.6534 1
32.6558 1
32.6582 1
32.6606 1
32.663 1
32.6654 1
32.6678 1
32.6702 1
32.6726 1
32.675 1
32.6774 1
32.6798 1
32.6822 1
32.6846 1
32.687 1
32.6894 1
32.6918 1
32.6942 1
32.6966 1
32.699 1
32.7014 1
32.7038 1
32.7062 1
32.7086 1
32.711 1
32.7135 1
32.7159 1
32.7183 1
32.7207 1
32.7231 1
32.7255 1
32.7279 1
32.7303 1
32.7327 1
32.7351 1
32.7375 1
32.7399 1
32.7423 1
32.7447 1
32.7471 1
32.7495 1
32.7519 1
32.7543 1
32.7567 1
32.7591 1
32.7615 1
32.7639 1
32.7663 1
32.7687 1
32.7711 1
32.7735 1
32.7759 1
32.7783 1
32.7807 1
32.7831 1
32.7855 1
32.788 1
32.7904 1
32.7928 1
32.7952 1
32.7976 1
32.8 1
32.8024 1
32.8048 1
32.8072 1
32.8096 1
32.812 1
32.8144 1
32.8168 1
32.8192 1
32.8216 1
32.824 1
32.8264 1
32.8288 1
32.8312 1
32.8336 1
32.836 1
32.8384 1
32.8408 1
32.8432 1
32.8456 1
32.848 1
32.8504 1
32.8528 1
32.8552 1
32.8576 1
32.86 1
32.8625 1
32.8649 1
32.8673 1
32.8697 1
32.8721 1
32.8745 1
32.8769 1
32.8793 1
32.8817 1
32.8841 1
32.8865 1
32.8889 1
32.8913 1
32.8937 1
32.8961 1
32.8985 1
32.9009 1
32.9033 1
32.9057 1
32.9081 1
32.9105 1
32.9129 1
32.9153 1
32.9177 1
32.9201 1
32.9225 1
32.9249 1
32.9273 1
32.9297 1
32.9321 1
32.9345 1
32.937 1
32.9394 1
32.9418 1
32.9442 1
32.9466 1
32.949 1
32.9514 1
32.9538 1
32.9562 1
32.9586 1
32.961 1
32.9634 1
32.9658 1
32.9682 1
32.9706 1
32.973 1
32.9754 1
32.9778 1
32.9802 1
32.9826 1
32.985 1
32.9874 1
32.9898 1
32.9922 1
32.9946 1
32.997 1
32.9994 1
33.0018 1
33.0042 1
33.0066 1
33.009 1
33.0114 1
33.0139 1
33.0163 1
33.0187 1
33.0211 1
33.0235 1
33.0259 1
33.0283 1
33.0307 1
33.0331 1
33.0355 1
33.0379 1
33.0403 1
33.0427 1
33.0451 1
33.0475 1
33.0499 1
33.0523 1
33.0547 1
33.0571 1
33.0595 1
33.0619 1
33.0643 1
33.0667 1
33.0691 1
33.0715 1
33.0739 1
33.0763 1
33.0787 1
33.0811 1
33.0835 1
33.0859 1
33.0884 1
33.0908 1
33.0932 1
33.0956 1
33.098 1
33.1004 1
33.1028 1
33.1052 1
33.1076 1
33.11 1
33.1124 1
33.1148 1
33.1172 1
33.1196 1
33.122 1
33.1244 1
33.1268 1
33.1292 1
33.1316 1
33.134 1
33.1364 1
33.1388 1
33.1412 1
33.1436 1
33.146 1
33.1484 1
33.1508 1
33.1532 1
33.1556 1
33.158 1
33.1604 1
33.1629 1
33.1653 1
33.1677 1
33.1701 1
33.1725 1
33.1749 1
33.1773 1
33.1797 1
33.1821 1
33.1845 1
33.1869 1
33.1893 1
33.1917 1
33.1941 1
33.1965 1
33.1989 1
33.2013 1
33.2037 1
33.2061 1
33.2085 1
33.2109 1
33.2133 1
33.2157 1
33.2181 1
33.2205 1
33.2229 1
33.2253 1
33.2277 1
33.2301 1
33.2325 1
33.2349 1
33.2374 1
33.2398 1
33.2422 1
33.2446 1
33.247 1
33.2494 1
33.2518 1
33.2542 1
33.2566 1
33.259 1
33.2614 1
33.2638 1
33.2662 1
33.2686 1
33.271 1
33.2734 1
33.2758 1
33.2782 1
33.2806 1
33.283 1
33.2854 1
33.2878 1
33.2902 1
33.2926 1
33.295 1
33.2974 1
33.2998 1
33.3022 1
33.3046 1
33.307 1
33.3094 1
33.3118 1
33.3143 1
33.3167 1
33.3191 1
33.3215 1
33.3239 1
33.3263 1
33.3287 1
33.3311 1
33.3335 1
33.3359 1
33.3383 1
33.3407 1
33.3431 1
33.3455 1
33.3479 1
33.3503 1
33.3527 1
33.3551 1
33.3575 1
33.3599 1
33.3623 1
33.3647 1
33.3671 1
33.3695 1
33.3719 1
33.3743 1
33.3767 1
33.3791 1
33.3815 1
33.3839 1
33.3863 1
33.3888 1
33.3912 1
33.3936 1
33.396 1
33.3984 1
33.4008 1
33.4032 1
33.4056 1
33.408 1
33.4104 1
33.4128 1
33.4152 1
33.4176 1
33.42 1
33.4224 1
33.4248 1
33.4272 1
33.4296 1
33.432 1
33.4344 1
33.4368 1
33.4392 1
33.4416 1
33.444 1
33.4464 1
33.4488 1
33.4512 1
33.4536 1
33.456 1
33.4584 1
33.4608 1
33.4633 1
33.4657 1
33.4681 1
33.4705 1
33.4729 1
33.4753 1
33.4777 1
33.4801 1
33.4825 1
33.4849 1
33.4873 1
33.4897 1
33.4921 1
33.4945 1
33.4969 1
33.4993 1
33.5017 1
33.5041 1
33.5065 1
33.5089 1
33.5113 1
33.5137 1
33.5161 1
33.5185 1
33.5209 1
33.5233 1
33.5257 1
33.5281 1
33.5305 1
33.5329 1
33.5353 1
33.5378 1
33.5402 1
33.5426 1
33.545 1
33.5474 1
33.5498 1
33.5522 1
33.5546 1
33.557 1
33.5594 1
33.5618 1
33.5642 1
33.5666 1
33.569 1
33.5714 1
33.5738 1
33.5762 1
33.5786 1
33.581 1
33.5834 1
33.5858 1
33.5882 1
33.5906 1
33.593 1
33.5954 1
33.5978 1
33.6002 1
33.6026 1
33.605 1
33.6074 1
33.6098 1
33.6122 1
33.6147 1
33.6171 1
33.6195 1
33.6219 1
33.6243 1
33.6267 1
33.6291 1
33.6315 1
33.6339 1
33.6363 1
33.6387 1
33.6411 1
33.6435 1
33.6459 1
33.6483 1
33.6507 1
33.6531 1
33.6555 1
33.6579 1
33.6603 1
33.6627 1
33.6651 1
33.6675 1
33.6699 1
33.6723 1
33.6747 1
33.6771 1
33.6795 1
33.6819 1
33.6843 1
33.6867 1
33.6892 1
33.6916 1
33.694 1
33.6964 1
33.6988 1
33.7012 1
33.7036 1
33.706 1
33.7084 1
33.7108 1
33.7132 1
33.7156 1
33.718 1
33.7204 1
33.7228 1
33.7252 1
33.7276 1
33.73 1
33.7324 1
33.7348 1
33.7372 1
33.7396 1
33.742 1
33.7444 1
33.7468 1
33.7492 1
33.7516 1
33.754 1
33.7564 1
33.7588 1
33.7612 1
33.7637 1
33.7661 1
33.7685 1
33.7709 1
33.7733 1
33.7757 1
33.7781 1
33.7805 1
33.7829 1
33.7853 1
33.7877 1
33.7901 1
33.7925 1
33.7949 1
33.7973 1
33.7997 1
33.8021 1
33.8045 1
33.8069 1
33.8093 1
33.8117 1
33.8141 1
33.8165 1
33.8189 1
33.8213 1
33.8237 1
33.8261 1
33.8285 1
33.8309 1
33.8333 1
33.8357 1
33.8382 1
33.8406 1
33.843 1
33.8454 1
33.8478 1
33.8502 1
33.8526 1
33.855 1
33.8574 1
33.8598 1
33.8622 1
33.8646 1
33.867 1
33.8694 1
33.8718 1
33.8742 1
33.8766 1
33.879 1
33.8814 1
33.8838 1
33.8862 1
33.8886 1
33.891 1
33.8934 1
33.8958 1
33.8982 1
33.9006 1
33.903 1
33.9054 1
33.9078 1
33.9102 1
33.9126 1
33.9151 1
33.9175 1
33.9199 1
33.9223 1
33.9247 1
33.9271 1
33.9295 1
33.9319 1
33.9343 1
33.9367 1
33.9391 1
33.9415 1
33.9439 1
33.9463 1
33.9487 1
33.9511 1
33.9535 1
33.9559 1
33.9583 1
33.9607 1
33.9631 1
33.9655 1
33.9679 1
33.9703 1
33.9727 1
33.9751 1
33.9775 1
33.9799 1
33.9823 1
33.9847 1
33.9871 1
33.9896 1
33.992 1
33.9944 1
33.9968 1
33.9992 1
34.0016 1
34.004 1
34.0064 1
34.0088 1
34.0112 1
34.0136 1
34.016 1
34.0184 1
34.0208 1
34.0232 1
34.0256 1
34.028 1
34.0304 1
34.0328 1
34.0352 1
34.0376 1
34.04 1
34.0424 1
34.0448 1
34.0472 1
34.0496 1
34.052 1
34.0544 1
34.0568 1
34.0592 1
34.0616 1
34.0641 1
34.0665 1
34.0689 1
34.0713 1
34.0737 1
34.0761 1
34.0785 1
34.0809 1
34.0833 1
34.0857 1
34.0881 1
34.0905 1
34.0929 1
34.0953 1
34.0977 1
34.1001 1
34.1025 1
34.1049 1
34.1073 1
34.1097 1
34.1121 1
34.1145 1
34.1169 1
34.1193 1
34.1217 1
34.1241 1
34.1265 1
34.1289 1
34.1313 1
34.1337 1
34.1361 1
34.1386 1
34.141 1
34.1434 1
34.1458 1
34.1482 1
34.1506 1
34.153 1
34.1554 1
34.1578 1
34.1602 1
34.1626 1
34.165 1
34.1674 1
34.1698 1
34.1722 1
34.1746 1
34.177 1
34.1794 1
34.1818 1
34.1842 1
34.1866 1
34.189 1
34.1914 1
34.1938 1
34.1962 1
34.1986 1
34.201 1
34.2034 1
34.2058 1
34.2082 1
34.2106 1
34.213 1
34.2155 1
34.2179 1
34.2203 1
34.2227 1
34.2251 1
34.2275 1
34.2299 1
34.2323 1
34.2347 1
34.2371 1
34.2395 1
34.2419 1
34.2443 1
34.2467 1
34.2491 1
34.2515 1
34.2539 1
34.2563 1
34.2587 1
34.2611 1
34.2635 1
34.2659 1
34.2683 1
34.2707 1
34.2731 1
34.2755 1
34.2779 1
34.2803 1
34.2827 1
34.2851 1
34.2875 1
34.29 1
34.2924 1
34.2948 1
34.2972 1
34.2996 1
34.302 1
34.3044 1
34.3068 1
34.3092 1
34.3116 1
34.314 1
34.3164 1
34.3188 1
34.3212 1
34.3236 1
34.326 1
34.3284 1
34.3308 1
34.3332 1
34.3356 1
34.338 1
34.3404 1
34.3428 1
34.3452 1
34.3476 1
34.35 1
34.3524 1
34.3548 1
34.3572 1
34.3596 1
34.362 1
34.3645 1
34.3669 1
34.3693 1
34.3717 1
34.3741 1
34.3765 1
34.3789 1
34.3813 1
34.3837 1
34.3861 1
34.3885 1
34.3909 1
34.3933 1
34.3957 1
34.3981 1
34.4005 1
34.4029 1
34.4053 1
34.4077 1
34.4101 1
34.4125 1
34.4149 1
34.4173 1
34.4197 1
34.4221 1
34.4245 1
34.4269 1
34.4293 1
34.4317 1
34.4341 1
34.4365 1
34.439 1
34.4414 1
34.4438 1
34.4462 1
34.4486 1
34.451 1
34.4534 1
34.4558 1
34.4582 1
34.4606 1
34.463 1
34.4654 1
34.4678 1
34.4702 1
34.4726 1
34.475 1
34.4774 1
34.4798 1
34.4822 1
34.4846 1
34.487 1
34.4894 1
34.4918 1
34.4942 1
34.4966 1
34.499 1
34.5014 1
34.5038 1
34.5062 1
34.5086 1
34.511 1
34.5134 1
34.5159 1
34.5183 1
34.5207 1
34.5231 1
34.5255 1
34.5279 1
34.5303 1
34.5327 1
34.5351 1
34.5375 1
34.5399 1
34.5423 1
34.5447 1
34.5471 1
34.5495 1
34.5519 1
34.5543 1
34.5567 1
34.5591 1
34.5615 1
34.5639 1
34.5663 1
34.5687 1
34.5711 1
34.5735 1
34.5759 1
34.5783 1
34.5807 1
34.5831 1
34.5855 1
34.5879 1
34.5904 1
34.5928 1
34.5952 1
34.5976 1
34.6 1
34.6024 1
34.6048 1
34.6072 1
34.6096 1
34.612 1
34.6144 1
34.6168 1
34.6192 1
34.6216 1
34.624 1
34.6264 1
34.6288 1
34.6312 1
34.6336 1
34.636 1
34.6384 1
34.6408 1
34.6432 1
34.6456 1
34.648 1
34.6504 1
34.6528 1
34.6552 1
34.6576 1
34.66 1
34.6624 1
34.6649 1
34.6673 1
34.6697 1
34.6721 1
34.6745 1
34.6769 1
34.6793 1
34.6817 1
34.6841 1
34.6865 1
34.6889 1
34.6913 1
34.6937 1
34.6961 1
34.6985 1
34.7009 1
34.7033 1
34.7057 1
34.7081 1
34.7105 1
34.7129 1
34.7153 1
34.7177 1
34.7201 1
34.7225 1
34.7249 1
34.7273 1
34.7297 1
34.7321 1
34.7345 1
34.7369 1
34.7394 1
34.7418 1
34.7442 1
34.7466 1
34.749 1
34.7514 1
34.7538 1
34.7562 1
34.7586 1
34.761 1
34.7634 1
34.7658 1
34.7682 1
34.7706 1
34.773 1
34.7754 1
34.7778 1
34.7802 1
34.7826 1
34.785 1
34.7874 1
34.7898 1
34.7922 1
34.7946 1
34.797 1
34.7994 1
34.8018 1
34.8042 1
34.8066 1
34.809 1
34.8114 1
34.8138 1
34.8163 1
34.8187 1
34.8211 1
34.8235 1
34.8259 1
34.8283 1
34.8307 1
34.8331 1
34.8355 1
34.8379 1
34.8403 1
34.8427 1
34.8451 1
34.8475 1
34.8499 1
34.8523 1
34.8547 1
34.8571 1
34.8595 1
34.8619 1
34.8643 1
34.8667 1
34.8691 1
34.8715 1
34.8739 1
34.8763 1
34.8787 1
34.8811 1
34.8835 1
34.8859 1
34.8883 1
34.8908 1
34.8932 1
34.8956 1
34.898 1
34.9004 1
34.9028 1
34.9052 1
34.9076 1
34.91 1
34.9124 1
34.9148 1
34.9172 1
34.9196 1
34.922 1
34.9244 1
34.9268 1
34.9292 1
34.9316 1
34.934 1
34.9364 1
34.9388 1
34.9412 1
34.9436 1
34.946 1
34.9484 1
34.9508 1
34.9532 1
34.9556 1
34.958 1
34.9604 1
34.9628 1
34.9653 1
34.9677 1
34.9701 1
34.9725 1
34.9749 1
34.9773 1
34.9797 1
34.9821 1
34.9845 1
34.9869 1
34.9893 1
34.9917 1
34.9941 1
34.9965 1
34.9989 1
35.0013 1
35.0037 1
35.0061 1
35.0085 1
35.0109 1
35.0133 1
35.0157 1
35.0181 1
35.0205 1
35.0229 1
35.0253 1
35.0277 1
35.0301 1
35.0325 1
35.0349 1
35.0373 1
35.0398 1
35.0422 1
35.0446 1
35.047 1
35.0494 1
35.0518 1
35.0542 1
35.0566 1
35.059 1
35.0614 1
35.0638 1
35.0662 1
35.0686 1
35.071 1
35.0734 1
35.0758 1
35.0782 1
35.0806 1
35.083 1
35.0854 1
35.0878 1
35.0902 1
35.0926 1
35.095 1
35.0974 1
35.0998 1
35.1022 1
35.1046 1
35.107 1
35.1094 1
35.1118 1
35.1142 1
35.1167 1
35.1191 1
35.1215 1
35.1239 1
35.1263 1
35.1287 1
35.1311 1
35.1335 1
35.1359 1
35.1383 1
35.1407 1
35.1431 1
35.1455 1
35.1479 1
35.1503 1
35.1527 1
35.1551 1
35.1575 1
35.1599 1
35.1623 1
35.1647 1
35.1671 1
35.1695 1
35.1719 1
35.1743 1
35.1767 1
35.1791 1
35.1815 1
35.1839 1
35.1863 1
35.1887 1
35.1912 1
35.1936 1
35.196 1
35.1984 1
35.2008 1
35.2032 1
35.2056 1
35.208 1
35.2104 1
35.2128 1
35.2152 1
35.2176 1
35.22 1
35.2224 1
35.2248 1
35.2272 1
35.2296 1
35.232 1
35.2344 1
35.2368 1
35.2392 1
35.2416 1
35.244 1
35.2464 1
35.2488 1
35.2512 1
35.2536 1
35.256 1
35.2584 1
35.2608 1
35.2632 1
35.2657 1
35.2681 1
35.2705 1
35.2729 1
35.2753 1
35.2777 1
35.2801 1
35.2825 1
35.2849 1
35.2873 1
35.2897 1
35.2921 1
35.2945 1
35.2969 1
35.2993 1
35.3017 1
35.3041 1
35.3065 1
35.3089 1
35.3113 1
35.3137 1
35.3161 1
35.3185 1
35.3209 1
35.3233 1
35.3257 1
35.3281 1
35.3305 1
35.3329 1
35.3353 1
35.3377 1
35.3402 1
35.3426 1
35.345 1
35.3474 1
35.3498 1
35.3522 1
35.3546 1
35.357 1
35.3594 1
35.3618 1
35.3642 1
35.3666 1
35.369 1
35.3714 1
35.3738 1
35.3762 1
35.3786 1
35.381 1
35.3834 1
35.3858 1
35.3882 1
35.3906 1
35.393 1
35.3954 1
35.3978 1
35.4002 1
35.4026 1
35.405 1
35.4074 1
35.4098 1
35.4122 1
35.4146 1
35.4171 1
35.4195 1
35.4219 1
35.4243 1
35.4267 1
35.4291 1
35.4315 1
35.4339 1
35.4363 1
35.4387 1
35.4411 1
35.4435 1
35.4459 1
35.4483 1
35.4507 1
35.4531 1
35.4555 1
35.4579 1
35.4603 1
35.4627 1
35.4651 1
35.4675 1
35.4699 1
35.4723 1
35.4747 1
35.4771 1
35.4795 1
35.4819 1
35.4843 1
35.4867 1
35.4891 1
35.4916 1
35.494 1
35.4964 1
35.4988 1
35.5012 1
35.5036 1
35.506 1
35.5084 1
35.5108 1
35.5132 1
35.5156 1
35.518 1
35.5204 1
35.5228 1
35.5252 1
35.5276 1
35.53 1
35.5324 1
35.5348 1
35.5372 1
35.5396 1
35.542 1
35.5444 1
35.5468 1
35.5492 1
35.5516 1
35.554 1
35.5564 1
35.5588 1
35.5612 1
35.5636 1
35.5661 1
35.5685 1
35.5709 1
35.5733 1
35.5757 1
35.5781 1
35.5805 1
35.5829 1
35.5853 1
35.5877 1
35.5901 1
35.5925 1
35.5949 1
35.5973 1
35.5997 1
35.6021 1
35.6045 1
35.6069 1
35.6093 1
35.6117 1
35.6141 1
35.6165 1
35.6189 1
35.6213 1
35.6237 1
35.6261 1
35.6285 1
35.6309 1
35.6333 1
35.6357 1
35.6381 1
35.6406 1
35.643 1
35.6454 1
35.6478 1
35.6502 1
35.6526 1
35.655 1
35.6574 1
35.6598 1
35.6622 1
35.6646 1
35.667 1
35.6694 1
35.6718 1
35.6742 1
35.6766 1
35.679 1
35.6814 1
35.6838 1
35.6862 1
35.6886 1
35.691 1
35.6934 1
35.6958 1
35.6982 1
35.7006 1
35.703 1
35.7054 1
35.7078 1
35.7102 1
35.7126 1
35.715 1
35.7175 1
35.7199 1
35.7223 1
35.7247 1
35.7271 1
35.7295 1
35.7319 1
35.7343 1
35.7367 1
35.7391 1
35.7415 1
35.7439 1
35.7463 1
35.7487 1
35.7511 1
35.7535 1
35.7559 1
35.7583 1
35.7607 1
35.7631 1
35.7655 1
35.7679 1
35.7703 1
35.7727 1
35.7751 1
35.7775 1
35.7799 1
35.7823 1
35.7847 1
35.7871 1
35.7895 1
35.792 1
35.7944 1
35.7968 1
35.7992 1
35.8016 1
35.804 1
35.8064 1
35.8088 1
35.8112 1
35.8136 1
35.816 1
35.8184 1
35.8208 1
35.8232 1
35.8256 1
35.828 1
35.8304 1
35.8328 1
35.8352 1
35.8376 1
35.84 1
35.8424 1
35.8448 1
35.8472 1
35.8496 1
35.852 1
35.8544 1
35.8568 1
35.8592 1
35.8616 1
35.864 1
35.8665 1
35.8689 1
35.8713 1
35.8737 1
35.8761 1
35.8785 1
35.8809 1
35.8833 1
35.8857 1
35.8881 1
35.8905 1
35.8929 1
35.8953 1
35.8977 1
35.9001 1
35.9025 1
35.9049 1
35.9073 1
35.9097 1
35.9121 1
35.9145 1
35.9169 1
35.9193 1
35.9217 1
35.9241 1
35.9265 1
35.9289 1
35.9313 1
35.9337 1
35.9361 1
35.9385 1
35.941 1
35.9434 1
35.9458 1
35.9482 1
35.9506 1
35.953 1
35.9554 1
35.9578 1
35.9602 1
35.9626 1
35.965 1
35.9674 1
35.9698 1
35.9722 1
35.9746 1
35.977 1
35.9794 1
35.9818 1
35.9842 1
35.9866 1
35.989 1
35.9914 1
35.9938 1
35.9962 1
35.9986 1
36.001 1
36.0034 1
36.0058 1
36.0082 1
36.0106 1
36.013 1
36.0154 1
36.0179 1
36.0203 1
36.0227 1
36.0251 1
36.0275 1
36.0299 1
36.0323 1
36.0347 1
36.0371 1
36.0395 1
36.0419 1
36.0443 1
36.0467 1
36.0491 1
36.0515 1
36.0539 1
36.0563 1
36.0587 1
36.0611 1
36.0635 1
36.0659 1
36.0683 1
36.0707 1
36.0731 1
36.0755 1
36.0779 1
36.0803 1
36.0827 1
36.0851 1
36.0875 1
36.0899 1
36.0924 1
36.0948 1
36.0972 1
36.0996 1
36.102 1
36.1044 1
36.1068 1
36.1092 1
36.1116 1
36.114 1
36.1164 1
36.1188 1
36.1212 1
36.1236 1
36.126 1
36.1284 1
36.1308 1
36.1332 1
36.1356 1
36.138 1
36.1404 1
36.1428 1
36.1452 1
36.1476 1
36.15 1
36.1524 1
36.1548 1
36.1572 1
36.1596 1
36.162 1
36.1644 1
36.1669 1
36.1693 1
36.1717 1
36.1741 1
36.1765 1
36.1789 1
36.1813 1
36.1837 1
36.1861 1
36.1885 1
36.1909 1
36.1933 1
36.1957 1
36.1981 1
36.2005 1
36.2029 1
36.2053 1
36.2077 1
36.2101 1
36.2125 1
36.2149 1
36.2173 1
36.2197 1
36.2221 1
36.2245 1
36.2269 1
36.2293 1
36.2317 1
36.2341 1
36.2365 1
36.2389 1
36.2414 1
36.2438 1
36.2462 1
36.2486 1
36.251 1
36.2534 1
36.2558 1
36.2582 1
36.2606 1
36.263 1
36.2654 1
36.2678 1
36.2702 1
36.2726 1
36.275 1
36.2774 1
36.2798 1
36.2822 1
36.2846 1
36.287 1
36.2894 1
36.2918 1
36.2942 1
36.2966 1
36.299 1
36.3014 1
36.3038 1
36.3062 1
36.3086 1
36.311 1
36.3134 1
36.3158 1
36.3183 1
36.3207 1
36.3231 1
36.3255 1
36.3279 1
36.3303 1
36.3327 1
36.3351 1
36.3375 1
36.3399 1
36.3423 1
36.3447 1
36.3471 1
36.3495 1
36.3519 1
36.3543 1
36.3567 1
36.3591 1
36.3615 1
36.3639 1
36.3663 1
36.3687 1
36.3711 1
36.3735 1
36.3759 1
36.3783 1
36.3807 1
36.3831 1
36.3855 1
36.3879 1
36.3903 1
36.3928 1
36.3952 1
36.3976 1
36.4 1
36.4024 1
36.4048 1
36.4072 1
36.4096 1
36.412 1
36.4144 1
36.4168 1
36.4192 1
36.4216 1
36.424 1
36.4264 1
36.4288 1
36.4312 1
36.4336 1
36.436 1
36.4384 1
36.4408 1
36.4432 1
36.4456 1
36.448 1
36.4504 1
36.4528 1
36.4552 1
36.4576 1
36.46 1
36.4624 1
36.4648 1
36.4673 1
36.4697 1
36.4721 1
36.4745 1
36.4769 1
36.4793 1
36.4817 1
36.4841 1
36.4865 1
36.4889 1
36.4913 1
36.4937 1
36.4961 1
36.4985 1
36.5009 1
36.5033 1
36.5057 1
36.5081 1
36.5105 1
36.5129 1
36.5153 1
36.5177 1
36.5201 1
36.5225 1
36.5249 1
36.5273 1
36.5297 1
36.5321 1
36.5345 1
36.5369 1
36.5393 1
36.5418 1
36.5442 1
36.5466 1
36.549 1
36.5514 1
36.5538 1
36.5562 1
36.5586 1
36.561 1
36.5634 1
36.5658 1
36.5682 1
36.5706 1
36.573 1
36.5754 1
36.5778 1
36.5802 1
36.5826 1
36.585 1
36.5874 1
36.5898 1
36.5922 1
36.5946 1
36.597 1
36.5994 1
36.6018 1
36.6042 1
36.6066 1
36.609 1
36.6114 1
36.6138 1
36.6162 1
36.6187 1
36.6211 1
36.6235 1
36.6259 1
36.6283 1
36.6307 1
36.6331 1
36.6355 1
36.6379 1
36.6403 1
36.6427 1
36.6451 1
36.6475 1
36.6499 1
36.6523 1
36.6547 1
36.6571 1
36.6595 1
36.6619 1
36.6643 1
36.6667 1
36.6691 1
36.6715 1
36.6739 1
36.6763 1
36.6787 1
36.6811 1
36.6835 1
36.6859 1
36.6883 1
36.6907 1
36.6932 1
36.6956 1
36.698 1
36.7004 1
36.7028 1
36.7052 1
36.7076 1
36.71 1
36.7124 1
36.7148 1
36.7172 1
36.7196 1
36.722 1
36.7244 1
36.7268 1
36.7292 1
36.7316 1
36.734 1
36.7364 1
36.7388 1
36.7412 1
36.7436 1
36.746 1
36.7484 1
36.7508 1
36.7532 1
36.7556 1
36.758 1
36.7604 1
36.7628 1
36.7652 1
36.7677 1
36.7701 1
36.7725 1
36.7749 1
36.7773 1
36.7797 1
36.7821 1
36.7845 1
36.7869 1
36.7893 1
36.7917 1
36.7941 1
36.7965 1
36.7989 1
36.8013 1
36.8037 1
36.8061 1
36.8085 1
36.8109 1
36.8133 1
36.8157 1
36.8181 1
36.8205 1
36.8229 1
36.8253 1
36.8277 1
36.8301 1
36.8325 1
36.8349 1
36.8373 1
36.8397 1
36.8422 1
36.8446 1
36.847 1
36.8494 1
36.8518 1
36.8542 1
36.8566 1
36.859 1
36.8614 1
36.8638 1
36.8662 1
36.8686 1
36.871 1
36.8734 1
36.8758 1
36.8782 1
36.8806 1
36.883 1
36.8854 1
36.8878 1
36.8902 1
36.8926 1
36.895 1
36.8974 1
36.8998 1
36.9022 1
36.9046 1
36.907 1
36.9094 1
36.9118 1
36.9142 1
36.9166 1
36.9191 1
36.9215 1
36.9239 1
36.9263 1
36.9287 1
36.9311 1
36.9335 1
36.9359 1
36.9383 1
36.9407 1
36.9431 1
36.9455 1
36.9479 1
36.9503 1
36.9527 1
36.9551 1
36.9575 1
36.9599 1
36.9623 1
36.9647 1
36.9671 1
36.9695 1
36.9719 1
36.9743 1
36.9767 1
36.9791 1
36.9815 1
36.9839 1
36.9863 1
36.9887 1
36.9911 1
36.9936 1
36.996 1
36.9984 1
37.0008 1
37.0032 1
37.0056 1
37.008 1
37.0104 1
37.0128 1
37.0152 1
37.0176 1
37.02 1
37.0224 1
37.0248 1
37.0272 1
37.0296 1
37.032 1
37.0344 1
37.0368 1
37.0392 1
37.0416 1
37.044 1
37.0464 1
37.0488 1
37.0512 1
37.0536 1
37.056 1
37.0584 1
37.0608 1
37.0632 1
37.0656 1
37.0681 1
37.0705 1
37.0729 1
37.0753 1
37.0777 1
37.0801 1
37.0825 1
37.0849 1
37.0873 1
37.0897 1
37.0921 1
37.0945 1
37.0969 1
37.0993 1
37.1017 1
37.1041 1
37.1065 1
37.1089 1
37.1113 1
37.1137 1
37.1161 1
37.1185 1
37.1209 1
37.1233 1
37.1257 1
37.1281 1
37.1305 1
37.1329 1
37.1353 1
37.1377 1
37.1401 1
37.1426 1
37.145 1
37.1474 1
37.1498 1
37.1522 1
37.1546 1
37.157 1
37.1594 1
37.1618 1
37.1642 1
37.1666 1
37.169 1
37.1714 1
37.1738 1
37.1762 1
37.1786 1
37.181 1
37.1834 1
37.1858 1
37.1882 1
37.1906 1
37.193 1
37.1954 1
37.1978 1
37.2002 1
37.2026 1
37.205 1
37.2074 1
37.2098 1
37.2122 1
37.2146 1
37.217 1
37.2195 1
37.2219 1
37.2243 1
37.2267 1
37.2291 1
37.2315 1
37.2339 1
37.2363 1
37.2387 1
37.2411 1
37.2435 1
37.2459 1
37.2483 1
37.2507 1
37.2531 1
37.2555 1
37.2579 1
37.2603 1
37.2627 1
37.2651 1
37.2675 1
37.2699 1
37.2723 1
37.2747 1
37.2771 1
37.2795 1
37.2819 1
37.2843 1
37.2867 1
37.2891 1
37.2915 1
37.294 1
37.2964 1
37.2988 1
37.3012 1
37.3036 1
37.306 1
37.3084 1
37.3108 1
37.3132 1
37.3156 1
37.318 1
37.3204 1
37.3228 1
37.3252 1
37.3276 1
37.33 1
37.3324 1
37.3348 1
37.3372 1
37.3396 1
37.342 1
37.3444 1
37.3468 1
37.3492 1
37.3516 1
37.354 1
37.3564 1
37.3588 1
37.3612 1
37.3636 1
37.366 1
37.3685 1
37.3709 1
37.3733 1
37.3757 1
37.3781 1
37.3805 1
37.3829 1
37.3853 1
37.3877 1
37.3901 1
37.3925 1
37.3949 1
37.3973 1
37.3997 1
37.4021 1
37.4045 1
37.4069 1
37.4093 1
37.4117 1
37.4141 1
37.4165 1
37.4189 1
37.4213 1
37.4237 1
37.4261 1
37.4285 1
37.4309 1
37.4333 1
37.4357 1
37.4381 1
37.4405 1
37.443 1
37.4454 1
37.4478 1
37.4502 1
37.4526 1
37.455 1
37.4574 1
37.4598 1
37.4622 1
37.4646 1
37.467 1
37.4694 1
37.4718 1
37.4742 1
37.4766 1
37.479 1
37.4814 1
37.4838 1
37.4862 1
37.4886 1
37.491 1
37.4934 1
37.4958 1
37.4982 1
37.5006 1
37.503 1
37.5054 1
37.5078 1
37.5102 1
37.5126 1
37.515 1
37.5174 1
37.5199 1
37.5223 1
37.5247 1
37.5271 1
37.5295 1
37.5319 1
37.5343 1
37.5367 1
37.5391 1
37.5415 1
37.5439 1
37.5463 1
37.5487 1
37.5511 1
37.5535 1
37.5559 1
37.5583 1
37.5607 1
37.5631 1
37.5655 1
37.5679 1
37.5703 1
37.5727 1
37.5751 1
37.5775 1
37.5799 1
37.5823 1
37.5847 1
37.5871 1
37.5895 1
37.5919 1
37.5944 1
37.5968 1
37.5992 1
37.6016 1
37.604 1
37.6064 1
37.6088 1
37.6112 1
37.6136 1
37.616 1
37.6184 1
37.6208 1
37.6232 1
37.6256 1
37.628 1
37.6304 1
37.6328 1
37.6352 1
37.6376 1
37.64 1
37.6424 1
37.6448 1
37.6472 1
37.6496 1
37.652 1
37.6544 1
37.6568 1
37.6592 1
37.6616 1
37.664 1
37.6664 1
37.6689 1
37.6713 1
37.6737 1
37.6761 1
37.6785 1
37.6809 1
37.6833 1
37.6857 1
37.6881 1
37.6905 1
37.6929 1
37.6953 1
37.6977 1
37.7001 1
37.7025 1
37.7049 1
37.7073 1
37.7097 1
37.7121 1
37.7145 1
37.7169 1
37.7193 1
37.7217 1
37.7241 1
37.7265 1
37.7289 1
37.7313 1
37.7337 1
37.7361 1
37.7385 1
37.7409 1
37.7434 1
37.7458 1
37.7482 1
37.7506 1
37.753 1
37.7554 1
37.7578 1
37.7602 1
37.7626 1
37.765 1
37.7674 1
37.7698 1
37.7722 1
37.7746 1
37.777 1
37.7794 1
37.7818 1
37.7842 1
37.7866 1
37.789 1
37.7914 1
37.7938 1
37.7962 1
37.7986 1
37.801 1
37.8034 1
37.8058 1
37.8082 1
37.8106 1
37.813 1
37.8154 1
37.8178 1
37.8203 1
37.8227 1
37.8251 1
37.8275 1
37.8299 1
37.8323 1
37.8347 1
37.8371 1
37.8395 1
37.8419 1
37.8443 1
37.8467 1
37.8491 1
37.8515 1
37.8539 1
37.8563 1
37.8587 1
37.8611 1
37.8635 1
37.8659 1
37.8683 1
37.8707 1
37.8731 1
37.8755 1
37.8779 1
37.8803 1
37.8827 1
37.8851 1
37.8875 1
37.8899 1
37.8923 1
37.8948 1
37.8972 1
37.8996 1
37.902 1
37.9044 1
37.9068 1
37.9092 1
37.9116 1
37.914 1
37.9164 1
37.9188 1
37.9212 1
37.9236 1
37.926 1
37.9284 1
37.9308 1
37.9332 1
37.9356 1
37.938 1
37.9404 1
37.9428 1
37.9452 1
37.9476 1
37.95 1
37.9524 1
37.9548 1
37.9572 1
37.9596 1
37.962 1
37.9644 1
37.9668 1
37.9693 1
37.9717 1
37.9741 1
37.9765 1
37.9789 1
37.9813 1
37.9837 1
37.9861 1
37.9885 1
37.9909 1
37.9933 1
37.9957 1
37.9981 1
38.0005 1
38.0029 1
38.0053 1
38.0077 1
38.0101 1
38.0125 1
38.0149 1
38.0173 1
38.0197 1
38.0221 1
38.0245 1
38.0269 1
38.0293 1
38.0317 1
38.0341 1
38.0365 1
38.0389 1
38.0413 1
38.0438 1
38.0462 1
38.0486 1
38.051 1
38.0534 1
38.0558 1
38.0582 1
38.0606 1
38.063 1
38.0654 1
38.0678 1
38.0702 1
38.0726 1
38.075 1
38.0774 1
38.0798 1
38.0822 1
38.0846 1
38.087 1
38.0894 1
38.0918 1
38.0942 1
38.0966 1
38.099 1
38.1014 1
38.1038 1
38.1062 1
38.1086 1
38.111 1
38.1134 1
38.1158 1
38.1182 1
38.1207 1
38.1231 1
38.1255 1
38.1279 1
38.1303 1
38.1327 1
38.1351 1
38.1375 1
38.1399 1
38.1423 1
38.1447 1
38.1471 1
38.1495 1
38.1519 1
38.1543 1
38.1567 1
38.1591 1
38.1615 1
38.1639 1
38.1663 1
38.1687 1
38.1711 1
38.1735 1
38.1759 1
38.1783 1
38.1807 1
38.1831 1
38.1855 1
38.1879 1
38.1903 1
38.1927 1
38.1952 1
38.1976 1
38.2 1
38.2024 1
38.2048 1
38.2072 1
38.2096 1
38.212 1
38.2144 1
38.2168 1
38.2192 1
38.2216 1
38.224 1
38.2264 1
38.2288 1
38.2312 1
38.2336 1
38.236 1
38.2384 1
38.2408 1
38.2432 1
38.2456 1
38.248 1
38.2504 1
38.2528 1
38.2552 1
38.2576 1
38.26 1
38.2624 1
38.2648 1
38.2672 1
38.2697 1
38.2721 1
38.2745 1
38.2769 1
38.2793 1
38.2817 1
38.2841 1
38.2865 1
38.2889 1
38.2913 1
38.2937 1
38.2961 1
38.2985 1
38.3009 1
38.3033 1
38.3057 1
38.3081 1
38.3105 1
38.3129 1
38.3153 1
38.3177 1
38.3201 1
38.3225 1
38.3249 1
38.3273 1
38.3297 1
38.3321 1
38.3345 1
38.3369 1
38.3393 1
38.3417 1
38.3442 1
38.3466 1
38.349 1
38.3514 1
38.3538 1
38.3562 1
38.3586 1
38.361 1
38.3634 1
38.3658 1
38.3682 1
38.3706 1
38.373 1
38.3754 1
38.3778 1
38.3802 1
38.3826 1
38.385 1
38.3874 1
38.3898 1
38.3922 1
38.3946 1
38.397 1
38.3994 1
38.4018 1
38.4042 1
38.4066 1
38.409 1
38.4114 1
38.4138 1
38.4162 1
38.4186 1
38.4211 1
38.4235 1
38.4259 1
38.4283 1
38.4307 1
38.4331 1
38.4355 1
38.4379 1
38.4403 1
38.4427 1
38.4451 1
38.4475 1
38.4499 1
38.4523 1
38.4547 1
38.4571 1
38.4595 1
38.4619 1
38.4643 1
38.4667 1
38.4691 1
38.4715 1
38.4739 1
38.4763 1
38.4787 1
38.4811 1
38.4835 1
38.4859 1
38.4883 1
38.4907 1
38.4931 1
38.4956 1
38.498 1
38.5004 1
38.5028 1
38.5052 1
38.5076 1
38.51 1
38.5124 1
38.5148 1
38.5172 1
38.5196 1
38.522 1
38.5244 1
38.5268 1
38.5292 1
38.5316 1
38.534 1
38.5364 1
38.5388 1
38.5412 1
38.5436 1
38.546 1
38.5484 1
38.5508 1
38.5532 1
38.5556 1
38.558 1
38.5604 1
38.5628 1
38.5652 1
38.5676 1
38.5701 1
38.5725 1
38.5749 1
38.5773 1
38.5797 1
38.5821 1
38.5845 1
38.5869 1
38.5893 1
38.5917 1
38.5941 1
38.5965 1
38.5989 1
38.6013 1
38.6037 1
38.6061 1
38.6085 1
38.6109 1
38.6133 1
38.6157 1
38.6181 1
38.6205 1
38.6229 1
38.6253 1
38.6277 1
38.6301 1
38.6325 1
38.6349 1
38.6373 1
38.6397 1
38.6421 1
38.6446 1
38.647 1
38.6494 1
38.6518 1
38.6542 1
38.6566 1
38.659 1
38.6614 1
38.6638 1
38.6662 1
38.6686 1
38.671 1
38.6734 1
38.6758 1
38.6782 1
38.6806 1
38.683 1
38.6854 1
38.6878 1
38.6902 1
38.6926 1
38.695 1
38.6974 1
38.6998 1
38.7022 1
38.7046 1
38.707 1
38.7094 1
38.7118 1
38.7142 1
38.7166 1
38.719 1
38.7215 1
38.7239 1
38.7263 1
38.7287 1
38.7311 1
38.7335 1
38.7359 1
38.7383 1
38.7407 1
38.7431 1
38.7455 1
38.7479 1
38.7503 1
38.7527 1
38.7551 1
38.7575 1
38.7599 1
38.7623 1
38.7647 1
38.7671 1
38.7695 1
38.7719 1
38.7743 1
38.7767 1
38.7791 1
38.7815 1
38.7839 1
38.7863 1
38.7887 1
38.7911 1
38.7935 1
38.796 1
38.7984 1
38.8008 1
38.8032 1
38.8056 1
38.808 1
38.8104 1
38.8128 1
38.8152 1
38.8176 1
38.82 1
38.8224 1
38.8248 1
38.8272 1
38.8296 1
38.832 1
38.8344 1
38.8368 1
38.8392 1
38.8416 1
38.844 1
38.8464 1
38.8488 1
38.8512 1
38.8536 1
38.856 1
38.8584 1
38.8608 1
38.8632 1
38.8656 1
38.868 1
38.8705 1
38.8729 1
38.8753 1
38.8777 1
38.8801 1
38.8825 1
38.8849 1
38.8873 1
38.8897 1
38.8921 1
38.8945 1
38.8969 1
38.8993 1
38.9017 1
38.9041 1
38.9065 1
38.9089 1
38.9113 1
38.9137 1
38.9161 1
38.9185 1
38.9209 1
38.9233 1
38.9257 1
38.9281 1
38.9305 1
38.9329 1
38.9353 1
38.9377 1
38.9401 1
38.9425 1
38.945 1
38.9474 1
38.9498 1
38.9522 1
38.9546 1
38.957 1
38.9594 1
38.9618 1
38.9642 1
38.9666 1
38.969 1
38.9714 1
38.9738 1
38.9762 1
38.9786 1
38.981 1
38.9834 1
38.9858 1
38.9882 1
38.9906 1
38.993 1
38.9954 1
38.9978 1
39.0002 1
39.0026 1
39.005 1
39.0074 1
39.0098 1
39.0122 1
39.0146 1
39.017 1
39.0194 1
39.0219 1
39.0243 1
39.0267 1
39.0291 1
39.0315 1
39.0339 1
39.0363 1
39.0387 1
39.0411 1
39.0435 1
39.0459 1
39.0483 1
39.0507 1
39.0531 1
39.0555 1
39.0579 1
39.0603 1
39.0627 1
39.0651 1
39.0675 1
39.0699 1
39.0723 1
39.0747 1
39.0771 1
39.0795 1
39.0819 1
39.0843 1
39.0867 1
39.0891 1
39.0915 1
39.0939 1
39.0964 1
39.0988 1
39.1012 1
39.1036 1
39.106 1
39.1084 1
39.1108 1
39.1132 1
39.1156 1
39.118 1
39.1204 1
39.1228 1
39.1252 1
39.1276 1
39.13 1
39.1324 1
39.1348 1
39.1372 1
39.1396 1
39.142 1
39.1444 1
39.1468 1
39.1492 1
39.1516 1
39.154 1
39.1564 1
39.1588 1
39.1612 1
39.1636 1
39.166 1
39.1684 1
39.1709 1
39.1733 1
39.1757 1
39.1781 1
39.1805 1
39.1829 1
39.1853 1
39.1877 1
39.1901 1
39.1925 1
39.1949 1
39.1973 1
39.1997 1
39.2021 1
39.2045 1
39.2069 1
39.2093 1
39.2117 1
39.2141 1
39.2165 1
39.2189 1
39.2213 1
39.2237 1
39.2261 1
39.2285 1
39.2309 1
39.2333 1
39.2357 1
39.2381 1
39.2405 1
39.2429 1
39.2454 1
39.2478 1
39.2502 1
39.2526 1
39.255 1
39.2574 1
39.2598 1
39.2622 1
39.2646 1
39.267 1
39.2694 1
39.2718 1
39.2742 1
39.2766 1
39.279 1
39.2814 1
39.2838 1
39.2862 1
39.2886 1
39.291 1
39.2934 1
39.2958 1
39.2982 1
39.3006 1
39.303 1
39.3054 1
39.3078 1
39.3102 1
39.3126 1
39.315 1
39.3174 1
39.3198 1
39.3223 1
39.3247 1
39.3271 1
39.3295 1
39.3319 1
39.3343 1
39.3367 1
39.3391 1
39.3415 1
39.3439 1
39.3463 1
39.3487 1
39.3511 1
39.3535 1
39.3559 1
39.3583 1
39.3607 1
39.3631 1
39.3655 1
39.3679 1
39.3703 1
39.3727 1
39.3751 1
39.3775 1
39.3799 1
39.3823 1
39.3847 1
39.3871 1
39.3895 1
39.3919 1
39.3943 1
39.3968 1
39.3992 1
39.4016 1
39.404 1
39.4064 1
39.4088 1
39.4112 1
39.4136 1
39.416 1
39.4184 1
39.4208 1
39.4232 1
39.4256 1
39.428 1
39.4304 1
39.4328 1
39.4352 1
39.4376 1
39.44 1
39.4424 1
39.4448 1
47.51 1
47.51 1
57.9557 1
57.9557 1
57.9557 1
57.9557 1
57.9557 1
57.9557 1
57.9557 1
57.9558 1
57.9558 1
57.9558 1
57.9558 1
57.9558 1
57.9558 1
57.9558 1
57.9558 1
57.9559 1
57.9559 1
57.9559 1
57.9559 1
57.9559 1
57.9559 1
57.9559 1
57.9559 1
57.956 1
57.956 1
57.956 1
57.956 1
57.956 1
57.956 1
57.956 1
57.956 1
57.956 1
57.9561 1
57.9561 1
57.9561 1
57.9561 1
57.9561 1
57.9561 1
57.9561 1
57.9561 1
57.9562 1
57.9562 1
57.9562 1
57.9562 1
57.9562 1
57.9562 1
57.9562 1
57.9562 1
57.9563 1
57.9563 1
57.9563 1
57.9563 1
57.9563 1
57.9563 1
57.9563 1
57.9563 1
57.9563 1
57.9564 1
57.9564 1
57.9564 1
57.9564 1
57.9564 1
57.9564 1
57.9564 1
57.9564 1
57.9565 1
57.9565 1
57.9565 1
57.9565 1
57.9565 1
57.9565 1
57.9565 1
57.9565 1
57.9566 1
57.9566 1
57.9566 1
57.9566 1
57.9566 1
57.9566 1
57.9566 1
57.9566 1
57.9566 1
57.9567 1
57.9567 1
57.9567 1
57.9567 1
57.9567 1
57.9567 1
57.9567 1
57.9567 1
57.9568 1
57.9568 1
57.9568 1
57.9568 1
57.9568 1
57.9568 1
57.9568 1
57.9569 1
57.9569 1
57.9569 1
57.9569 1
57.9569 1
57.9569 1
57.9569 1
57.9569 1
57.9569 1
57.957 1
57.957 1
57.957 1
57.957 1
57.957 1
57.957 1
57.957 1
57.957 1
57.9571 1
57.9571 1
57.9571 1
57.9571 1
57.9571 1
57.9571 1
57.9571 1
57.9571 1
57.9572 1
57.9572 1
57.9572 1
57.9572 1
57.9572 1
57.9572 1
57.9572 1
57.9572 1
57.9572 1
57.9573 1
57.9573 1
57.9573 1
57.9573 1
57.9573 1
57.9573 1
57.9573 1
57.9573 1
57.9574 1
57.9574 1
57.9574 1
57.9574 1
57.9574 1
57.9574 1
57.9574 1
57.9574 1
57.9575 1
57.9575 1
57.9575 1
57.9575 1
57.9575 1
57.9575 1
57.9575 1
57.9575 1
57.9575 1
57.9576 1
57.9576 1
57.9576 1
57.9576 1
57.9576 1
57.9576 1
57.9576 1
57.9576 1
57.9577 1
57.9577 1
57.9577 1
57.9577 1
57.9577 1
57.9577 1
57.9577 1
57.9577 1
57.9578 1
57.9578 1
57.9578 1
57.9578 1
57.9578 1
57.9578 1
57.9578 1
57.9578 1
57.9578 1
57.9579 1
57.9579 1
57.9579 1
57.9579 1
57.9579 1
57.9579 1
57.9579 1
57.9579 1
57.958 1
57.958 1
57.958 1
57.958 1
57.958 1
57.958 1
57.958 1
57.9581 1
57.9581 1
57.9581 1
57.9581 1
57.9581 1
57.9581 1
57.9581 1
57.9581 1
57.9581 1
57.9582 1
57.9582 1
57.9582 1
57.9582 1
57.9582 1
57.9582 1
57.9582 1
57.9582 1
57.9583 1
57.9583 1
57.9583 1
57.9583 1
57.9583 1
57.9583 1
57.9583 1
57.9583 1
57.9584 1
57.9584 1
57.9584 1
57.9584 1
57.9584 1
57.9584 1
57.9584 1
57.9584 1
57.9585 1
57.9585 1
57.9585 1
57.9585 1
57.9585 1
57.9585 1
57.9585 1
57.9585 1
57.9585 1
57.9586 1
57.9586 1
57.9586 1
57.9586 1
57.9586 1
57.9586 1
57.9586 1
57.9586 1
57.9587 1
57.9587 1
57.9587 1
57.9587 1
57.9587 1
57.9587 1
57.9587 1
57.9587 1
57.9588 1
57.9588 1
57.9588 1
57.9588 1
57.9588 1
57.9588 1
57.9588 1
57.9588 1
57.9588 1
57.9589 1
57.9589 1
57.9589 1
57.9589 1
57.9589 1
57.9589 1
57.9589 1
57.9589 1
57.959 1
57.959 1
57.959 1
57.959 1
57.959 1
57.959 1
57.959 1
57.959 1
57.9591 1
57.9591 1
57.9591 1
57.9591 1
57.9591 1
57.9591 1
57.9591 1
57.9591 1
57.9591 1
57.9592 1
57.9592 1
57.9592 1
57.9592 1
57.9592 1
57.9592 1
57.9592 1
57.9593 1
57.9593 1
57.9593 1
57.9593 1
57.9593 1
57.9593 1
57.9593 1
57.9593 1
57.9594 1
57.9594 1
57.9594 1
57.9594 1
57.9594 1
57.9594 1
57.9594 1
57.9594 1
57.9594 1
57.9595 1
57.9595 1
57.9595 1
57.9595 1
57.9595 1
57.9595 1
57.9595 1
57.9595 1
57.9596 1
57.9596 1
57.9596 1
57.9596 1
57.9596 1
57.9596 1
57.9596 1
57.9596 1
57.9597 1
57.9597 1
57.9597 1
57.9597 1
57.9597 1
57.9597 1
57.9597 1
57.9597 1
57.9597 1
57.9598 1
57.9598 1
57.9598 1
57.9598 1
57.9598 1
57.9598 1
57.9598 1
57.9598 1
57.9599 1
57.9599 1
57.9599 1
57.9599 1
57.9599 1
57.9599 1
57.9599 1
57.9599 1
57.96 1
57.96 1
57.96 1
57.96 1
57.96 1
57.96 1
57.96 1
57.96 1
57.96 1
57.9601 1
57.9601 1
57.9601 1
57.9601 1
57.9601 1
57.9601 1
57.9601 1
57.9601 1
57.9602 1
57.9602 1
57.9602 1
57.9602 1
57.9602 1
57.9602 1
57.9602 1
57.9602 1
57.9603 1
57.9603 1
57.9603 1
57.9603 1
57.9603 1
57.9603 1
57.9603 1
57.9603 1
57.9603 1
57.9604 1
57.9604 1
57.9604 1
57.9604 1
57.9604 1
57.9604 1
57.9604 1
57.9605 1
57.9605 1
57.9605 1
57.9605 1
57.9605 1
57.9605 1
57.9605 1
57.9605 1
57.9606 1
57.9606 1
57.9606 1
57.9606 1
57.9606 1
57.9606 1
57.9606 1
57.9606 1
57.9606 1
57.9607 1
57.9607 1
57.9607 1
57.9607 1
57.9607 1
57.9607 1
57.9607 1
57.9607 1
57.9608 1
57.9608 1
57.9608 1
57.9608 1
57.9608 1
57.9608 1
57.9608 1
57.9608 1
57.9609 1
57.9609 1
57.9609 1
57.9609 1
57.9609 1
57.9609 1
57.9609 1
57.9609 1
57.9609 1
57.961 1
57.961 1
57.961 1
57.961 1
57.961 1
57.961 1
57.961 1
57.961 1
57.9611 1
57.9611 1
57.9611 1
57.9611 1
57.9611 1
57.9611 1
57.9611 1
57.9611 1
57.9612 1
57.9612 1
57.9612 1
57.9612 1
57.9612 1
57.9612 1
57.9612 1
57.9612 1
57.9613 1
57.9613 1
57.9613 1
57.9613 1
57.9613 1
57.9613 1
57.9613 1
57.9613 1
57.9613 1
57.9614 1
57.9614 1
57.9614 1
57.9614 1
57.9614 1
57.9614 1
57.9614 1
57.9614 1
57.9615 1
57.9615 1
57.9615 1
57.9615 1
57.9615 1
57.9615 1
57.9615 1
57.9615 1
57.9616 1
57.9616 1
57.9616 1
57.9616 1
57.9616 1
57.9616 1
57.9616 1
57.9616 1
57.9617 1
57.9617 1
57.9617 1
57.9617 1
57.9617 1
57.9617 1
57.9617 1
57.9617 1
57.9618 1
57.9618 1
57.9618 1
57.9618 1
57.9618 1
57.9618 1
57.9618 1
57.9618 1
57.9619 1
57.9619 1
57.9619 1
57.9619 1
57.9619 1
57.9619 1
57.9619 1
57.9619 1
57.9619 1
57.962 1
57.962 1
57.962 1
57.962 1
57.962 1
57.962 1
57.962 1
57.962 1
57.9621 1
57.9621 1
57.9621 1
57.9621 1
57.9621 1
57.9621 1
57.9621 1
57.9621 1
57.9622 1
57.9622 1
57.9622 1
57.9622 1
57.9622 1
57.9622 1
57.9622 1
57.9622 1
57.9622 1
57.9623 1
57.9623 1
57.9623 1
57.9623 1
57.9623 1
57.9623 1
57.9623 1
57.9623 1
57.9624 1
57.9624 1
57.9624 1
57.9624 1
57.9624 1
57.9624 1
57.9624 1
57.9624 1
57.9625 1
57.9625 1
57.9625 1
57.9625 1
57.9625 1
57.9625 1
57.9625 1
57.9625 1
57.9625 1
57.9626 1
57.9626 1
57.9626 1
57.9626 1
57.9626 1
57.9626 1
57.9626 1
57.9626 1
57.9627 1
57.9627 1
57.9627 1
57.9627 1
57.9627 1
57.9627 1
57.9627 1
57.9627 1
57.9628 1
57.9628 1
57.9628 1
57.9628 1
57.9628 1
57.9628 1
57.9628 1
57.9628 1
57.9629 1
57.9629 1
57.9629 1
57.9629 1
57.9629 1
57.9629 1
57.9629 1
57.9629 1
57.963 1
57.963 1
57.963 1
57.963 1
57.963 1
57.963 1
57.963 1
57.963 1
57.9631 1
57.9631 1
57.9631 1
57.9631 1
57.9631 1
57.9631 1
57.9631 1
57.9631 1
57.9631 1
57.9632 1
57.9632 1
57.9632 1
57.9632 1
57.9632 1
57.9632 1
57.9632 1
57.9632 1
57.9633 1
57.9633 1
57.9633 1
57.9633 1
57.9633 1
57.9633 1
57.9633 1
57.9633 1
57.9634 1
57.9634 1
57.9634 1
57.9634 1
57.9634 1
57.9634 1
57.9634 1
57.9634 1
57.9634 1
57.9635 1
57.9635 1
57.9635 1
57.9635 1
57.9635 1
57.9635 1
57.9635 1
57.9635 1
57.9636 1
57.9636 1
57.9636 1
57.9636 1
57.9636 1
57.9636 1
57.9636 1
57.9636 1
57.9637 1
57.9637 1
57.9637 1
57.9637 1
57.9637 1
57.9637 1
57.9637 1
57.9637 1
57.9637 1
57.9638 1
57.9638 1
57.9638 1
57.9638 1
57.9638 1
57.9638 1
57.9638 1
57.9638 1
57.9639 1
57.9639 1
57.9639 1
57.9639 1
57.9639 1
57.9639 1
57.9639 1
57.9639 1
57.964 1
57.964 1
57.964 1
57.964 1
57.964 1
57.964 1
57.964 1
57.964 1
57.9641 1
57.9641 1
57.9641 1
57.9641 1
57.9641 1
57.9641 1
57.9641 1
57.9641 1
57.9642 1
57.9642 1
57.9642 1
57.9642 1
57.9642 1
57.9642 1
57.9642 1
57.9642 1
57.9643 1
57.9643 1
57.9643 1
57.9643 1
57.9643 1
57.9643 1
57.9643 1
57.9643 1
57.9644 1
57.9644 1
57.9644 1
57.9644 1
57.9644 1
57.9644 1
57.9644 1
57.9644 1
57.9644 1
57.9645 1
57.9645 1
57.9645 1
57.9645 1
57.9645 1
57.9645 1
57.9645 1
57.9645 1
57.9646 1
57.9646 1
57.9646 1
57.9646 1
57.9646 1
57.9646 1
57.9646 1
57.9646 1
57.9647 1
57.9647 1
57.9647 1
57.9647 1
57.9647 1
57.9647 1
57.9647 1
57.9647 1
57.9647 1
57.9648 1
57.9648 1
57.9648 1
57.9648 1
57.9648 1
57.9648 1
57.9648 1
57.9648 1
57.9649 1
57.9649 1
57.9649 1
57.9649 1
57.9649 1
57.9649 1
57.9649 1
57.9649 1
57.965 1
57.965 1
57.965 1
57.965 1
57.965 1
57.965 1
57.965 1
57.965 1
57.965 1
57.9651 1
57.9651 1
57.9651 1
57.9651 1
57.9651 1
57.9651 1
57.9651 1
57.9651 1
57.9652 1
57.9652 1
57.9652 1
57.9652 1
57.9652 1
57.9652 1
57.9652 1
57.9652 1
57.9653 1
57.9653 1
57.9653 1
57.9653 1
57.9653 1
57.9653 1
57.9653 1
57.9653 1
57.9654 1
57.9654 1
57.9654 1
57.9654 1
57.9654 1
57.9654 1
57.9654 1
57.9654 1
57.9655 1
57.9655 1
57.9655 1
57.9655 1
57.9655 1
57.9655 1
57.9655 1
57.9655 1
57.9656 1
57.9656 1
57.9656 1
57.9656 1
57.9656 1
57.9656 1
57.9656 1
57.9656 1
57.9656 1
57.9657 1
57.9657 1
57.9657 1
57.9657 1
57.9657 1
57.9657 1
57.9657 1
57.9657 1
57.9658 1
57.9658 1
57.9658 1
57.9658 1
57.9658 1
57.9658 1
57.9658 1
57.9658 1
57.9659 1
57.9659 1
57.9659 1
57.9659 1
57.9659 1
57.9659 1
57.9659 1
57.9659 1
57.9659 1
57.966 1
57.966 1
57.966 1
57.966 1
57.966 1
57.966 1
57.966 1
57.966 1
57.9661 1
57.9661 1
57.9661 1
57.9661 1
57.9661 1
57.9661 1
57.9661 1
57.9661 1
57.9662 1
57.9662 1
57.9662 1
57.9662 1
57.9662 1
57.9662 1
57.9662 1
57.9662 1
57.9662 1
57.9663 1
57.9663 1
57.9663 1
57.9663 1
57.9663 1
57.9663 1
57.9663 1
57.9663 1
57.9664 1
57.9664 1
57.9664 1
57.9664 1
57.9664 1
57.9664 1
57.9664 1
57.9664 1
57.9665 1
57.9665 1
57.9665 1
57.9665 1
57.9665 1
57.9665 1
57.9665 1
57.9665 1
57.9666 1
57.9666 1
57.9666 1
57.9666 1
57.9666 1
57.9666 1
57.9666 1
57.9666 1
57.9667 1
57.9667 1
57.9667 1
57.9667 1
57.9667 1
57.9667 1
57.9667 1
57.9667 1
57.9668 1
57.9668 1
57.9668 1
57.9668 1
57.9668 1
57.9668 1
57.9668 1
57.9668 1
57.9668 1
57.9669 1
57.9669 1
57.9669 1
57.9669 1
57.9669 1
57.9669 1
57.9669 1
57.9669 1
57.967 1
57.967 1
57.967 1
57.967 1
57.967 1
57.967 1
57.967 1
57.967 1
57.9671 1
57.9671 1
57.9671 1
57.9671 1
57.9671 1
57.9671 1
57.9671 1
57.9671 1
57.9671 1
57.9672 1
57.9672 1
57.9672 1
57.9672 1
57.9672 1
57.9672 1
57.9672 1
57.9672 1
57.9673 1
57.9673 1
57.9673 1
57.9673 1
57.9673 1
57.9673 1
57.9673 1
57.9673 1
57.9674 1
57.9674 1
57.9674 1
57.9674 1
57.9674 1
57.9674 1
57.9674 1
57.9674 1
57.9675 1
57.9675 1
57.9675 1
57.9675 1
57.9675 1
57.9675 1
57.9675 1
57.9675 1
57.9675 1
57.9676 1
57.9676 1
57.9676 1
57.9676 1
57.9676 1
57.9676 1
57.9676 1
57.9676 1
57.9677 1
57.9677 1
57.9677 1
57.9677 1
57.9677 1
57.9677 1
57.9677 1
57.9678 1
57.9678 1
57.9678 1
57.9678 1
57.9678 1
57.9678 1
57.9678 1
57.9678 1
57.9678 1
57.9679 1
57.9679 1
57.9679 1
57.9679 1
57.9679 1
57.9679 1
57.9679 1
57.9679 1
57.968 1
57.968 1
57.968 1
57.968 1
57.968 1
57.968 1
57.968 1
57.968 1
57.9681 1
57.9681 1
57.9681 1
57.9681 1
57.9681 1
57.9681 1
57.9681 1
57.9681 1
57.9681 1
57.9682 1
57.9682 1
57.9682 1
57.9682 1
57.9682 1
57.9682 1
57.9682 1
57.9682 1
57.9683 1
57.9683 1
57.9683 1
57.9683 1
57.9683 1
57.9683 1
57.9683 1
57.9683 1
57.9684 1
57.9684 1
57.9684 1
57.9684 1
57.9684 1
57.9684 1
57.9684 1
57.9684 1
57.9684 1
57.9685 1
57.9685 1
57.9685 1
57.9685 1
57.9685 1
57.9685 1
57.9685 1
57.9685 1
57.9686 1
57.9686 1
57.9686 1
57.9686 1
57.9686 1
57.9686 1
57.9686 1
57.9686 1
57.9687 1
57.9687 1
57.9687 1
57.9687 1
57.9687 1
57.9687 1
57.9687 1
57.9687 1
57.9687 1
57.9688 1
57.9688 1
57.9688 1
57.9688 1
57.9688 1
57.9688 1
57.9688 1
57.9688 1
57.9689 1
57.9689 1
57.9689 1
57.9689 1
57.9689 1
57.9689 1
57.9689 1
57.969 1
57.969 1
57.969 1
57.969 1
57.969 1
57.969 1
57.969 1
57.969 1
57.969 1
57.9691 1
57.9691 1
57.9691 1
57.9691 1
57.9691 1
57.9691 1
57.9691 1
57.9691 1
57.9692 1
57.9692 1
57.9692 1
57.9692 1
57.9692 1
57.9692 1
57.9692 1
57.9692 1
57.9693 1
57.9693 1
57.9693 1
57.9693 1
57.9693 1
57.9693 1
57.9693 1
57.9693 1
57.9693 1
57.9694 1
57.9694 1
57.9694 1
57.9694 1
57.9694 1
57.9694 1
57.9694 1
57.9694 1
57.9695 1
57.9695 1
57.9695 1
57.9695 1
57.9695 1
57.9695 1
57.9695 1
57.9695 1
57.9696 1
57.9696 1
57.9696 1
57.9696 1
57.9696 1
57.9696 1
57.9696 1
57.9696 1
57.9696 1
57.9697 1
57.9697 1
57.9697 1
57.9697 1
57.9697 1
57.9697 1
57.9697 1
57.9697 1
57.9698 1
57.9698 1
57.9698 1
57.9698 1
57.9698 1
57.9698 1
57.9698 1
57.9698 1
57.9699 1
57.9699 1
57.9699 1
57.9699 1
57.9699 1
57.9699 1
57.9699 1
57.9699 1
57.9699 1
57.97 1
57.97 1
57.97 1
57.97 1
57.97 1
57.97 1
57.97 1
57.97 1
57.9701 1
57.9701 1
57.9701 1
57.9701 1
57.9701 1
57.9701 1
57.9701 1
57.9702 1
57.9702 1
57.9702 1
57.9702 1
57.9702 1
57.9702 1
57.9702 1
57.9702 1
57.9703 1
57.9703 1
57.9703 1
57.9703 1
57.9703 1
57.9703 1
57.9703 1
57.9703 1
57.9703 1
57.9704 1
57.9704 1
57.9704 1
57.9704 1
57.9704 1
57.9704 1
57.9704 1
57.9704 1
57.9705 1
57.9705 1
57.9705 1
57.9705 1
57.9705 1
57.9705 1
57.9705 1
57.9705 1
57.9706 1
57.9706 1
57.9706 1
57.9706 1
57.9706 1
57.9706 1
57.9706 1
57.9706 1
57.9706 1
57.9707 1
57.9707 1
57.9707 1
57.9707 1
57.9707 1
57.9707 1
57.9707 1
57.9707 1
57.9708 1
57.9708 1
57.9708 1
57.9708 1
57.9708 1
57.9708 1
57.9708 1
57.9708 1
57.9709 1
57.9709 1
57.9709 1
57.9709 1
57.9709 1
57.9709 1
57.9709 1
57.9709 1
57.9709 1
57.971 1
57.971 1
57.971 1
57.971 1
57.971 1
57.971 1
57.971 1
57.971 1
57.9711 1
57.9711 1
57.9711 1
57.9711 1
57.9711 1
57.9711 1
57.9711 1
57.9711 1
57.9712 1
57.9712 1
57.9712 1
57.9712 1
57.9712 1
57.9712 1
57.9712 1
57.9712 1
57.9712 1
57.9713 1
57.9713 1
57.9713 1
57.9713 1
57.9713 1
57.9713 1
57.9713 1
57.9714 1
57.9714 1
57.9714 1
57.9714 1
57.9714 1
57.9714 1
57.9714 1
57.9714 1
57.9715 1
57.9715 1
57.9715 1
57.9715 1
57.9715 1
57.9715 1
57.9715 1
57.9715 1
57.9715 1
57.9716 1
57.9716 1
57.9716 1
57.9716 1
57.9716 1
57.9716 1
57.9716 1
57.9716 1
57.9717 1
57.9717 1
57.9717 1
57.9717 1
57.9717 1
57.9717 1
57.9717 1
57.9717 1
57.9718 1
57.9718 1
57.9718 1
57.9718 1
57.9718 1
57.9718 1
57.9718 1
57.9718 1
57.9718 1
57.9719 1
57.9719 1
57.9719 1
57.9719 1
57.9719 1
