2.42109 1
2.42231 1
2.42352 1
2.42473 1
2.42594 1
2.42714 1
2.42833 1
2.42952 1
2.43071 1
2.43344 1
2.43676 1
2.43931 1
2.44056 1
2.44312 1
2.44548 1
2.44673 1
2.44914 1
2.45141 1
2.45266 1
2.455 1
2.45711 1
2.45837 1
2.45993 1
2.46113 1
2.46233 1
2.46353 1
2.46473 1
2.46593 1
2.46713 1
2.46833 1
2.46953 1
2.47073 1
2.47193 1
2.47313 1
2.47434 1
2.47553 1
2.47674 1
2.47794 1
2.47914 1
2.48034 1
2.48154 1
2.48274 1
2.48394 1
2.48514 1
2.48634 1
2.48754 1
2.48874 1
2.48994 1
2.49114 1
2.49234 1
2.49354 1
2.49474 1
2.49595 1
2.49715 1
2.49835 1
2.49955 1
2.50075 1
2.50195 1
2.50315 1
2.50435 1
2.50555 1
2.50675 1
2.50795 1
2.50915 1
2.51035 1
2.51156 1
2.51276 1
2.51396 1
2.51516 1
2.51636 1
2.51756 1
2.51876 1
2.51996 1
2.52116 1
2.52236 1
2.52356 1
2.52477 1
2.52597 1
2.52717 1
2.52837 1
2.52957 1
2.53077 1
2.53197 1
2.53317 1
2.53437 1
2.53558 1
2.53678 1
2.53798 1
2.53918 1
2.54038 1
2.54158 1
2.54278 1
2.54398 1
2.54518 1
2.54639 1
2.54759 1
2.54879 1
2.54999 1
2.55119 1
2.55239 1
2.55359 1
2.55479 1
2.556 1
2.5572 1
2.5584 1
2.5596 1
2.5608 1
2.562 1
2.5632 1
2.5644 1
2.5656 1
2.56681 1
2.56801 1
2.56921 1
2.57041 1
2.57161 1
2.57281 1
2.57401 1
2.57521 1
2.57642 1
2.57762 1
2.57882 1
2.58002 1
2.58122 1
2.58242 1
2.58362 1
2.58482 1
2.58603 1
2.58723 1
2.58843 1
2.58963 1
2.59083 1
2.59203 1
2.59323 1
2.59444 1
2.59564 1
2.59684 1
2.59804 1
2.59924 1
2.60044 1
2.60164 1
2.60284 1
2.60405 1
2.60525 1
2.60645 1
2.60765 1
2.60885 1
2.61005 1
2.61125 1
2.61245 1
2.61365 1
2.61485 1
2.61606 1
2.61726 1
2.61846 1
2.61966 1
2.62086 1
2.62206 1
2.62326 1
2.62446 1
2.62566 1
2.62686 1
2.62806 1
2.62926 1
2.63047 1
2.63167 1
2.63287 1
2.63407 1
2.63527 1
2.63647 1
2.63767 1
2.63887 1
2.64008 1
2.64128 1
2.64248 1
2.64368 1
2.64488 1
2.64608 1
2.64728 1
2.64848 1
2.64968 1
2.65088 1
2.65208 1
2.65329 1
2.65449 1
2.65569 1
2.65689 1
2.65809 1
2.65929 1
2.6605 1
2.6617 1
2.6629 1
2.6641 1
2.6653 1
2.6665 1
2.6677 1
2.6689 1
2.6701 1
2.67131 1
2.67251 1
2.67371 1
2.67491 1
2.67611 1
2.67731 1
2.67851 1
2.67971 1
2.68091 1
2.68212 1
2.68332 1
2.68452 1
2.68572 1
2.68692 1
2.68812 1
2.68932 1
2.69052 1
2.69172 1
2.69293 1
2.69413 1
2.69533 1
2.69653 1
2.69773 1
2.69893 1
2.70013 1
2.70134 1
2.70254 1
2.70375 1
2.70495 1
2.70616 1
2.741 1
2.7422 1
2.7434 1
2.7446 1
2.7458 1
2.747 1
2.74821 1
2.74941 1
2.75061 1
2.75181 1
2.75301 1
2.75421 1
2.75541 1
2.75662 1
2.75782 1
2.75902 1
2.76022 1
2.76142 1
2.76262 1
2.76383 1
2.76503 1
2.76623 1
2.76743 1
2.76863 1
2.76983 1
2.77104 1
2.77224 1
2.77344 1
2.77464 1
2.77584 1
2.77704 1
2.77825 1
2.77945 1
2.78065 1
2.78185 1
2.78305 1
2.78425 1
2.78545 1
2.78666 1
2.78786 1
2.78906 1
2.79026 1
2.79146 1
2.79266 1
2.79387 1
2.79507 1
2.79627 1
2.79747 1
2.79867 1
2.79987 1
2.80108 1
2.80228 1
2.80348 1
2.80468 1
2.80588 1
2.80708 1
2.80829 1
2.80949 1
2.81069 1
2.81189 1
2.81309 1
2.81429 1
2.81549 1
2.8167 1
2.8179 1
2.8191 1
2.8203 1
2.8215 1
2.8227 1
2.82391 1
2.82511 1
2.82631 1
2.82751 1
2.82871 1
2.82991 1
2.83112 1
2.83232 1
2.83352 1
2.83472 1
2.83592 1
2.83712 1
2.83833 1
2.83953 1
2.84073 1
2.84193 1
2.84313 1
2.84433 1
2.84553 1
2.84674 1
2.84794 1
2.84914 1
2.85034 1
2.85154 1
2.85274 1
2.85395 1
2.85515 1
2.85635 1
2.85755 1
2.85875 1
2.85995 1
2.86116 1
2.86236 1
2.86356 1
2.86476 1
2.86596 1
2.86716 1
2.86837 1
2.86957 1
2.87077 1
2.87197 1
2.87317 1
2.87437 1
2.87557 1
2.87678 1
2.87798 1
2.87918 1
2.88038 1
2.88158 1
2.88278 1
2.88399 1
2.88519 1
2.88639 1
2.88759 1
2.88879 1
2.88999 1
2.8912 1
2.8924 1
2.8936 1
2.8948 1
2.896 1
2.8972 1
2.89841 1
2.89961 1
2.90081 1
2.90201 1
2.90321 1
2.90441 1
2.90561 1
2.90682 1
2.90802 1
2.90922 1
2.91042 1
2.91162 1
2.91282 1
2.91403 1
2.91523 1
2.91643 1
2.91763 1
2.91883 1
2.92003 1
2.92124 1
2.92244 1
2.92364 1
2.92484 1
2.92604 1
2.92724 1
2.92845 1
2.92965 1
2.93085 1
2.93205 1
2.93325 1
2.93445 1
2.93565 1
2.93686 1
2.93806 1
2.93926 1
2.94046 1
2.94166 1
2.94286 1
2.94407 1
2.94527 1
2.94647 1
2.94767 1
2.94887 1
2.95007 1
2.95128 1
2.95248 1
2.95368 1
2.95488 1
2.95608 1
2.95728 1
2.95849 1
2.95969 1
2.96089 1
2.96209 1
2.96329 1
2.96449 1
2.96569 1
2.9669 1
2.9681 1
2.9693 1
2.9705 1
2.9717 1
2.9729 1
2.97411 1
2.97531 1
2.97651 1
2.97771 1
2.97891 1
2.98011 1
2.98132 1
2.98252 1
2.98372 1
2.98492 1
2.98612 1
2.99814 1
3.00054 1
3.00174 1
3.00415 1
3.00775 1
3.01015 1
3.01376 1
3.01616 1
3.01977 1
3.02217 1
3.2685 1
3.2697 1
3.2709 1
3.2721 1
3.2733 1
3.27451 1
3.27571 1
3.27691 1
3.27811 1
3.28051 1
3.28532 1
3.28652 1
3.28772 1
3.28893 1
3.29013 1
3.29133 1
3.29253 1
3.29373 1
3.29493 1
3.29613 1
3.29734 1
3.29854 1
3.29974 1
3.30094 1
3.30214 1
3.30334 1
3.30455 1
3.30575 1
3.30695 1
3.30815 1
3.30935 1
3.31055 1
3.31176 1
3.31296 1
3.31416 1
3.31536 1
3.31656 1
3.31776 1
3.31897 1
3.32017 1
3.32137 1
3.32257 1
3.32377 1
3.32497 1
3.32617 1
3.32738 1
3.32858 1
3.32978 1
3.33098 1
3.33218 1
3.33338 1
3.33459 1
3.33579 1
3.33699 1
3.33819 1
3.33939 1
3.34059 1
3.3418 1
3.343 1
3.3442 1
3.3454 1
3.3466 1
3.3478 1
3.34901 1
3.35021 1
3.35141 1
3.35261 1
3.35381 1
3.35501 1
3.35621 1
3.35742 1
3.35862 1
3.35982 1
3.36102 1
3.36222 1
3.36342 1
3.36463 1
3.36583 1
3.36703 1
3.36823 1
3.36943 1
3.37063 1
3.37184 1
3.37304 1
3.37424 1
3.37544 1
3.37664 1
3.37784 1
3.37905 1
3.38025 1
3.38145 1
3.38265 1
3.38385 1
3.38505 1
3.38625 1
3.38746 1
3.38866 1
3.38986 1
3.39106 1
3.39226 1
3.39346 1
3.39467 1
3.39587 1
3.39707 1
3.39827 1
3.39947 1
3.40067 1
3.40188 1
3.40308 1
3.40428 1
3.40548 1
3.40668 1
3.40788 1
3.40909 1
3.41029 1
3.41149 1
3.41269 1
3.41389 1
3.41509 1
3.41629 1
3.4175 1
3.4187 1
3.4199 1
3.4211 1
3.4223 1
3.4235 1
3.42471 1
3.42591 1
3.42711 1
3.42831 1
3.42951 1
3.43071 1
3.43192 1
3.43312 1
3.43432 1
3.43552 1
3.43672 1
3.43792 1
3.43913 1
3.44033 1
3.44153 1
3.44273 1
3.44393 1
3.44513 1
3.44633 1
3.44754 1
3.44874 1
3.44994 1
3.45114 1
3.45234 1
3.45354 1
3.45475 1
3.45595 1
3.45715 1
3.45835 1
3.45955 1
3.46075 1
3.46196 1
3.46316 1
3.46436 1
3.46556 1
3.46676 1
3.46796 1
3.46917 1
3.47037 1
3.47157 1
3.47277 1
3.47397 1
3.47517 1
3.47637 1
3.47758 1
3.47878 1
3.47998 1
3.48118 1
3.48238 1
3.48358 1
3.48479 1
3.48599 1
3.48719 1
3.48839 1
3.48959 1
3.49079 1
3.492 1
3.4932 1
3.4944 1
3.4956 1
3.4968 1
3.498 1
3.49921 1
3.50041 1
3.50161 1
3.50281 1
3.50401 1
3.50521 1
3.50641 1
3.50762 1
3.50882 1
3.51002 1
3.51122 1
3.51242 1
3.51362 1
3.51483 1
3.51603 1
3.51723 1
3.51843 1
3.51963 1
3.52083 1
3.52204 1
3.52324 1
3.52444 1
3.52564 1
3.52684 1
3.52804 1
3.52925 1
3.53045 1
3.53165 1
3.53285 1
3.53405 1
3.53525 1
3.53645 1
3.53766 1
3.53886 1
3.54006 1
3.54126 1
3.54246 1
3.54366 1
3.54487 1
3.54607 1
3.54727 1
3.54847 1
3.54967 1
3.55087 1
