31.7519 1
31.7543 1
31.7567 1
31.7592 1
31.7616 1
31.764 1
31.7664 1
31.7688 1
31.7712 1
31.7736 1
31.776 1
31.7784 1
31.7808 1
31.7832 1
31.7856 1
31.788 1
31.7904 1
31.7928 1
31.7952 1
31.7976 1
31.8 1
31.8024 1
31.8048 1
31.8072 1
31.8096 1
31.812 1
31.8144 1
31.8168 1
31.8192 1
31.8216 1
31.824 1
31.8264 1
31.8288 1
31.8312 1
31.8337 1
31.8361 1
31.8385 1
31.8409 1
31.8433 1
31.8457 1
31.8481 1
31.8505 1
31.8529 1
31.8553 1
31.8577 1
31.8601 1
31.8625 1
31.8649 1
31.8673 1
31.8697 1
31.8721 1
31.8745 1
31.8769 1
31.8793 1
31.8817 1
31.8841 1
31.8865 1
31.8889 1
31.8913 1
31.8937 1
31.8961 1
31.8985 1
31.9009 1
31.9033 1
31.9057 1
31.9082 1
31.9106 1
31.913 1
31.9154 1
31.9178 1
31.9202 1
31.9226 1
31.925 1
31.9274 1
31.9298 1
31.9322 1
31.9346 1
31.937 1
31.9394 1
31.9418 1
31.9442 1
31.9466 1
31.949 1
31.9514 1
31.9538 1
31.9562 1
31.9586 1
31.961 1
31.9634 1
31.9658 1
31.9682 1
31.9706 1
31.973 1
31.9754 1
31.9778 1
31.9802 1
31.9827 1
31.9851 1
31.9875 1
31.9899 1
31.9923 1
31.9947 1
31.9971 1
31.9995 1
32.0019 1
32.0043 1
32.0067 1
32.0091 1
32.0115 1
32.0139 1
32.0163 1
32.0187 1
32.0211 1
32.0235 1
32.0259 1
32.0283 1
32.0307 1
32.0331 1
32.0355 1
32.0379 1
32.0403 1
32.0427 1
32.0451 1
32.0475 1
32.0499 1
32.0523 1
32.0547 1
32.0571 1
32.0596 1
32.062 1
32.0644 1
32.0668 1
32.0692 1
32.0716 1
32.074 1
32.0764 1
32.0788 1
32.0812 1
32.0836 1
32.086 1
32.0884 1
32.0908 1
32.0932 1
32.0956 1
32.098 1
32.1004 1
32.1028 1
32.1052 1
32.1076 1
32.11 1
32.1124 1
32.1148 1
32.1172 1
32.1196 1
32.122 1
32.1244 1
32.1268 1
32.1292 1
32.1316 1
32.1341 1
32.1365 1
32.1389 1
32.1413 1
32.1437 1
32.1461 1
32.1485 1
32.1509 1
32.1533 1
32.1557 1
32.1581 1
32.1605 1
32.1629 1
32.1653 1
32.1677 1
32.1701 1
32.1725 1
32.1749 1
32.1773 1
32.1797 1
32.1821 1
32.1845 1
32.1869 1
32.1893 1
32.1917 1
32.1941 1
32.1965 1
32.1989 1
32.2013 1
32.2037 1
32.2061 1
32.2086 1
32.211 1
32.2134 1
32.2158 1
32.2182 1
32.2206 1
32.223 1
32.2254 1
32.2278 1
32.2302 1
32.2326 1
32.235 1
32.2374 1
32.2398 1
32.2422 1
32.2446 1
32.247 1
32.2494 1
32.2518 1
32.2542 1
32.2566 1
32.259 1
32.2614 1
32.2638 1
32.2662 1
32.2686 1
32.271 1
32.2734 1
32.2758 1
32.2782 1
32.2806 1
32.2831 1
32.2855 1
32.2879 1
32.2903 1
32.2927 1
32.2951 1
32.2975 1
32.2999 1
32.3023 1
32.3047 1
32.3071 1
32.3095 1
32.3119 1
32.3143 1
32.3167 1
32.3191 1
32.3215 1
32.3239 1
32.3263 1
32.3287 1
32.3311 1
32.3335 1
32.3359 1
32.3383 1
32.3407 1
32.3431 1
32.3455 1
32.3479 1
32.3503 1
32.3527 1
32.3551 1
32.3575 1
32.36 1
32.3624 1
32.3648 1
32.3672 1
32.3696 1
32.372 1
32.3744 1
32.3768 1
32.3792 1
32.3816 1
32.384 1
32.3864 1
32.3888 1
32.3912 1
32.3936 1
32.396 1
32.3984 1
32.4008 1
32.4032 1
32.4056 1
32.408 1
32.4104 1
32.4128 1
32.4152 1
32.4176 1
32.42 1
32.4224 1
32.4248 1
32.4272 1
32.4296 1
32.432 1
32.4345 1
32.4369 1
32.4393 1
32.4417 1
32.4441 1
32.4465 1
32.4489 1
32.4513 1
32.4537 1
32.4561 1
32.4585 1
32.4609 1
32.4633 1
32.4657 1
32.4681 1
32.4705 1
32.4729 1
32.4753 1
32.4777 1
32.4801 1
32.4825 1
32.4849 1
32.4873 1
32.4897 1
32.4921 1
32.4945 1
32.4969 1
32.4993 1
32.5017 1
32.5041 1
32.5065 1
32.509 1
32.5114 1
32.5138 1
32.5162 1
32.5186 1
32.521 1
32.5234 1
32.5258 1
32.5282 1
32.5306 1
32.533 1
32.5354 1
32.5378 1
32.5402 1
32.5426 1
32.545 1
32.5474 1
32.5498 1
32.5522 1
32.5546 1
32.557 1
32.5594 1
32.5618 1
32.5642 1
32.5666 1
32.569 1
32.5714 1
32.5738 1
32.5762 1
32.5786 1
32.581 1
32.5835 1
32.5859 1
32.5883 1
32.5907 1
32.5931 1
32.5955 1
32.5979 1
32.6003 1
32.6027 1
32.6051 1
32.6075 1
32.6099 1
32.6123 1
32.6147 1
32.6171 1
32.6195 1
32.6219 1
32.6243 1
32.6267 1
32.6291 1
32.6315 1
32.6339 1
32.6363 1
32.6387 1
32.6411 1
32.6435 1
32.6459 1
32.6483 1
32.6507 1
32.6531 1
32.6555 1
32.6579 1
32.6604 1
32.6628 1
32.6652 1
32.6676 1
32.67 1
32.6724 1
32.6748 1
32.6772 1
32.6796 1
32.682 1
32.6844 1
32.6868 1
32.6892 1
32.6916 1
32.694 1
32.6964 1
32.6988 1
32.7012 1
32.7036 1
32.706 1
32.7084 1
32.7108 1
32.7132 1
32.7156 1
32.718 1
32.7204 1
32.7228 1
32.7252 1
32.7276 1
32.73 1
32.7324 1
32.7349 1
32.7373 1
32.7397 1
32.7421 1
32.7445 1
32.7469 1
32.7493 1
32.7517 1
32.7541 1
32.7565 1
32.7589 1
32.7613 1
32.7637 1
32.7661 1
32.7685 1
32.7709 1
32.7733 1
32.7757 1
32.7781 1
32.7805 1
32.7829 1
32.7853 1
32.7877 1
32.7901 1
32.7925 1
32.7949 1
32.7973 1
32.7997 1
32.8021 1
32.8045 1
32.8069 1
32.8094 1
32.8118 1
32.8142 1
32.8166 1
32.819 1
32.8214 1
32.8238 1
32.8262 1
32.8286 1
32.831 1
32.8334 1
32.8358 1
32.8382 1
32.8406 1
32.843 1
32.8454 1
32.8478 1
32.8502 1
32.8526 1
32.855 1
32.8574 1
32.8598 1
32.8622 1
32.8646 1
32.867 1
32.8694 1
32.8718 1
32.8742 1
32.8766 1
32.879 1
32.8814 1
32.8839 1
32.8863 1
32.8887 1
32.8911 1
32.8935 1
32.8959 1
32.8983 1
32.9007 1
32.9031 1
32.9055 1
32.9079 1
32.9103 1
32.9127 1
32.9151 1
32.9175 1
32.9199 1
32.9223 1
32.9247 1
32.9271 1
32.9295 1
32.9319 1
32.9343 1
32.9367 1
32.9391 1
32.9415 1
32.9439 1
32.9463 1
32.9487 1
32.9511 1
32.9535 1
32.9559 1
32.9583 1
32.9608 1
32.9632 1
32.9656 1
32.968 1
32.9704 1
32.9728 1
32.9752 1
32.9776 1
32.98 1
32.9824 1
32.9848 1
32.9872 1
32.9896 1
32.992 1
32.9944 1
32.9968 1
32.9992 1
33.0016 1
33.004 1
33.0064 1
33.0088 1
33.0112 1
33.0136 1
33.016 1
33.0184 1
33.0208 1
33.0232 1
33.0256 1
33.028 1
33.0304 1
33.0328 1
33.0353 1
33.0377 1
33.0401 1
33.0425 1
33.0449 1
33.0473 1
33.0497 1
33.0521 1
33.0545 1
33.0569 1
33.0593 1
33.0617 1
33.0641 1
33.0665 1
33.0689 1
33.0713 1
33.0737 1
33.0761 1
33.0785 1
33.0809 1
33.0833 1
33.0857 1
33.0881 1
33.0905 1
33.0929 1
33.0953 1
33.0977 1
33.1001 1
33.1025 1
33.1049 1
33.1073 1
33.1098 1
33.1122 1
33.1146 1
33.117 1
33.1194 1
33.1218 1
33.1242 1
33.1266 1
33.129 1
33.1314 1
33.1338 1
33.1362 1
33.1386 1
33.141 1
33.1434 1
33.1458 1
33.1482 1
33.1506 1
33.153 1
33.1554 1
33.1578 1
33.1602 1
33.1626 1
33.165 1
33.1674 1
33.1698 1
33.1722 1
33.1746 1
33.177 1
33.1794 1
33.1818 1
33.1843 1
33.1867 1
33.1891 1
33.1915 1
33.1939 1
33.1963 1
33.1987 1
33.2011 1
33.2035 1
33.2059 1
33.2083 1
33.2107 1
33.2131 1
33.2155 1
33.2179 1
33.2203 1
33.2227 1
33.2251 1
33.2275 1
33.2299 1
33.2323 1
33.2347 1
33.2371 1
33.2395 1
33.2419 1
33.2443 1
33.2467 1
33.2491 1
33.2515 1
33.2539 1
33.2563 1
33.2587 1
33.2612 1
33.2636 1
33.266 1
33.2684 1
33.2708 1
33.2732 1
33.2756 1
33.278 1
33.2804 1
33.2828 1
33.2852 1
33.2876 1
33.29 1
33.2924 1
33.2948 1
33.2972 1
33.2996 1
33.302 1
33.3044 1
33.3068 1
33.3092 1
33.3116 1
33.314 1
33.3164 1
33.3188 1
33.3212 1
33.3236 1
33.326 1
33.3284 1
33.3308 1
33.3332 1
33.3357 1
33.3381 1
33.3405 1
33.3429 1
33.3453 1
33.3477 1
33.3501 1
33.3525 1
33.3549 1
33.3573 1
33.3597 1
33.3621 1
33.3645 1
33.3669 1
33.3693 1
33.3717 1
33.3741 1
33.3765 1
33.3789 1
33.3813 1
33.3837 1
33.3861 1
33.3885 1
33.3909 1
33.3933 1
33.3957 1
33.3981 1
33.4005 1
33.4029 1
33.4053 1
33.4077 1
33.4102 1
33.4126 1
33.415 1
33.4174 1
33.4198 1
33.4222 1
33.4246 1
33.427 1
33.4294 1
33.4318 1
33.4342 1
33.4366 1
33.439 1
33.4414 1
33.4438 1
33.4462 1
33.4486 1
33.451 1
33.4534 1
33.4558 1
33.4582 1
33.4606 1
33.463 1
33.4654 1
33.4678 1
33.4702 1
33.4726 1
33.475 1
33.4774 1
33.4798 1
33.4822 1
33.4847 1
33.4871 1
33.4895 1
33.4919 1
33.4943 1
33.4967 1
33.4991 1
33.5015 1
33.5039 1
33.5063 1
33.5087 1
33.5111 1
33.5135 1
33.5159 1
33.5183 1
33.5207 1
33.5231 1
33.5255 1
33.5279 1
33.5303 1
33.5327 1
33.5351 1
33.5375 1
33.5399 1
33.5423 1
33.5447 1
33.5471 1
33.5495 1
33.5519 1
33.5543 1
33.5567 1
33.5591 1
33.5616 1
33.564 1
33.5664 1
33.5688 1
33.5712 1
33.5736 1
33.576 1
33.5784 1
33.5808 1
33.5832 1
33.5856 1
33.588 1
33.5904 1
33.5928 1
33.5952 1
33.5976 1
33.6 1
33.6024 1
33.6048 1
33.6072 1
33.6096 1
33.612 1
33.6144 1
33.6168 1
33.6192 1
33.6216 1
33.624 1
33.6264 1
33.6288 1
33.6312 1
33.6336 1
33.6361 1
33.6385 1
33.6409 1
33.6433 1
33.6457 1
33.6481 1
33.6505 1
33.6529 1
33.6553 1
33.6577 1
33.6601 1
33.6625 1
33.6649 1
33.6673 1
33.6697 1
33.6721 1
33.6745 1
33.6769 1
33.6793 1
33.6817 1
33.6841 1
33.6865 1
33.6889 1
33.6913 1
33.6937 1
33.6961 1
33.6985 1
33.7009 1
33.7033 1
33.7057 1
33.7081 1
33.7106 1
33.713 1
33.7154 1
33.7178 1
33.7202 1
33.7226 1
33.725 1
33.7274 1
33.7298 1
33.7322 1
33.7346 1
33.737 1
33.7394 1
33.7418 1
33.7442 1
33.7466 1
33.749 1
33.7514 1
33.7538 1
33.7562 1
33.7586 1
33.761 1
33.7634 1
33.7658 1
33.7682 1
33.7706 1
33.773 1
33.7754 1
33.7778 1
33.7802 1
33.7826 1
33.7851 1
33.7875 1
33.7899 1
33.7923 1
33.7947 1
33.7971 1
33.7995 1
33.8019 1
33.8043 1
33.8067 1
33.8091 1
33.8115 1
33.8139 1
33.8163 1
33.8187 1
33.8211 1
33.8235 1
33.8259 1
33.8283 1
33.8307 1
33.8331 1
33.8355 1
33.8379 1
33.8403 1
33.8427 1
33.8451 1
33.8475 1
33.8499 1
33.8523 1
33.8547 1
33.8571 1
33.8595 1
33.862 1
33.8644 1
33.8668 1
33.8692 1
33.8716 1
33.874 1
33.8764 1
33.8788 1
33.8812 1
33.8836 1
33.886 1
33.8884 1
33.8908 1
33.8932 1
33.8956 1
33.898 1
33.9004 1
33.9028 1
33.9052 1
33.9076 1
33.91 1
33.9124 1
33.9148 1
33.9172 1
33.9196 1
33.922 1
33.9244 1
33.9268 1
33.9292 1
33.9316 1
33.934 1
33.9365 1
33.9389 1
33.9413 1
33.9437 1
33.9461 1
33.9485 1
33.9509 1
33.9533 1
33.9557 1
33.9581 1
33.9605 1
33.9629 1
33.9653 1
33.9677 1
33.9701 1
33.9725 1
33.9749 1
33.9773 1
33.9797 1
33.9821 1
33.9845 1
33.9869 1
33.9893 1
33.9917 1
33.9941 1
33.9965 1
33.9989 1
34.0013 1
34.0037 1
34.0061 1
34.0085 1
34.011 1
34.0134 1
34.0158 1
34.0182 1
34.0206 1
34.023 1
34.0254 1
34.0278 1
34.0302 1
34.0326 1
34.035 1
34.0374 1
34.0398 1
34.0422 1
34.0446 1
34.047 1
34.0494 1
34.0518 1
34.0542 1
34.0566 1
34.059 1
34.0614 1
34.0638 1
34.0662 1
34.0686 1
34.071 1
34.0734 1
34.0758 1
34.0782 1
34.0806 1
34.083 1
34.0855 1
34.0879 1
34.0903 1
34.0927 1
34.0951 1
34.0975 1
34.0999 1
34.1023 1
34.1047 1
34.1071 1
34.1095 1
34.1119 1
34.1143 1
34.1167 1
34.1191 1
34.1215 1
34.1239 1
34.1263 1
34.1287 1
34.1311 1
34.1335 1
34.1359 1
34.1383 1
34.1407 1
34.1431 1
34.1455 1
34.1479 1
34.1503 1
34.1527 1
34.1551 1
34.1575 1
34.1599 1
34.1624 1
34.1648 1
34.1672 1
34.1696 1
34.172 1
34.1744 1
34.1768 1
34.1792 1
34.1816 1
34.184 1
34.1864 1
34.1888 1
34.1912 1
34.1936 1
34.196 1
34.1984 1
34.2008 1
34.2032 1
34.2056 1
34.208 1
34.2104 1
34.2128 1
34.2152 1
34.2176 1
34.22 1
34.2224 1
34.2248 1
34.2272 1
34.2296 1
34.232 1
34.2344 1
34.2369 1
34.2393 1
34.2417 1
34.2441 1
34.2465 1
34.2489 1
34.2513 1
34.2537 1
34.2561 1
34.2585 1
34.2609 1
34.2633 1
34.2657 1
34.2681 1
34.2705 1
34.2729 1
34.2753 1
34.2777 1
34.2801 1
34.2825 1
34.2849 1
34.2873 1
34.2897 1
34.2921 1
34.2945 1
34.2969 1
34.2993 1
34.3017 1
34.3041 1
34.3065 1
34.3089 1
34.3114 1
34.3138 1
34.3162 1
34.3186 1
34.321 1
34.3234 1
34.3258 1
34.3282 1
34.3306 1
34.333 1
34.3354 1
34.3378 1
34.3402 1
34.3426 1
34.345 1
34.3474 1
34.3498 1
34.3522 1
34.3546 1
34.357 1
34.3594 1
34.3618 1
34.3642 1
34.3666 1
34.369 1
34.3714 1
34.3738 1
34.3762 1
34.3786 1
34.381 1
34.3834 1
34.3859 1
34.3883 1
34.3907 1
34.3931 1
34.3955 1
34.3979 1
34.4003 1
34.4027 1
34.4051 1
34.4075 1
34.4099 1
34.4123 1
34.4147 1
34.4171 1
34.4195 1
34.4219 1
34.4243 1
34.4267 1
34.4291 1
34.4315 1
34.4339 1
34.4363 1
34.4387 1
34.4411 1
34.4435 1
34.4459 1
34.4483 1
34.4507 1
34.4531 1
34.4555 1
34.4579 1
34.4603 1
34.4628 1
34.4652 1
34.4676 1
34.47 1
34.4724 1
34.4748 1
34.4772 1
34.4796 1
34.482 1
34.4844 1
34.4868 1
34.4892 1
34.4916 1
34.494 1
34.4964 1
34.4988 1
34.5012 1
34.5036 1
34.506 1
34.5084 1
34.5108 1
34.5132 1
34.5156 1
34.518 1
34.5204 1
34.5228 1
34.5252 1
34.5276 1
34.53 1
34.5324 1
34.5348 1
34.5373 1
34.5397 1
34.5421 1
34.5445 1
34.5469 1
34.5493 1
34.5517 1
34.5541 1
34.5565 1
34.5589 1
34.5613 1
34.5637 1
34.5661 1
34.5685 1
34.5709 1
34.5733 1
34.5757 1
34.5781 1
34.5805 1
34.5829 1
34.5853 1
34.5877 1
34.5901 1
34.5925 1
34.5949 1
34.5973 1
34.5997 1
34.6021 1
34.6045 1
34.6069 1
34.6093 1
34.6118 1
34.6142 1
34.6166 1
34.619 1
34.6214 1
34.6238 1
34.6262 1
34.6286 1
34.631 1
34.6334 1
34.6358 1
34.6382 1
34.6406 1
34.643 1
34.6454 1
34.6478 1
34.6502 1
34.6526 1
34.655 1
34.6574 1
34.6598 1
34.6622 1
34.6646 1
34.667 1
34.6694 1
34.6718 1
34.6742 1
34.6766 1
34.679 1
34.6814 1
34.6838 1
34.6863 1
34.6887 1
34.6911 1
34.6935 1
34.6959 1
34.6983 1
34.7007 1
34.7031 1
34.7055 1
34.7079 1
34.7103 1
34.7127 1
34.7151 1
34.7175 1
34.7199 1
34.7223 1
34.7247 1
34.7271 1
34.7295 1
34.7319 1
34.7343 1
34.7367 1
34.7391 1
34.7415 1
34.7439 1
34.7463 1
34.7487 1
34.7511 1
34.7535 1
34.7559 1
34.7583 1
34.7607 1
34.7632 1
34.7656 1
34.768 1
34.7704 1
34.7728 1
34.7752 1
34.7776 1
34.78 1
34.7824 1
34.7848 1
34.7872 1
34.7896 1
34.792 1
34.7944 1
34.7968 1
34.7992 1
34.8016 1
34.804 1
34.8064 1
34.8088 1
34.8112 1
34.8136 1
34.816 1
34.8184 1
34.8208 1
34.8232 1
34.8256 1
34.828 1
34.8304 1
34.8328 1
34.8352 1
34.8377 1
34.8401 1
34.8425 1
34.8449 1
34.8473 1
34.8497 1
34.8521 1
34.8545 1
34.8569 1
34.8593 1
34.8617 1
34.8641 1
34.8665 1
34.8689 1
34.8713 1
34.8737 1
34.8761 1
34.8785 1
34.8809 1
34.8833 1
34.8857 1
34.8881 1
34.8905 1
34.8929 1
34.8953 1
34.8977 1
34.9001 1
34.9025 1
34.9049 1
34.9073 1
34.9097 1
34.9122 1
34.9146 1
34.917 1
34.9194 1
34.9218 1
34.9242 1
34.9266 1
34.929 1
34.9314 1
34.9338 1
34.9362 1
34.9386 1
34.941 1
34.9434 1
34.9458 1
34.9482 1
34.9506 1
34.953 1
34.9554 1
34.9578 1
34.9602 1
34.9626 1
34.965 1
34.9674 1
34.9698 1
34.9722 1
34.9746 1
34.977 1
34.9794 1
34.9818 1
34.9842 1
34.9867 1
34.9891 1
34.9915 1
34.9939 1
34.9963 1
34.9987 1
35.0011 1
35.0035 1
35.0059 1
35.0083 1
35.0107 1
35.0131 1
35.0155 1
35.0179 1
35.0203 1
35.0227 1
35.0251 1
35.0275 1
35.0299 1
35.0323 1
35.0347 1
35.0371 1
35.0395 1
35.0419 1
35.0443 1
35.0467 1
35.0491 1
35.0515 1
35.0539 1
35.0563 1
35.0587 1
35.0611 1
35.0636 1
35.066 1
35.0684 1
35.0708 1
35.0732 1
35.0756 1
35.078 1
35.0804 1
35.0828 1
35.0852 1
35.0876 1
35.09 1
35.0924 1
35.0948 1
35.0972 1
35.0996 1
35.102 1
35.1044 1
35.1068 1
35.1092 1
35.1116 1
35.114 1
35.1164 1
35.1188 1
35.1212 1
35.1236 1
35.126 1
35.1284 1
35.1308 1
35.1332 1
35.1356 1
35.1381 1
35.1405 1
35.1429 1
35.1453 1
35.1477 1
35.1501 1
35.1525 1
35.1549 1
35.1573 1
35.1597 1
35.1621 1
35.1645 1
35.1669 1
35.1693 1
35.1717 1
35.1741 1
35.1765 1
35.1789 1
35.1813 1
35.1837 1
35.1861 1
35.1885 1
35.1909 1
35.1933 1
35.1957 1
35.1981 1
35.2005 1
35.2029 1
35.2053 1
35.2077 1
35.2101 1
35.2126 1
35.215 1
35.2174 1
35.2198 1
35.2222 1
35.2246 1
35.227 1
35.2294 1
35.2318 1
35.2342 1
35.2366 1
35.239 1
35.2414 1
35.2438 1
35.2462 1
35.2486 1
35.251 1
35.2534 1
35.2558 1
35.2582 1
35.2606 1
35.263 1
35.2654 1
35.2678 1
35.2702 1
35.2726 1
35.275 1
35.2774 1
35.2798 1
35.2822 1
35.2846 1
35.2871 1
35.2895 1
35.2919 1
35.2943 1
35.2967 1
35.2991 1
35.3015 1
35.3039 1
35.3063 1
35.3087 1
35.3111 1
35.3135 1
35.3159 1
35.3183 1
35.3207 1
35.3231 1
35.3255 1
35.3279 1
35.3303 1
35.3327 1
35.3351 1
35.3375 1
35.3399 1
35.3423 1
35.3447 1
35.3471 1
35.3495 1
35.3519 1
35.3543 1
35.3567 1
35.3591 1
35.3615 1
35.364 1
35.3664 1
35.3688 1
35.3712 1
35.3736 1
35.376 1
35.3784 1
35.3808 1
35.3832 1
35.3856 1
35.388 1
35.3904 1
35.3928 1
35.3952 1
35.3976 1
35.4 1
35.4024 1
35.4048 1
35.4072 1
35.4096 1
35.412 1
35.4144 1
35.4168 1
35.4192 1
35.4216 1
35.424 1
35.4264 1
35.4288 1
35.4312 1
35.4336 1
35.436 1
35.4385 1
35.4409 1
35.4433 1
35.4457 1
35.4481 1
35.4505 1
35.4529 1
35.4553 1
35.4577 1
35.4601 1
35.4625 1
35.4649 1
35.4673 1
35.4697 1
35.4721 1
35.4745 1
35.4769 1
35.4793 1
35.4817 1
35.4841 1
35.4865 1
35.4889 1
35.4913 1
35.4937 1
35.4961 1
35.4985 1
35.5009 1
35.5033 1
35.5057 1
35.5081 1
35.5105 1
35.513 1
35.5154 1
35.5178 1
35.5202 1
35.5226 1
35.525 1
35.5274 1
35.5298 1
35.5322 1
35.5346 1
35.537 1
35.5394 1
35.5418 1
35.5442 1
35.5466 1
35.549 1
35.5514 1
35.5538 1
35.5562 1
35.5586 1
35.561 1
35.5634 1
35.5658 1
35.5682 1
35.5706 1
35.573 1
35.5754 1
35.5778 1
35.5802 1
35.5826 1
35.585 1
35.5875 1
35.5899 1
35.5923 1
35.5947 1
35.5971 1
35.5995 1
35.6019 1
35.6043 1
35.6067 1
35.6091 1
35.6115 1
35.6139 1
35.6163 1
35.6187 1
35.6211 1
35.6235 1
35.6259 1
35.6283 1
35.6307 1
35.6331 1
35.6355 1
35.6379 1
35.6403 1
35.6427 1
35.6451 1
35.6475 1
35.6499 1
35.6523 1
35.6547 1
35.6571 1
35.6595 1
35.6619 1
35.6644 1
35.6668 1
35.6692 1
35.6716 1
35.674 1
35.6764 1
35.6788 1
35.6812 1
35.6836 1
35.686 1
35.6884 1
35.6908 1
35.6932 1
35.6956 1
35.698 1
35.7004 1
35.7028 1
35.7052 1
35.7076 1
35.71 1
35.7124 1
35.7148 1
35.7172 1
35.7196 1
35.722 1
35.7244 1
35.7268 1
35.7292 1
35.7316 1
35.734 1
35.7364 1
35.7389 1
35.7413 1
35.7437 1
35.7461 1
35.7485 1
35.7509 1
35.7533 1
35.7557 1
35.7581 1
35.7605 1
35.7629 1
35.7653 1
35.7677 1
35.7701 1
35.7725 1
35.7749 1
35.7773 1
35.7797 1
35.7821 1
35.7845 1
35.7869 1
35.7893 1
35.7917 1
35.7941 1
35.7965 1
35.7989 1
35.8013 1
35.8037 1
35.8061 1
35.8085 1
35.8109 1
35.8134 1
35.8158 1
35.8182 1
35.8206 1
35.823 1
35.8254 1
35.8278 1
35.8302 1
35.8326 1
35.835 1
35.8374 1
35.8398 1
35.8422 1
35.8446 1
35.847 1
35.8494 1
35.8518 1
35.8542 1
35.8566 1
35.859 1
35.8614 1
35.8638 1
35.8662 1
35.8686 1
35.871 1
35.8734 1
35.8758 1
35.8782 1
35.8806 1
35.883 1
35.8854 1
35.8879 1
35.8903 1
35.8927 1
35.8951 1
35.8975 1
35.8999 1
35.9023 1
35.9047 1
35.9071 1
35.9095 1
35.9119 1
35.9143 1
35.9167 1
35.9191 1
35.9215 1
35.9239 1
35.9263 1
35.9287 1
35.9311 1
35.9335 1
35.9359 1
35.9383 1
35.9407 1
35.9431 1
35.9455 1
35.9479 1
35.9503 1
35.9527 1
35.9551 1
35.9575 1
35.9599 1
35.9623 1
35.9648 1
35.9672 1
35.9696 1
35.972 1
35.9744 1
35.9768 1
35.9792 1
35.9816 1
35.984 1
35.9864 1
35.9888 1
35.9912 1
35.9936 1
35.996 1
35.9984 1
36.0008 1
36.0032 1
36.0056 1
36.008 1
36.0104 1
36.0128 1
36.0152 1
36.0176 1
36.02 1
36.0224 1
36.0248 1
36.0272 1
36.0296 1
36.032 1
36.0344 1
36.0368 1
36.0393 1
36.0417 1
36.0441 1
36.0465 1
36.0489 1
36.0513 1
36.0537 1
36.0561 1
36.0585 1
36.0609 1
36.0633 1
36.0657 1
36.0681 1
36.0705 1
36.0729 1
36.0753 1
36.0777 1
36.0801 1
36.0825 1
36.0849 1
36.0873 1
36.0897 1
36.0921 1
36.0945 1
36.0969 1
36.0993 1
36.1017 1
36.1041 1
36.1065 1
36.1089 1
36.1113 1
36.1138 1
36.1162 1
36.1186 1
36.121 1
36.1234 1
36.1258 1
36.1282 1
36.1306 1
36.133 1
36.1354 1
36.1378 1
36.1402 1
36.1426 1
36.145 1
36.1474 1
36.1498 1
36.1522 1
36.1546 1
36.157 1
36.1594 1
36.1618 1
36.1642 1
36.1666 1
36.169 1
36.1714 1
36.1738 1
36.1762 1
36.1786 1
36.181 1
36.1834 1
36.1858 1
36.1883 1
36.1907 1
36.1931 1
36.1955 1
36.1979 1
36.2003 1
36.2027 1
36.2051 1
36.2075 1
36.2099 1
36.2123 1
36.2147 1
36.2171 1
36.2195 1
36.2219 1
36.2243 1
36.2267 1
36.2291 1
36.2315 1
36.2339 1
36.2363 1
36.2387 1
36.2411 1
36.2435 1
36.2459 1
36.2483 1
36.2507 1
36.2531 1
36.2555 1
36.2579 1
36.2603 1
36.2627 1
36.2652 1
36.2676 1
36.27 1
36.2724 1
36.2748 1
36.2772 1
36.2796 1
36.282 1
36.2844 1
36.2868 1
36.2892 1
36.2916 1
36.294 1
36.2964 1
36.2988 1
36.3012 1
36.3036 1
36.306 1
36.3084 1
36.3108 1
36.3132 1
36.3156 1
36.318 1
36.3204 1
36.3228 1
36.3252 1
36.3276 1
36.33 1
36.3324 1
36.3348 1
36.3372 1
36.3397 1
36.3421 1
36.3445 1
36.3469 1
36.3493 1
36.3517 1
36.3541 1
36.3565 1
36.3589 1
36.3613 1
36.3637 1
36.3661 1
36.3685 1
36.3709 1
36.3733 1
36.3757 1
36.3781 1
36.3805 1
36.3829 1
36.3853 1
36.3877 1
36.3901 1
36.3925 1
36.3949 1
36.3973 1
36.3997 1
36.4021 1
36.4045 1
36.4069 1
36.4093 1
36.4117 1
36.4142 1
36.4166 1
36.419 1
36.4214 1
36.4238 1
36.4262 1
36.4286 1
36.431 1
36.4334 1
36.4358 1
36.4382 1
36.4406 1
36.443 1
36.4454 1
36.4478 1
36.4502 1
36.4526 1
36.455 1
36.4574 1
36.4598 1
36.4622 1
36.4646 1
36.467 1
36.4694 1
36.4718 1
36.4742 1
36.4766 1
36.479 1
36.4814 1
36.4838 1
36.4862 1
36.4887 1
36.4911 1
36.4935 1
36.4959 1
36.4983 1
36.5007 1
36.5031 1
36.5055 1
36.5079 1
36.5103 1
36.5127 1
36.5151 1
36.5175 1
36.5199 1
36.5223 1
36.5247 1
36.5271 1
36.5295 1
36.5319 1
36.5343 1
36.5367 1
36.5391 1
36.5415 1
36.5439 1
36.5463 1
36.5487 1
36.5511 1
36.5535 1
36.5559 1
36.5583 1
36.5607 1
36.5631 1
36.5656 1
36.568 1
36.5704 1
36.5728 1
36.5752 1
36.5776 1
36.58 1
36.5824 1
36.5848 1
36.5872 1
36.5896 1
36.592 1
36.5944 1
36.5968 1
36.5992 1
36.6016 1
36.604 1
36.6064 1
36.6088 1
36.6112 1
36.6136 1
36.616 1
36.6184 1
36.6208 1
36.6232 1
36.6256 1
36.628 1
36.6304 1
36.6328 1
36.6352 1
36.6376 1
36.6401 1
36.6425 1
36.6449 1
36.6473 1
36.6497 1
36.6521 1
36.6545 1
36.6569 1
36.6593 1
36.6617 1
36.6641 1
36.6665 1
36.6689 1
36.6713 1
36.6737 1
36.6761 1
36.6785 1
36.6809 1
36.6833 1
36.6857 1
36.6881 1
36.6905 1
36.6929 1
36.6953 1
36.6977 1
36.7001 1
36.7025 1
36.7049 1
36.7073 1
36.7097 1
36.7121 1
36.7146 1
36.717 1
36.7194 1
36.7218 1
36.7242 1
36.7266 1
36.729 1
36.7314 1
36.7338 1
36.7362 1
36.7386 1
36.741 1
36.7434 1
36.7458 1
36.7482 1
36.7506 1
36.753 1
36.7554 1
36.7578 1
36.7602 1
36.7626 1
36.765 1
36.7674 1
36.7698 1
36.7722 1
36.7746 1
36.777 1
36.7794 1
36.7818 1
36.7842 1
36.7866 1
36.7891 1
36.7915 1
36.7939 1
36.7963 1
36.7987 1
36.8011 1
36.8035 1
36.8059 1
36.8083 1
36.8107 1
36.8131 1
36.8155 1
36.8179 1
36.8203 1
36.8227 1
36.8251 1
36.8275 1
36.8299 1
36.8323 1
36.8347 1
36.8371 1
36.8395 1
36.8419 1
36.8443 1
36.8467 1
36.8491 1
36.8515 1
36.8539 1
36.8563 1
36.8587 1
36.8611 1
36.8635 1
36.866 1
36.8684 1
36.8708 1
36.8732 1
36.8756 1
36.878 1
36.8804 1
36.8828 1
36.8852 1
36.8876 1
36.89 1
36.8924 1
36.8948 1
36.8972 1
36.8996 1
36.902 1
36.9044 1
36.9068 1
36.9092 1
36.9116 1
36.914 1
36.9164 1
36.9188 1
36.9212 1
36.9236 1
36.926 1
36.9284 1
36.9308 1
36.9332 1
36.9356 1
36.938 1
36.9405 1
36.9429 1
36.9453 1
36.9477 1
36.9501 1
36.9525 1
36.9549 1
36.9573 1
36.9597 1
36.9621 1
36.9645 1
36.9669 1
36.9693 1
36.9717 1
36.9741 1
36.9765 1
36.9789 1
36.9813 1
36.9837 1
36.9861 1
36.9885 1
36.9909 1
36.9933 1
36.9957 1
36.9981 1
37.0005 1
37.0029 1
37.0053 1
37.0077 1
37.0101 1
37.0125 1
37.015 1
37.0174 1
37.0198 1
37.0222 1
37.0246 1
37.027 1
37.0294 1
37.0318 1
37.0342 1
37.0366 1
37.039 1
37.0414 1
37.0438 1
37.0462 1
37.0486 1
37.051 1
37.0534 1
37.0558 1
37.0582 1
37.0606 1
37.063 1
37.0654 1
37.0678 1
37.0702 1
37.0726 1
37.075 1
37.0774 1
37.0798 1
37.0822 1
37.0846 1
37.087 1
37.0895 1
37.0919 1
37.0943 1
37.0967 1
37.0991 1
37.1015 1
37.1039 1
37.1063 1
37.1087 1
37.1111 1
37.1135 1
37.1159 1
37.1183 1
37.1207 1
37.1231 1
37.1255 1
37.1279 1
37.1303 1
37.1327 1
37.1351 1
37.1375 1
37.1399 1
37.1423 1
37.1447 1
37.1471 1
37.1495 1
37.1519 1
37.1543 1
37.1567 1
37.1591 1
37.1615 1
37.1639 1
37.1664 1
37.1688 1
37.1712 1
37.1736 1
37.176 1
37.1784 1
37.1808 1
37.1832 1
37.1856 1
37.188 1
37.1904 1
37.1928 1
37.1952 1
37.1976 1
37.2 1
37.2024 1
37.2048 1
37.2072 1
37.2096 1
37.212 1
37.2144 1
37.2168 1
37.2192 1
37.2216 1
37.224 1
37.2264 1
37.2288 1
37.2312 1
37.2336 1
37.236 1
37.2384 1
37.2409 1
37.2433 1
37.2457 1
37.2481 1
37.2505 1
37.2529 1
37.2553 1
37.2577 1
37.2601 1
37.2625 1
37.2649 1
37.2673 1
37.2697 1
37.2721 1
37.2745 1
37.2769 1
37.2793 1
37.2817 1
37.2841 1
37.2865 1
37.2889 1
37.2913 1
37.2937 1
37.2961 1
37.2985 1
37.3009 1
37.3033 1
37.3057 1
37.3081 1
37.3105 1
37.3129 1
37.3154 1
37.3178 1
37.3202 1
37.3226 1
37.325 1
37.3274 1
37.3298 1
37.3322 1
37.3346 1
37.337 1
37.3394 1
37.3418 1
37.3442 1
37.3466 1
37.349 1
37.3514 1
37.3538 1
37.3562 1
37.3586 1
37.361 1
37.3634 1
37.3658 1
37.3682 1
37.3706 1
37.373 1
37.3754 1
37.3778 1
37.3802 1
37.3826 1
37.385 1
37.3874 1
37.3899 1
37.3923 1
37.3947 1
37.3971 1
37.3995 1
37.4019 1
37.4043 1
37.4067 1
37.4091 1
37.4115 1
37.4139 1
37.4163 1
37.4187 1
37.4211 1
37.4235 1
37.4259 1
37.4283 1
37.4307 1
37.4331 1
37.4355 1
37.4379 1
37.4403 1
37.4427 1
37.4451 1
37.4475 1
37.4499 1
37.4523 1
37.4547 1
37.4571 1
37.4595 1
37.4619 1
37.4643 1
37.4668 1
37.4692 1
37.4716 1
37.474 1
37.4764 1
37.4788 1
37.4812 1
37.4836 1
37.486 1
37.4884 1
37.4908 1
37.4932 1
37.4956 1
37.498 1
37.5004 1
37.5028 1
37.5052 1
37.5076 1
37.51 1
37.5124 1
37.5148 1
37.5172 1
37.5196 1
37.522 1
37.5244 1
37.5268 1
37.5292 1
37.5316 1
37.534 1
37.5364 1
37.5388 1
37.5413 1
37.5437 1
37.5461 1
37.5485 1
37.5509 1
37.5533 1
37.5557 1
37.5581 1
37.5605 1
37.5629 1
37.5653 1
37.5677 1
37.5701 1
37.5725 1
37.5749 1
37.5773 1
37.5797 1
37.5821 1
37.5845 1
37.5869 1
37.5893 1
37.5917 1
37.5941 1
37.5965 1
37.5989 1
37.6013 1
37.6037 1
37.6061 1
37.6085 1
37.6109 1
37.6133 1
37.6158 1
37.6182 1
37.6206 1
37.623 1
37.6254 1
37.6278 1
37.6302 1
37.6326 1
37.635 1
37.6374 1
37.6398 1
37.6422 1
37.6446 1
37.647 1
37.6494 1
37.6518 1
37.6542 1
37.6566 1
37.659 1
37.6614 1
37.6638 1
37.6662 1
37.6686 1
37.671 1
37.6734 1
37.6758 1
37.6782 1
37.6806 1
37.683 1
37.6854 1
37.6878 1
37.6903 1
37.6927 1
37.6951 1
37.6975 1
37.6999 1
37.7023 1
37.7047 1
37.7071 1
37.7095 1
37.7119 1
37.7143 1
37.7167 1
37.7191 1
37.7215 1
37.7239 1
37.7263 1
37.7287 1
37.7311 1
37.7335 1
37.7359 1
37.7383 1
37.7407 1
37.7431 1
37.7455 1
37.7479 1
37.7503 1
37.7527 1
37.7551 1
37.7575 1
37.7599 1
37.7623 1
37.7647 1
37.7672 1
37.7696 1
37.772 1
37.7744 1
37.7768 1
37.7792 1
37.7816 1
37.784 1
37.7864 1
37.7888 1
37.7912 1
37.7936 1
37.796 1
37.7984 1
37.8008 1
37.8032 1
37.8056 1
37.808 1
37.8104 1
37.8128 1
37.8152 1
37.8176 1
37.82 1
37.8224 1
37.8248 1
37.8272 1
37.8296 1
37.832 1
37.8344 1
37.8368 1
37.8392 1
37.8417 1
37.8441 1
37.8465 1
37.8489 1
37.8513 1
37.8537 1
37.8561 1
37.8585 1
37.8609 1
37.8633 1
37.8657 1
37.8681 1
37.8705 1
37.8729 1
37.8753 1
37.8777 1
37.8801 1
37.8825 1
37.8849 1
37.8873 1
37.8897 1
37.8921 1
37.8945 1
37.8969 1
37.8993 1
37.9017 1
37.9041 1
37.9065 1
37.9089 1
37.9113 1
37.9137 1
37.9162 1
37.9186 1
37.921 1
37.9234 1
37.9258 1
37.9282 1
37.9306 1
37.933 1
37.9354 1
37.9378 1
37.9402 1
37.9426 1
37.945 1
37.9474 1
37.9498 1
37.9522 1
37.9546 1
37.957 1
37.9594 1
37.9618 1
37.9642 1
37.9666 1
37.969 1
37.9714 1
37.9738 1
37.9762 1
37.9786 1
37.981 1
37.9834 1
37.9858 1
37.9882 1
37.9907 1
37.9931 1
37.9955 1
37.9979 1
38.0003 1
38.0027 1
38.0051 1
38.0075 1
38.0099 1
38.0123 1
38.0147 1
38.0171 1
38.0195 1
38.0219 1
38.0243 1
38.0267 1
38.0291 1
38.0315 1
38.0339 1
38.0363 1
38.0387 1
38.0411 1
38.0435 1
38.0459 1
38.0483 1
38.0507 1
38.0531 1
38.0555 1
38.0579 1
38.0603 1
38.0627 1
38.0651 1
38.0676 1
38.07 1
38.0724 1
38.0748 1
38.0772 1
38.0796 1
38.082 1
38.0844 1
38.0868 1
38.0892 1
38.0916 1
38.094 1
38.0964 1
38.0988 1
38.1012 1
38.1036 1
38.106 1
38.1084 1
38.1108 1
38.1132 1
38.1156 1
38.118 1
38.1204 1
38.1228 1
38.1252 1
38.1276 1
38.13 1
38.1324 1
38.1348 1
38.1372 1
38.1396 1
38.1421 1
38.1445 1
38.1469 1
38.1493 1
38.1517 1
38.1541 1
38.1565 1
38.1589 1
38.1613 1
38.1637 1
38.1661 1
38.1685 1
38.1709 1
38.1733 1
38.1757 1
38.1781 1
38.1805 1
38.1829 1
38.1853 1
38.1877 1
38.1901 1
38.1925 1
38.1949 1
38.1973 1
38.1997 1
38.2021 1
38.2045 1
38.2069 1
38.2093 1
38.2117 1
38.2141 1
38.2166 1
38.219 1
38.2214 1
38.2238 1
38.2262 1
38.2286 1
38.231 1
38.2334 1
38.2358 1
38.2382 1
38.2406 1
38.243 1
38.2454 1
38.2478 1
38.2502 1
38.2526 1
38.255 1
38.2574 1
38.2598 1
38.2622 1
38.2646 1
38.267 1
38.2694 1
38.2718 1
38.2742 1
38.2766 1
38.279 1
38.2814 1
38.2838 1
38.2862 1
38.2886 1
38.2911 1
38.2935 1
38.2959 1
38.2983 1
38.3007 1
38.3031 1
38.3055 1
38.3079 1
38.3103 1
38.3127 1
38.3151 1
38.3175 1
38.3199 1
38.3223 1
38.3247 1
38.3271 1
38.3295 1
38.3319 1
38.3343 1
38.3367 1
38.3391 1
38.3415 1
38.3439 1
38.3463 1
38.3487 1
38.3511 1
38.3535 1
38.3559 1
38.3583 1
38.3607 1
38.3631 1
38.3655 1
38.368 1
38.3704 1
38.3728 1
38.3752 1
38.3776 1
38.38 1
38.3824 1
38.3848 1
38.3872 1
38.3896 1
38.392 1
38.3944 1
38.3968 1
38.3992 1
38.4016 1
38.404 1
38.4064 1
38.4088 1
38.4112 1
38.4136 1
38.416 1
38.4184 1
38.4208 1
38.4232 1
38.4256 1
38.428 1
38.4304 1
38.4328 1
38.4352 1
38.4376 1
38.44 1
38.4425 1
38.4449 1
38.4473 1
38.4497 1
38.4521 1
38.4545 1
38.4569 1
38.4593 1
38.4617 1
38.4641 1
38.4665 1
38.4689 1
38.4713 1
38.4737 1
38.4761 1
38.4785 1
38.4809 1
38.4833 1
38.4857 1
38.4881 1
38.4905 1
38.4929 1
38.4953 1
38.4977 1
38.5001 1
38.5025 1
38.5049 1
38.5073 1
38.5097 1
38.5121 1
38.5145 1
38.517 1
38.5194 1
38.5218 1
38.5242 1
38.5266 1
38.529 1
38.5314 1
38.5338 1
38.5362 1
38.5386 1
38.541 1
38.5434 1
38.5458 1
38.5482 1
38.5506 1
38.553 1
38.5554 1
38.5578 1
38.5602 1
38.5626 1
38.565 1
38.5674 1
38.5698 1
38.5722 1
38.5746 1
38.577 1
38.5794 1
38.5818 1
38.5842 1
38.5866 1
38.589 1
38.5915 1
38.5939 1
38.5963 1
38.5987 1
38.6011 1
38.6035 1
38.6059 1
38.6083 1
38.6107 1
38.6131 1
38.6155 1
38.6179 1
38.6203 1
38.6227 1
38.6251 1
38.6275 1
38.6299 1
38.6323 1
38.6347 1
38.6371 1
38.6395 1
38.6419 1
38.6443 1
38.6467 1
38.6491 1
38.6515 1
38.6539 1
38.6563 1
38.6587 1
38.6611 1
38.6635 1
38.6659 1
38.6684 1
38.6708 1
38.6732 1
38.6756 1
38.678 1
38.6804 1
38.6828 1
38.6852 1
38.6876 1
38.69 1
38.6924 1
38.6948 1
38.6972 1
38.6996 1
38.702 1
38.7044 1
38.7068 1
38.7092 1
38.7116 1
38.714 1
38.7164 1
38.7188 1
38.7212 1
38.7236 1
38.726 1
38.7284 1
38.7308 1
38.7332 1
38.7356 1
38.738 1
38.7404 1
38.7429 1
38.7453 1
38.7477 1
38.7501 1
38.7525 1
38.7549 1
38.7573 1
38.7597 1
38.7621 1
38.7645 1
38.7669 1
38.7693 1
38.7717 1
38.7741 1
38.7765 1
38.7789 1
38.7813 1
38.7837 1
38.7861 1
38.7885 1
38.7909 1
38.7933 1
38.7957 1
38.7981 1
38.8005 1
38.8029 1
38.8053 1
38.8077 1
38.8101 1
38.8125 1
38.8149 1
38.8174 1
38.8198 1
38.8222 1
38.8246 1
38.827 1
38.8294 1
38.8318 1
38.8342 1
38.8366 1
38.839 1
38.8414 1
38.8438 1
38.8462 1
38.8486 1
38.851 1
38.8534 1
38.8558 1
38.8582 1
38.8606 1
38.863 1
38.8654 1
38.8678 1
38.8702 1
38.8726 1
38.875 1
38.8774 1
38.8798 1
38.8822 1
38.8846 1
38.887 1
38.8894 1
38.8919 1
38.8943 1
38.8967 1
38.8991 1
38.9015 1
38.9039 1
38.9063 1
38.9087 1
38.9111 1
38.9135 1
38.9159 1
38.9183 1
38.9207 1
38.9231 1
38.9255 1
38.9279 1
38.9303 1
38.9327 1
38.9351 1
38.9375 1
38.9399 1
38.9423 1
38.9447 1
38.9471 1
38.9495 1
38.9519 1
38.9543 1
38.9567 1
38.9591 1
38.9615 1
38.9639 1
38.9663 1
38.9688 1
38.9712 1
38.9736 1
38.976 1
38.9784 1
38.9808 1
38.9832 1
38.9856 1
38.988 1
38.9904 1
38.9928 1
38.9952 1
38.9976 1
39 1
39.0024 1
39.0048 1
39.0072 1
39.0096 1
39.012 1
39.0144 1
39.0168 1
39.0192 1
39.0216 1
39.024 1
39.0264 1
39.0288 1
39.0312 1
39.0336 1
39.036 1
39.0384 1
39.0408 1
39.0433 1
39.0457 1
39.0481 1
39.0505 1
39.0529 1
39.0553 1
39.0577 1
39.0601 1
39.0625 1
39.0649 1
39.0673 1
39.0697 1
39.0721 1
39.0745 1
39.0769 1
39.0793 1
39.0817 1
39.0841 1
39.0865 1
39.0889 1
39.0913 1
39.0937 1
39.0961 1
39.0985 1
39.1009 1
39.1033 1
39.1057 1
39.1081 1
39.1105 1
39.1129 1
39.1153 1
39.1178 1
39.1202 1
39.1226 1
39.125 1
39.1274 1
39.1298 1
39.1322 1
39.1346 1
39.137 1
39.1394 1
39.1418 1
39.1442 1
39.1466 1
39.149 1
39.1514 1
39.1538 1
39.1562 1
39.1586 1
39.161 1
39.1634 1
39.1658 1
39.1682 1
39.1706 1
39.173 1
39.1754 1
39.1778 1
39.1802 1
39.1826 1
39.185 1
39.1874 1
39.1898 1
39.1923 1
39.1947 1
39.1971 1
39.1995 1
39.2019 1
39.2043 1
39.2067 1
39.2091 1
39.2115 1
39.2139 1
39.2163 1
39.2187 1
39.2211 1
39.2235 1
39.2259 1
39.2283 1
39.2307 1
39.2331 1
39.2355 1
39.2379 1
39.2403 1
39.2427 1
39.2451 1
39.2475 1
39.2499 1
39.2523 1
39.2547 1
39.2571 1
39.2595 1
39.2619 1
39.2643 1
39.2667 1
39.2692 1
39.2716 1
39.274 1
39.2764 1
39.2788 1
39.2812 1
39.2836 1
39.286 1
39.2884 1
39.2908 1
39.2932 1
39.2956 1
39.298 1
39.3004 1
39.3028 1
39.3052 1
39.3076 1
39.31 1
39.3124 1
39.3148 1
39.3172 1
39.3196 1
39.322 1
39.3244 1
39.3268 1
39.3292 1
39.3316 1
39.334 1
39.3364 1
39.3388 1
39.3412 1
39.3437 1
39.3461 1
39.3485 1
39.3509 1
39.3533 1
39.3557 1
39.3581 1
39.3605 1
39.3629 1
39.3653 1
39.3677 1
39.3701 1
39.3725 1
39.3749 1
39.3773 1
39.3797 1
39.3821 1
39.3845 1
39.3869 1
39.3893 1
39.3917 1
39.3941 1
39.3965 1
39.3989 1
39.4013 1
39.4037 1
39.4061 1
39.4085 1
39.4109 1
39.4133 1
39.4157 1
39.4182 1
39.4206 1
39.423 1
39.4254 1
39.4278 1
39.4302 1
39.4326 1
39.435 1
39.4374 1
39.4398 1
39.4422 1
39.4446 1
39.447 1
39.4494 1
39.4518 1
39.4542 1
39.4566 1
39.459 1
39.4614 1
39.4638 1
39.4662 1
39.4686 1
39.471 1
39.4734 1
39.4758 1
39.4782 1
39.4806 1
39.483 1
39.4854 1
39.4878 1
39.4902 1
39.4927 1
39.4951 1
39.4975 1
39.4999 1
39.5023 1
39.5047 1
39.5071 1
39.5095 1
39.5119 1
39.5143 1
39.5167 1
39.5191 1
39.5215 1
39.5239 1
39.5263 1
39.5287 1
39.5311 1
39.5335 1
39.5359 1
39.5383 1
39.5407 1
39.5431 1
39.5455 1
39.5479 1
39.5503 1
39.5527 1
39.5551 1
39.5575 1
39.5599 1
39.5623 1
39.5647 1
39.5671 1
39.5696 1
39.572 1
39.5744 1
39.5768 1
39.5792 1
39.5816 1
39.584 1
39.5864 1
39.5888 1
39.5912 1
39.5936 1
39.596 1
39.5984 1
39.6008 1
39.6032 1
39.6056 1
39.608 1
39.6104 1
39.6128 1
39.6152 1
39.6176 1
39.62 1
39.6224 1
39.6248 1
39.6272 1
39.6296 1
39.632 1
39.6344 1
39.6368 1
39.6392 1
39.6416 1
39.6441 1
39.6465 1
39.6489 1
39.6513 1
39.6537 1
39.6561 1
39.6585 1
39.6609 1
39.6633 1
39.6657 1
39.6681 1
39.6705 1
39.6729 1
39.6753 1
39.6777 1
39.6801 1
39.6825 1
39.6849 1
39.6873 1
39.6897 1
39.6921 1
39.6945 1
39.6969 1
39.6993 1
39.7017 1
39.7041 1
39.7065 1
39.7089 1
39.7113 1
39.7137 1
39.7161 1
39.7186 1
39.721 1
39.7234 1
39.7258 1
39.7282 1
39.7306 1
39.733 1
39.7354 1
39.7378 1
39.7402 1
39.7426 1
39.745 1
39.7474 1
39.7498 1
39.7522 1
39.7546 1
39.757 1
39.7594 1
39.7618 1
39.7642 1
39.7666 1
39.769 1
39.7714 1
39.7738 1
39.7762 1
39.7786 1
39.781 1
39.7834 1
39.7858 1
39.7882 1
39.7906 1
39.7931 1
39.7955 1
39.7979 1
39.8003 1
39.8027 1
39.8051 1
39.8075 1
39.8099 1
39.8123 1
39.8147 1
39.8171 1
39.8195 1
39.8219 1
39.8243 1
39.8267 1
39.8291 1
39.8315 1
39.8339 1
39.8363 1
39.8387 1
39.8411 1
39.8435 1
39.8459 1
39.8483 1
39.8507 1
39.8531 1
39.8555 1
39.8579 1
39.8603 1
39.8627 1
48.0041 1
48.0048 1
53.6571 1
53.6571 1
53.6571 1
53.6572 1
53.6572 1
53.6572 1
53.6572 1
53.6572 1
53.6572 1
53.6572 1
53.6572 1
53.6573 1
53.6573 1
53.6573 1
53.6573 1
53.6573 1
53.6573 1
53.6573 1
53.6573 1
53.6574 1
53.6574 1
53.6574 1
53.6574 1
53.6574 1
53.6574 1
53.6574 1
53.6574 1
53.6574 1
53.6575 1
53.6575 1
53.6575 1
53.6575 1
53.6575 1
53.6575 1
53.6575 1
53.6575 1
53.6576 1
53.6576 1
53.6576 1
53.6576 1
53.6576 1
53.6576 1
53.6576 1
53.6576 1
53.6577 1
53.6577 1
53.6577 1
53.6577 1
53.6577 1
53.6577 1
53.6577 1
53.6577 1
53.6577 1
53.6578 1
53.6578 1
53.6578 1
53.6578 1
53.6578 1
53.6578 1
53.6578 1
53.6578 1
53.6579 1
53.6579 1
53.6579 1
53.6579 1
53.6579 1
53.6579 1
53.6579 1
53.6579 1
53.658 1
53.658 1
53.658 1
53.658 1
53.658 1
53.658 1
53.658 1
53.658 1
53.6581 1
53.6581 1
53.6581 1
53.6581 1
53.6581 1
53.6581 1
53.6581 1
53.6581 1
53.6582 1
53.6582 1
53.6582 1
53.6582 1
53.6582 1
53.6582 1
53.6582 1
53.6582 1
53.6583 1
53.6583 1
53.6583 1
53.6583 1
53.6583 1
53.6583 1
53.6583 1
53.6583 1
53.6583 1
53.6584 1
53.6584 1
53.6584 1
53.6584 1
53.6584 1
53.6584 1
53.6584 1
53.6584 1
53.6585 1
53.6585 1
53.6585 1
53.6585 1
53.6585 1
53.6585 1
53.6585 1
53.6585 1
53.6586 1
53.6586 1
53.6586 1
53.6586 1
53.6586 1
53.6586 1
53.6586 1
53.6586 1
53.6586 1
53.6587 1
53.6587 1
53.6587 1
53.6587 1
53.6587 1
53.6587 1
53.6587 1
53.6587 1
53.6588 1
53.6588 1
53.6588 1
53.6588 1
53.6588 1
53.6588 1
53.6588 1
53.6588 1
53.6589 1
53.6589 1
53.6589 1
53.6589 1
53.6589 1
53.6589 1
53.6589 1
53.6589 1
53.6589 1
53.659 1
53.659 1
53.659 1
53.659 1
53.659 1
53.659 1
53.659 1
53.659 1
53.6591 1
53.6591 1
53.6591 1
53.6591 1
53.6591 1
53.6591 1
53.6591 1
53.6591 1
53.6592 1
53.6592 1
53.6592 1
53.6592 1
53.6592 1
53.6592 1
53.6592 1
53.6592 1
53.6593 1
53.6593 1
53.6593 1
53.6593 1
53.6593 1
53.6593 1
53.6593 1
53.6593 1
53.6594 1
53.6594 1
53.6594 1
53.6594 1
53.6594 1
53.6594 1
53.6594 1
53.6594 1
53.6595 1
53.6595 1
53.6595 1
53.6595 1
53.6595 1
53.6595 1
53.6595 1
53.6595 1
53.6596 1
53.6596 1
53.6596 1
53.6596 1
53.6596 1
53.6596 1
53.6596 1
53.6596 1
53.6596 1
53.6597 1
53.6597 1
53.6597 1
53.6597 1
53.6597 1
53.6597 1
53.6597 1
53.6597 1
53.6598 1
53.6598 1
53.6598 1
53.6598 1
53.6598 1
53.6598 1
53.6598 1
53.6598 1
53.6599 1
53.6599 1
53.6599 1
53.6599 1
53.6599 1
53.6599 1
53.6599 1
53.6599 1
53.6599 1
53.66 1
53.66 1
53.66 1
53.66 1
53.66 1
53.66 1
53.66 1
53.66 1
53.6601 1
53.6601 1
53.6601 1
53.6601 1
53.6601 1
53.6601 1
53.6601 1
53.6601 1
53.6602 1
53.6602 1
53.6602 1
53.6602 1
53.6602 1
53.6602 1
53.6602 1
53.6602 1
53.6602 1
53.6603 1
53.6603 1
53.6603 1
53.6603 1
53.6603 1
53.6603 1
53.6603 1
53.6603 1
53.6604 1
53.6604 1
53.6604 1
53.6604 1
53.6604 1
53.6604 1
53.6604 1
53.6605 1
53.6605 1
53.6605 1
53.6605 1
53.6605 1
53.6605 1
53.6605 1
53.6605 1
53.6605 1
53.6606 1
53.6606 1
53.6606 1
53.6606 1
53.6606 1
53.6606 1
53.6606 1
53.6606 1
53.6607 1
53.6607 1
53.6607 1
53.6607 1
53.6607 1
53.6607 1
53.6607 1
53.6607 1
53.6608 1
53.6608 1
53.6608 1
53.6608 1
53.6608 1
53.6608 1
53.6608 1
53.6608 1
53.6608 1
53.6609 1
53.6609 1
53.6609 1
53.6609 1
53.6609 1
53.6609 1
53.6609 1
53.6609 1
53.661 1
53.661 1
53.661 1
53.661 1
53.661 1
53.661 1
53.661 1
53.661 1
53.6611 1
53.6611 1
53.6611 1
53.6611 1
53.6611 1
53.6611 1
53.6611 1
53.6611 1
53.6611 1
53.6612 1
53.6612 1
53.6612 1
53.6612 1
53.6612 1
53.6612 1
53.6619 1
53.6631 1
53.6643 1
53.6655 1
53.692 1
53.7821 1
53.8494 1
53.9058 1
53.9563 1
53.9996 1
54.0404 1
54.0789 1
54.1149 1
54.1486 1
54.181 1
54.211 1
54.2399 1
54.2675 1
54.2952 1
54.3216 1
54.3468 1
54.3721 1
54.3961 1
54.4189 1
54.4418 1
54.4646 1
54.4862 1
54.5078 1
54.5283 1
54.5487 1
54.5691 1
54.5896 1
54.6076 1
54.6268 1
54.646 1
54.6641 1
54.6821 1
54.7001 1
54.7181 1
54.7361 1
54.753 1
54.7698 1
54.7866 1
54.8034 1
54.8203 1
54.8371 1
54.8527 1
54.8683 1
54.8839 1
54.8996 1
54.9152 1
54.9308 1
54.9464 1
54.962 1
54.9753 1
54.9897 1
55.0041 1
55.0185 1
55.0329 1
55.0474 1
55.0618 1
55.0762 1
55.0906 1
55.105 1
55.1183 1
55.1315 1
55.1447 1
55.1579 1
55.1711 1
55.1843 1
55.1976 1
55.2108 1
55.224 1
55.2372 1
55.2504 1
55.2637 1
55.2769 1
55.2889 1
55.3009 1
55.3129 1
55.3249 1
55.3369 1
55.349 1
55.361 1
55.373 1
55.385 1
55.397 1
55.409 1
55.4211 1
55.4331 1
55.4451 1
55.4571 1
55.4691 1
55.4811 1
55.4932 1
55.5052 1
55.516 1
55.5268 1
55.5376 1
55.5484 1
55.5592 1
55.5701 1
55.5809 1
55.5917 1
55.6025 1
55.6133 1
55.6241 1
55.6349 1
55.6458 1
55.6566 1
55.6674 1
55.6782 1
55.689 1
55.6998 1
55.7106 1
55.7215 1
55.7323 1
55.7431 1
55.7539 1
55.7647 1
55.7755 1
55.7863 1
55.7972 1
55.8068 1
55.8164 1
55.826 1
55.8356 1
55.8452 1
55.8548 1
55.8645 1
55.8741 1
55.8837 1
55.8933 1
55.9029 1
55.9125 1
55.9221 1
55.9317 1
55.9414 1
55.951 1
55.9606 1
55.9702 1
55.9798 1
55.9894 1
55.999 1
56.0086 1
56.0183 1
56.0279 1
56.0375 1
56.0471 1
56.0567 1
56.0663 1
56.0759 1
56.0855 1
56.0952 1
56.1048 1
56.1144 1
