32.0885 1
32.0909 1
32.0933 1
32.0957 1
32.0981 1
32.1005 1
32.1029 1
32.1053 1
32.1077 1
32.1101 1
32.1125 1
32.1149 1
32.1173 1
32.1197 1
32.1221 1
32.1245 1
32.1269 1
32.1293 1
32.1317 1
32.1341 1
32.1365 1
32.1389 1
32.1413 1
32.1437 1
32.1462 1
32.1486 1
32.151 1
32.1534 1
32.1558 1
32.1582 1
32.1606 1
32.163 1
32.1654 1
32.1678 1
32.1702 1
32.1726 1
32.175 1
32.1774 1
32.1798 1
32.1822 1
32.1846 1
32.187 1
32.1894 1
32.1918 1
32.1942 1
32.1966 1
32.199 1
32.2014 1
32.2038 1
32.2062 1
32.2086 1
32.211 1
32.2134 1
32.2158 1
32.2182 1
32.2207 1
32.2231 1
32.2255 1
32.2279 1
32.2303 1
32.2327 1
32.2351 1
32.2375 1
32.2399 1
32.2423 1
32.2447 1
32.2471 1
32.2495 1
32.2519 1
32.2543 1
32.2567 1
32.2591 1
32.2615 1
32.2639 1
32.2663 1
32.2687 1
32.2711 1
32.2735 1
32.2759 1
32.2783 1
32.2807 1
32.2831 1
32.2855 1
32.2879 1
32.2903 1
32.2927 1
32.2952 1
32.2976 1
32.3 1
32.3024 1
32.3048 1
32.3072 1
32.3096 1
32.312 1
32.3144 1
32.3168 1
32.3192 1
32.3216 1
32.324 1
32.3264 1
32.3288 1
32.3312 1
32.3336 1
32.336 1
32.3384 1
32.3408 1
32.3432 1
32.3456 1
32.348 1
32.3504 1
32.3528 1
32.3552 1
32.3576 1
32.36 1
32.3624 1
32.3648 1
32.3672 1
32.3696 1
32.3721 1
32.3745 1
32.3769 1
32.3793 1
32.3817 1
32.3841 1
32.3865 1
32.3889 1
32.3913 1
32.3937 1
32.3961 1
32.3985 1
32.4009 1
32.4033 1
32.4057 1
32.4081 1
32.4105 1
32.4129 1
32.4153 1
32.4177 1
32.4201 1
32.4225 1
32.4249 1
32.4273 1
32.4297 1
32.4321 1
32.4345 1
32.4369 1
32.4393 1
32.4417 1
32.4441 1
32.4466 1
32.449 1
32.4514 1
32.4538 1
32.4562 1
32.4586 1
32.461 1
32.4634 1
32.4658 1
32.4682 1
32.4706 1
32.473 1
32.4754 1
32.4778 1
32.4802 1
32.4826 1
32.485 1
32.4874 1
32.4898 1
32.4922 1
32.4946 1
32.497 1
32.4994 1
32.5018 1
32.5042 1
32.5066 1
32.509 1
32.5114 1
32.5138 1
32.5162 1
32.5186 1
32.5211 1
32.5235 1
32.5259 1
32.5283 1
32.5307 1
32.5331 1
32.5355 1
32.5379 1
32.5403 1
32.5427 1
32.5451 1
32.5475 1
32.5499 1
32.5523 1
32.5547 1
32.5571 1
32.5595 1
32.5619 1
32.5643 1
32.5667 1
32.5691 1
32.5715 1
32.5739 1
32.5763 1
32.5787 1
32.5811 1
32.5835 1
32.5859 1
32.5883 1
32.5907 1
32.5931 1
32.5956 1
32.598 1
32.6004 1
32.6028 1
32.6052 1
32.6076 1
32.61 1
32.6124 1
32.6148 1
32.6172 1
32.6196 1
32.622 1
32.6244 1
32.6268 1
32.6292 1
32.6316 1
32.634 1
32.6364 1
32.6388 1
32.6412 1
32.6436 1
32.646 1
32.6484 1
32.6508 1
32.6532 1
32.6556 1
32.658 1
32.6604 1
32.6628 1
32.6652 1
32.6676 1
32.67 1
32.6725 1
32.6749 1
32.6773 1
32.6797 1
32.6821 1
32.6845 1
32.6869 1
32.6893 1
32.6917 1
32.6941 1
32.6965 1
32.6989 1
32.7013 1
32.7037 1
32.7061 1
32.7085 1
32.7109 1
32.7133 1
32.7157 1
32.7181 1
32.7205 1
32.7229 1
32.7253 1
32.7277 1
32.7301 1
32.7325 1
32.7349 1
32.7373 1
32.7397 1
32.7421 1
32.7445 1
32.747 1
32.7494 1
32.7518 1
32.7542 1
32.7566 1
32.759 1
32.7614 1
32.7638 1
32.7662 1
32.7686 1
32.771 1
32.7734 1
32.7758 1
32.7782 1
32.7806 1
32.783 1
32.7854 1
32.7878 1
32.7902 1
32.7926 1
32.795 1
32.7974 1
32.7998 1
32.8022 1
32.8046 1
32.807 1
32.8094 1
32.8118 1
32.8142 1
32.8166 1
32.819 1
32.8215 1
32.8239 1
32.8263 1
32.8287 1
32.8311 1
32.8335 1
32.8359 1
32.8383 1
32.8407 1
32.8431 1
32.8455 1
32.8479 1
32.8503 1
32.8527 1
32.8551 1
32.8575 1
32.8599 1
32.8623 1
32.8647 1
32.8671 1
32.8695 1
32.8719 1
32.8743 1
32.8767 1
32.8791 1
32.8815 1
32.8839 1
32.8863 1
32.8887 1
32.8911 1
32.8935 1
32.896 1
32.8984 1
32.9008 1
32.9032 1
32.9056 1
32.908 1
32.9104 1
32.9128 1
32.9152 1
32.9176 1
32.92 1
32.9224 1
32.9248 1
32.9272 1
32.9296 1
32.932 1
32.9344 1
32.9368 1
32.9392 1
32.9416 1
32.944 1
32.9464 1
32.9488 1
32.9512 1
32.9536 1
32.956 1
32.9584 1
32.9608 1
32.9632 1
32.9656 1
32.968 1
32.9704 1
32.9729 1
32.9753 1
32.9777 1
32.9801 1
32.9825 1
32.9849 1
32.9873 1
32.9897 1
32.9921 1
32.9945 1
32.9969 1
32.9993 1
33.0017 1
33.0041 1
33.0065 1
33.0089 1
33.0113 1
33.0137 1
33.0161 1
33.0185 1
33.0209 1
33.0233 1
33.0257 1
33.0281 1
33.0305 1
33.0329 1
33.0353 1
33.0377 1
33.0401 1
33.0425 1
33.0449 1
33.0474 1
33.0498 1
33.0522 1
33.0546 1
33.057 1
33.0594 1
33.0618 1
33.0642 1
33.0666 1
33.069 1
33.0714 1
33.0738 1
33.0762 1
33.0786 1
33.081 1
33.0834 1
33.0858 1
33.0882 1
33.0906 1
33.093 1
33.0954 1
33.0978 1
33.1002 1
33.1026 1
33.105 1
33.1074 1
33.1098 1
33.1122 1
33.1146 1
33.117 1
33.1194 1
33.1219 1
33.1243 1
33.1267 1
33.1291 1
33.1315 1
33.1339 1
33.1363 1
33.1387 1
33.1411 1
33.1435 1
33.1459 1
33.1483 1
33.1507 1
33.1531 1
33.1555 1
33.1579 1
33.1603 1
33.1627 1
33.1651 1
33.1675 1
33.1699 1
33.1723 1
33.1747 1
33.1771 1
33.1795 1
33.1819 1
33.1843 1
33.1867 1
33.1891 1
33.1915 1
33.1939 1
33.1964 1
33.1988 1
33.2012 1
33.2036 1
33.206 1
33.2084 1
33.2108 1
33.2132 1
33.2156 1
33.218 1
33.2204 1
33.2228 1
33.2252 1
33.2276 1
33.23 1
33.2324 1
33.2348 1
33.2372 1
33.2396 1
33.242 1
33.2444 1
33.2468 1
33.2492 1
33.2516 1
33.254 1
33.2564 1
33.2588 1
33.2612 1
33.2636 1
33.266 1
33.2684 1
33.2708 1
33.2733 1
33.2757 1
33.2781 1
33.2805 1
33.2829 1
33.2853 1
33.2877 1
33.2901 1
33.2925 1
33.2949 1
33.2973 1
33.2997 1
33.3021 1
33.3045 1
33.3069 1
33.3093 1
33.3117 1
33.3141 1
33.3165 1
33.3189 1
33.3213 1
33.3237 1
33.3261 1
33.3285 1
33.3309 1
33.3333 1
33.3357 1
33.3381 1
33.3405 1
33.3429 1
33.3453 1
33.3478 1
33.3502 1
33.3526 1
33.355 1
33.3574 1
33.3598 1
33.3622 1
33.3646 1
33.367 1
33.3694 1
33.3718 1
33.3742 1
33.3766 1
33.379 1
33.3814 1
33.3838 1
33.3862 1
33.3886 1
33.391 1
33.3934 1
33.3958 1
33.3982 1
33.4006 1
33.403 1
33.4054 1
33.4078 1
33.4102 1
33.4126 1
33.415 1
33.4174 1
33.4198 1
33.4223 1
33.4247 1
33.4271 1
33.4295 1
33.4319 1
33.4343 1
33.4367 1
33.4391 1
33.4415 1
33.4439 1
33.4463 1
33.4487 1
33.4511 1
33.4535 1
33.4559 1
33.4583 1
33.4607 1
33.4631 1
33.4655 1
33.4679 1
33.4703 1
33.4727 1
33.4751 1
33.4775 1
33.4799 1
33.4823 1
33.4847 1
33.4871 1
33.4895 1
33.4919 1
33.4943 1
33.4968 1
33.4992 1
33.5016 1
33.504 1
33.5064 1
33.5088 1
33.5112 1
33.5136 1
33.516 1
33.5184 1
33.5208 1
33.5232 1
33.5256 1
33.528 1
33.5304 1
33.5328 1
33.5352 1
33.5376 1
33.54 1
33.5424 1
33.5448 1
33.5472 1
33.5496 1
33.552 1
33.5544 1
33.5568 1
33.5592 1
33.5616 1
33.564 1
33.5664 1
33.5688 1
33.5712 1
33.5737 1
33.5761 1
33.5785 1
33.5809 1
33.5833 1
33.5857 1
33.5881 1
33.5905 1
33.5929 1
33.5953 1
33.5977 1
33.6001 1
33.6025 1
33.6049 1
33.6073 1
33.6097 1
33.6121 1
33.6145 1
33.6169 1
33.6193 1
33.6217 1
33.6241 1
33.6265 1
33.6289 1
33.6313 1
33.6337 1
33.6361 1
33.6385 1
33.6409 1
33.6433 1
33.6457 1
33.6482 1
33.6506 1
33.653 1
33.6554 1
33.6578 1
33.6602 1
33.6626 1
33.665 1
33.6674 1
33.6698 1
33.6722 1
33.6746 1
33.677 1
33.6794 1
33.6818 1
33.6842 1
33.6866 1
33.689 1
33.6914 1
33.6938 1
33.6962 1
33.6986 1
33.701 1
33.7034 1
33.7058 1
33.7082 1
33.7106 1
33.713 1
33.7154 1
33.7178 1
33.7202 1
33.7227 1
33.7251 1
33.7275 1
33.7299 1
33.7323 1
33.7347 1
33.7371 1
33.7395 1
33.7419 1
33.7443 1
33.7467 1
33.7491 1
33.7515 1
33.7539 1
33.7563 1
33.7587 1
33.7611 1
33.7635 1
33.7659 1
33.7683 1
33.7707 1
33.7731 1
33.7755 1
33.7779 1
33.7803 1
33.7827 1
33.7851 1
33.7875 1
33.7899 1
33.7923 1
33.7947 1
33.7972 1
33.7996 1
33.802 1
33.8044 1
33.8068 1
33.8092 1
33.8116 1
33.814 1
33.8164 1
33.8188 1
33.8212 1
33.8236 1
33.826 1
33.8284 1
33.8308 1
33.8332 1
33.8356 1
33.838 1
33.8404 1
33.8428 1
33.8452 1
33.8476 1
33.85 1
33.8524 1
33.8548 1
33.8572 1
33.8596 1
33.862 1
33.8644 1
33.8668 1
33.8692 1
33.8716 1
33.8741 1
33.8765 1
33.8789 1
33.8813 1
33.8837 1
33.8861 1
33.8885 1
33.8909 1
33.8933 1
33.8957 1
33.8981 1
33.9005 1
33.9029 1
33.9053 1
33.9077 1
33.9101 1
33.9125 1
33.9149 1
33.9173 1
33.9197 1
33.9221 1
33.9245 1
33.9269 1
33.9293 1
33.9317 1
33.9341 1
33.9365 1
33.9389 1
33.9413 1
33.9437 1
33.9461 1
33.9486 1
33.951 1
33.9534 1
33.9558 1
33.9582 1
33.9606 1
33.963 1
33.9654 1
33.9678 1
33.9702 1
33.9726 1
33.975 1
33.9774 1
33.9798 1
33.9822 1
33.9846 1
33.987 1
33.9894 1
33.9918 1
33.9942 1
33.9966 1
33.999 1
34.0014 1
34.0038 1
34.0062 1
34.0086 1
34.011 1
34.0134 1
34.0158 1
34.0182 1
34.0206 1
34.0231 1
34.0255 1
34.0279 1
34.0303 1
34.0327 1
34.0351 1
34.0375 1
34.0399 1
34.0423 1
34.0447 1
34.0471 1
34.0495 1
34.0519 1
34.0543 1
34.0567 1
34.0591 1
34.0615 1
34.0639 1
34.0663 1
34.0687 1
34.0711 1
34.0735 1
34.0759 1
34.0783 1
34.0807 1
34.0831 1
34.0855 1
34.0879 1
34.0903 1
34.0927 1
34.0951 1
34.0976 1
34.1 1
34.1024 1
34.1048 1
34.1072 1
34.1096 1
34.112 1
34.1144 1
34.1168 1
34.1192 1
34.1216 1
34.124 1
34.1264 1
34.1288 1
34.1312 1
34.1336 1
34.136 1
34.1384 1
34.1408 1
34.1432 1
34.1456 1
34.148 1
34.1504 1
34.1528 1
34.1552 1
34.1576 1
34.16 1
34.1624 1
34.1648 1
34.1672 1
34.1696 1
34.172 1
34.1745 1
34.1769 1
34.1793 1
34.1817 1
34.1841 1
34.1865 1
34.1889 1
34.1913 1
34.1937 1
34.1961 1
34.1985 1
34.2009 1
34.2033 1
34.2057 1
34.2081 1
34.2105 1
34.2129 1
34.2153 1
34.2177 1
34.2201 1
34.2225 1
34.2249 1
34.2273 1
34.2297 1
34.2321 1
34.2345 1
34.2369 1
34.2393 1
34.2417 1
34.2441 1
34.2465 1
34.249 1
34.2514 1
34.2538 1
34.2562 1
34.2586 1
34.261 1
34.2634 1
34.2658 1
34.2682 1
34.2706 1
34.273 1
34.2754 1
34.2778 1
34.2802 1
34.2826 1
34.285 1
34.2874 1
34.2898 1
34.2922 1
34.2946 1
34.297 1
34.2994 1
34.3018 1
34.3042 1
34.3066 1
34.309 1
34.3114 1
34.3138 1
34.3162 1
34.3186 1
34.321 1
34.3235 1
34.3259 1
34.3283 1
34.3307 1
34.3331 1
34.3355 1
34.3379 1
34.3403 1
34.3427 1
34.3451 1
34.3475 1
34.3499 1
34.3523 1
34.3547 1
34.3571 1
34.3595 1
34.3619 1
34.3643 1
34.3667 1
34.3691 1
34.3715 1
34.3739 1
34.3763 1
34.3787 1
34.3811 1
34.3835 1
34.3859 1
34.3883 1
34.3907 1
34.3931 1
34.3955 1
34.398 1
34.4004 1
34.4028 1
34.4052 1
34.4076 1
34.41 1
34.4124 1
34.4148 1
34.4172 1
34.4196 1
34.422 1
34.4244 1
34.4268 1
34.4292 1
34.4316 1
34.434 1
34.4364 1
34.4388 1
34.4412 1
34.4436 1
34.446 1
34.4484 1
34.4508 1
34.4532 1
34.4556 1
34.458 1
34.4604 1
34.4628 1
34.4652 1
34.4676 1
34.47 1
34.4724 1
34.4749 1
34.4773 1
34.4797 1
34.4821 1
34.4845 1
34.4869 1
34.4893 1
34.4917 1
34.4941 1
34.4965 1
34.4989 1
34.5013 1
34.5037 1
34.5061 1
34.5085 1
34.5109 1
34.5133 1
34.5157 1
34.5181 1
34.5205 1
34.5229 1
34.5253 1
34.5277 1
34.5301 1
34.5325 1
34.5349 1
34.5373 1
34.5397 1
34.5421 1
34.5445 1
34.5469 1
34.5494 1
34.5518 1
34.5542 1
34.5566 1
34.559 1
34.5614 1
34.5638 1
34.5662 1
34.5686 1
34.571 1
34.5734 1
34.5758 1
34.5782 1
34.5806 1
34.583 1
34.5854 1
34.5878 1
34.5902 1
34.5926 1
34.595 1
34.5974 1
34.5998 1
34.6022 1
34.6046 1
34.607 1
34.6094 1
34.6118 1
34.6142 1
34.6166 1
34.619 1
34.6214 1
34.6239 1
34.6263 1
34.6287 1
34.6311 1
34.6335 1
34.6359 1
34.6383 1
34.6407 1
34.6431 1
34.6455 1
34.6479 1
34.6503 1
34.6527 1
34.6551 1
34.6575 1
34.6599 1
34.6623 1
34.6647 1
34.6671 1
34.6695 1
34.6719 1
34.6743 1
34.6767 1
34.6791 1
34.6815 1
34.6839 1
34.6863 1
34.6887 1
34.6911 1
34.6935 1
34.6959 1
34.6984 1
34.7008 1
34.7032 1
34.7056 1
34.708 1
34.7104 1
34.7128 1
34.7152 1
34.7176 1
34.72 1
34.7224 1
34.7248 1
34.7272 1
34.7296 1
34.732 1
34.7344 1
34.7368 1
34.7392 1
34.7416 1
34.744 1
34.7464 1
34.7488 1
34.7512 1
34.7536 1
34.756 1
34.7584 1
34.7608 1
34.7632 1
34.7656 1
34.768 1
34.7704 1
34.7728 1
34.7753 1
34.7777 1
34.7801 1
34.7825 1
34.7849 1
34.7873 1
34.7897 1
34.7921 1
34.7945 1
34.7969 1
34.7993 1
34.8017 1
34.8041 1
34.8065 1
34.8089 1
34.8113 1
34.8137 1
34.8161 1
34.8185 1
34.8209 1
34.8233 1
34.8257 1
34.8281 1
34.8305 1
34.8329 1
34.8353 1
34.8377 1
34.8401 1
34.8425 1
34.8449 1
34.8473 1
34.8498 1
34.8522 1
34.8546 1
34.857 1
34.8594 1
34.8618 1
34.8642 1
34.8666 1
34.869 1
34.8714 1
34.8738 1
34.8762 1
34.8786 1
34.881 1
34.8834 1
34.8858 1
34.8882 1
34.8906 1
34.893 1
34.8954 1
34.8978 1
34.9002 1
34.9026 1
34.905 1
34.9074 1
34.9098 1
34.9122 1
34.9146 1
34.917 1
34.9194 1
34.9218 1
34.9243 1
34.9267 1
34.9291 1
34.9315 1
34.9339 1
34.9363 1
34.9387 1
34.9411 1
34.9435 1
34.9459 1
34.9483 1
34.9507 1
34.9531 1
34.9555 1
34.9579 1
34.9603 1
34.9627 1
34.9651 1
34.9675 1
34.9699 1
34.9723 1
34.9747 1
34.9771 1
34.9795 1
34.9819 1
34.9843 1
34.9867 1
34.9891 1
34.9915 1
34.9939 1
34.9963 1
34.9988 1
35.0012 1
35.0036 1
35.006 1
35.0084 1
35.0108 1
35.0132 1
35.0156 1
35.018 1
35.0204 1
35.0228 1
35.0252 1
35.0276 1
35.03 1
35.0324 1
35.0348 1
35.0372 1
35.0396 1
35.042 1
35.0444 1
35.0468 1
35.0492 1
35.0516 1
35.054 1
35.0564 1
35.0588 1
35.0612 1
35.0636 1
35.066 1
35.0684 1
35.0708 1
35.0732 1
35.0757 1
35.0781 1
35.0805 1
35.0829 1
35.0853 1
35.0877 1
35.0901 1
35.0925 1
35.0949 1
35.0973 1
35.0997 1
35.1021 1
35.1045 1
35.1069 1
35.1093 1
35.1117 1
35.1141 1
35.1165 1
35.1189 1
35.1213 1
35.1237 1
35.1261 1
35.1285 1
35.1309 1
35.1333 1
35.1357 1
35.1381 1
35.1405 1
35.1429 1
35.1453 1
35.1477 1
35.1502 1
35.1526 1
35.155 1
35.1574 1
35.1598 1
35.1622 1
35.1646 1
35.167 1
35.1694 1
35.1718 1
35.1742 1
35.1766 1
35.179 1
35.1814 1
35.1838 1
35.1862 1
35.1886 1
35.191 1
35.1934 1
35.1958 1
35.1982 1
35.2006 1
35.203 1
35.2054 1
35.2078 1
35.2102 1
35.2126 1
35.215 1
35.2174 1
35.2198 1
35.2222 1
35.2247 1
35.2271 1
35.2295 1
35.2319 1
35.2343 1
35.2367 1
35.2391 1
35.2415 1
35.2439 1
35.2463 1
35.2487 1
35.2511 1
35.2535 1
35.2559 1
35.2583 1
35.2607 1
35.2631 1
35.2655 1
35.2679 1
35.2703 1
35.2727 1
35.2751 1
35.2775 1
35.2799 1
35.2823 1
35.2847 1
35.2871 1
35.2895 1
35.2919 1
35.2943 1
35.2967 1
35.2992 1
35.3016 1
35.304 1
35.3064 1
35.3088 1
35.3112 1
35.3136 1
35.316 1
35.3184 1
35.3208 1
35.3232 1
35.3256 1
35.328 1
35.3304 1
35.3328 1
35.3352 1
35.3376 1
35.34 1
35.3424 1
35.3448 1
35.3472 1
35.3496 1
35.352 1
35.3544 1
35.3568 1
35.3592 1
35.3616 1
35.364 1
35.3664 1
35.3688 1
35.3712 1
35.3736 1
35.3761 1
35.3785 1
35.3809 1
35.3833 1
35.3857 1
35.3881 1
35.3905 1
35.3929 1
35.3953 1
35.3977 1
35.4001 1
35.4025 1
35.4049 1
35.4073 1
35.4097 1
35.4121 1
35.4145 1
35.4169 1
35.4193 1
35.4217 1
35.4241 1
35.4265 1
35.4289 1
35.4313 1
35.4337 1
35.4361 1
35.4385 1
35.4409 1
35.4433 1
35.4457 1
35.4481 1
35.4506 1
35.453 1
35.4554 1
35.4578 1
35.4602 1
35.4626 1
35.465 1
35.4674 1
35.4698 1
35.4722 1
35.4746 1
35.477 1
35.4794 1
35.4818 1
35.4842 1
35.4866 1
35.489 1
35.4914 1
35.4938 1
35.4962 1
35.4986 1
35.501 1
35.5034 1
35.5058 1
35.5082 1
35.5106 1
35.513 1
35.5154 1
35.5178 1
35.5202 1
35.5226 1
35.5251 1
35.5275 1
35.5299 1
35.5323 1
35.5347 1
35.5371 1
35.5395 1
35.5419 1
35.5443 1
35.5467 1
35.5491 1
35.5515 1
35.5539 1
35.5563 1
35.5587 1
35.5611 1
35.5635 1
35.5659 1
35.5683 1
35.5707 1
35.5731 1
35.5755 1
35.5779 1
35.5803 1
35.5827 1
35.5851 1
35.5875 1
35.5899 1
35.5923 1
35.5947 1
35.5971 1
35.5996 1
35.602 1
35.6044 1
35.6068 1
35.6092 1
35.6116 1
35.614 1
35.6164 1
35.6188 1
35.6212 1
35.6236 1
35.626 1
35.6284 1
35.6308 1
35.6332 1
35.6356 1
35.638 1
35.6404 1
35.6428 1
35.6452 1
35.6476 1
35.65 1
35.6524 1
35.6548 1
35.6572 1
35.6596 1
35.662 1
35.6644 1
35.6668 1
35.6692 1
35.6716 1
35.674 1
35.6765 1
35.6789 1
35.6813 1
35.6837 1
35.6861 1
35.6885 1
35.6909 1
35.6933 1
35.6957 1
35.6981 1
35.7005 1
35.7029 1
35.7053 1
35.7077 1
35.7101 1
35.7125 1
35.7149 1
35.7173 1
35.7197 1
35.7221 1
35.7245 1
35.7269 1
35.7293 1
35.7317 1
35.7341 1
35.7365 1
35.7389 1
35.7413 1
35.7437 1
35.7461 1
35.7485 1
35.751 1
35.7534 1
35.7558 1
35.7582 1
35.7606 1
35.763 1
35.7654 1
35.7678 1
35.7702 1
35.7726 1
35.775 1
35.7774 1
35.7798 1
35.7822 1
35.7846 1
35.787 1
35.7894 1
35.7918 1
35.7942 1
35.7966 1
35.799 1
35.8014 1
35.8038 1
35.8062 1
35.8086 1
35.811 1
35.8134 1
35.8158 1
35.8182 1
35.8206 1
35.823 1
35.8255 1
35.8279 1
35.8303 1
35.8327 1
35.8351 1
35.8375 1
35.8399 1
35.8423 1
35.8447 1
35.8471 1
35.8495 1
35.8519 1
35.8543 1
35.8567 1
35.8591 1
35.8615 1
35.8639 1
35.8663 1
35.8687 1
35.8711 1
35.8735 1
35.8759 1
35.8783 1
35.8807 1
35.8831 1
35.8855 1
35.8879 1
35.8903 1
35.8927 1
35.8951 1
35.8975 1
35.9 1
35.9024 1
35.9048 1
35.9072 1
35.9096 1
35.912 1
35.9144 1
35.9168 1
35.9192 1
35.9216 1
35.924 1
35.9264 1
35.9288 1
35.9312 1
35.9336 1
35.936 1
35.9384 1
35.9408 1
35.9432 1
35.9456 1
35.948 1
35.9504 1
35.9528 1
35.9552 1
35.9576 1
35.96 1
35.9624 1
35.9648 1
35.9672 1
35.9696 1
35.972 1
35.9744 1
35.9769 1
35.9793 1
35.9817 1
35.9841 1
35.9865 1
35.9889 1
35.9913 1
35.9937 1
35.9961 1
35.9985 1
36.0009 1
36.0033 1
36.0057 1
36.0081 1
36.0105 1
36.0129 1
36.0153 1
36.0177 1
36.0201 1
36.0225 1
36.0249 1
36.0273 1
36.0297 1
36.0321 1
36.0345 1
36.0369 1
36.0393 1
36.0417 1
36.0441 1
36.0465 1
36.0489 1
36.0514 1
36.0538 1
36.0562 1
36.0586 1
36.061 1
36.0634 1
36.0658 1
36.0682 1
36.0706 1
36.073 1
36.0754 1
36.0778 1
36.0802 1
36.0826 1
36.085 1
36.0874 1
36.0898 1
36.0922 1
36.0946 1
36.097 1
36.0994 1
36.1018 1
36.1042 1
36.1066 1
36.109 1
36.1114 1
36.1138 1
36.1162 1
36.1186 1
36.121 1
36.1234 1
36.1259 1
36.1283 1
36.1307 1
36.1331 1
36.1355 1
36.1379 1
36.1403 1
36.1427 1
36.1451 1
36.1475 1
36.1499 1
36.1523 1
36.1547 1
36.1571 1
36.1595 1
36.1619 1
36.1643 1
36.1667 1
36.1691 1
36.1715 1
36.1739 1
36.1763 1
36.1787 1
36.1811 1
36.1835 1
36.1859 1
36.1883 1
36.1907 1
36.1931 1
36.1955 1
36.1979 1
36.2004 1
36.2028 1
36.2052 1
36.2076 1
36.21 1
36.2124 1
36.2148 1
36.2172 1
36.2196 1
36.222 1
36.2244 1
36.2268 1
36.2292 1
36.2316 1
36.234 1
36.2364 1
36.2388 1
36.2412 1
36.2436 1
36.246 1
36.2484 1
36.2508 1
36.2532 1
36.2556 1
36.258 1
36.2604 1
36.2628 1
36.2652 1
36.2676 1
36.27 1
36.2724 1
36.2748 1
36.2773 1
36.2797 1
36.2821 1
36.2845 1
36.2869 1
36.2893 1
36.2917 1
36.2941 1
36.2965 1
36.2989 1
36.3013 1
36.3037 1
36.3061 1
36.3085 1
36.3109 1
36.3133 1
36.3157 1
36.3181 1
36.3205 1
36.3229 1
36.3253 1
36.3277 1
36.3301 1
36.3325 1
36.3349 1
36.3373 1
36.3397 1
36.3421 1
36.3445 1
36.3469 1
36.3493 1
36.3518 1
36.3542 1
36.3566 1
36.359 1
36.3614 1
36.3638 1
36.3662 1
36.3686 1
36.371 1
36.3734 1
36.3758 1
36.3782 1
36.3806 1
36.383 1
36.3854 1
36.3878 1
36.3902 1
36.3926 1
36.395 1
36.3974 1
36.3998 1
36.4022 1
36.4046 1
36.407 1
36.4094 1
36.4118 1
36.4142 1
36.4166 1
36.419 1
36.4214 1
36.4238 1
36.4263 1
36.4287 1
36.4311 1
36.4335 1
36.4359 1
36.4383 1
36.4407 1
36.4431 1
36.4455 1
36.4479 1
36.4503 1
36.4527 1
36.4551 1
36.4575 1
36.4599 1
36.4623 1
36.4647 1
36.4671 1
36.4695 1
36.4719 1
36.4743 1
36.4767 1
36.4791 1
36.4815 1
36.4839 1
36.4863 1
36.4887 1
36.4911 1
36.4935 1
36.4959 1
36.4983 1
36.5008 1
36.5032 1
36.5056 1
36.508 1
36.5104 1
36.5128 1
36.5152 1
36.5176 1
36.52 1
36.5224 1
36.5248 1
36.5272 1
36.5296 1
36.532 1
36.5344 1
36.5368 1
36.5392 1
36.5416 1
36.544 1
36.5464 1
36.5488 1
36.5512 1
36.5536 1
36.556 1
36.5584 1
36.5608 1
36.5632 1
36.5656 1
36.568 1
36.5704 1
36.5728 1
36.5752 1
36.5777 1
36.5801 1
36.5825 1
36.5849 1
36.5873 1
36.5897 1
36.5921 1
36.5945 1
36.5969 1
36.5993 1
36.6017 1
36.6041 1
36.6065 1
36.6089 1
36.6113 1
36.6137 1
36.6161 1
36.6185 1
36.6209 1
36.6233 1
36.6257 1
36.6281 1
36.6305 1
36.6329 1
36.6353 1
36.6377 1
36.6401 1
36.6425 1
36.6449 1
36.6473 1
36.6497 1
36.6522 1
36.6546 1
36.657 1
36.6594 1
36.6618 1
36.6642 1
36.6666 1
36.669 1
36.6714 1
36.6738 1
36.6762 1
36.6786 1
36.681 1
36.6834 1
36.6858 1
36.6882 1
36.6906 1
36.693 1
36.6954 1
36.6978 1
36.7002 1
36.7026 1
36.705 1
36.7074 1
36.7098 1
36.7122 1
36.7146 1
36.717 1
36.7194 1
36.7218 1
36.7242 1
36.7267 1
36.7291 1
36.7315 1
36.7339 1
36.7363 1
36.7387 1
36.7411 1
36.7435 1
36.7459 1
36.7483 1
36.7507 1
36.7531 1
36.7555 1
36.7579 1
36.7603 1
36.7627 1
36.7651 1
36.7675 1
36.7699 1
36.7723 1
36.7747 1
36.7771 1
36.7795 1
36.7819 1
36.7843 1
36.7867 1
36.7891 1
36.7915 1
36.7939 1
36.7963 1
36.7987 1
36.8012 1
36.8036 1
36.806 1
36.8084 1
36.8108 1
36.8132 1
36.8156 1
36.818 1
36.8204 1
36.8228 1
36.8252 1
36.8276 1
36.83 1
36.8324 1
36.8348 1
36.8372 1
36.8396 1
36.842 1
36.8444 1
36.8468 1
36.8492 1
36.8516 1
36.854 1
36.8564 1
36.8588 1
36.8612 1
36.8636 1
36.866 1
36.8684 1
36.8708 1
36.8732 1
36.8756 1
36.8781 1
36.8805 1
36.8829 1
36.8853 1
36.8877 1
36.8901 1
36.8925 1
36.8949 1
36.8973 1
36.8997 1
36.9021 1
36.9045 1
36.9069 1
36.9093 1
36.9117 1
36.9141 1
36.9165 1
36.9189 1
36.9213 1
36.9237 1
36.9261 1
36.9285 1
36.9309 1
36.9333 1
36.9357 1
36.9381 1
36.9405 1
36.9429 1
36.9453 1
36.9477 1
36.9501 1
36.9526 1
36.955 1
36.9574 1
36.9598 1
36.9622 1
36.9646 1
36.967 1
36.9694 1
36.9718 1
36.9742 1
36.9766 1
36.979 1
36.9814 1
36.9838 1
36.9862 1
36.9886 1
36.991 1
36.9934 1
36.9958 1
36.9982 1
37.0006 1
37.003 1
37.0054 1
37.0078 1
37.0102 1
37.0126 1
37.015 1
37.0174 1
37.0198 1
37.0222 1
37.0246 1
37.0271 1
37.0295 1
37.0319 1
37.0343 1
37.0367 1
37.0391 1
37.0415 1
37.0439 1
37.0463 1
37.0487 1
37.0511 1
37.0535 1
37.0559 1
37.0583 1
37.0607 1
37.0631 1
37.0655 1
37.0679 1
37.0703 1
37.0727 1
37.0751 1
37.0775 1
37.0799 1
37.0823 1
37.0847 1
37.0871 1
37.0895 1
37.0919 1
37.0943 1
37.0967 1
37.0991 1
37.1016 1
37.104 1
37.1064 1
37.1088 1
37.1112 1
37.1136 1
37.116 1
37.1184 1
37.1208 1
37.1232 1
37.1256 1
37.128 1
37.1304 1
37.1328 1
37.1352 1
37.1376 1
37.14 1
37.1424 1
37.1448 1
37.1472 1
37.1496 1
37.152 1
37.1544 1
37.1568 1
37.1592 1
37.1616 1
37.164 1
37.1664 1
37.1688 1
37.1712 1
37.1736 1
37.176 1
37.1785 1
37.1809 1
37.1833 1
37.1857 1
37.1881 1
37.1905 1
37.1929 1
37.1953 1
37.1977 1
37.2001 1
37.2025 1
37.2049 1
37.2073 1
37.2097 1
37.2121 1
37.2145 1
37.2169 1
37.2193 1
37.2217 1
37.2241 1
37.2265 1
37.2289 1
37.2313 1
37.2337 1
37.2361 1
37.2385 1
37.2409 1
37.2433 1
37.2457 1
37.2481 1
37.2505 1
37.253 1
37.2554 1
37.2578 1
37.2602 1
37.2626 1
37.265 1
37.2674 1
37.2698 1
37.2722 1
37.2746 1
37.277 1
37.2794 1
37.2818 1
37.2842 1
37.2866 1
37.289 1
37.2914 1
37.2938 1
37.2962 1
37.2986 1
37.301 1
37.3034 1
37.3058 1
37.3082 1
37.3106 1
37.313 1
37.3154 1
37.3178 1
37.3202 1
37.3226 1
37.325 1
37.3275 1
37.3299 1
37.3323 1
37.3347 1
37.3371 1
37.3395 1
37.3419 1
37.3443 1
37.3467 1
37.3491 1
37.3515 1
37.3539 1
37.3563 1
37.3587 1
37.3611 1
37.3635 1
37.3659 1
37.3683 1
37.3707 1
37.3731 1
37.3755 1
37.3779 1
37.3803 1
37.3827 1
37.3851 1
37.3875 1
37.3899 1
37.3923 1
37.3947 1
37.3971 1
37.3995 1
37.402 1
37.4044 1
37.4068 1
37.4092 1
37.4116 1
37.414 1
37.4164 1
37.4188 1
37.4212 1
37.4236 1
37.426 1
37.4284 1
37.4308 1
37.4332 1
37.4356 1
37.438 1
37.4404 1
37.4428 1
37.4452 1
37.4476 1
37.45 1
37.4524 1
37.4548 1
37.4572 1
37.4596 1
37.462 1
37.4644 1
37.4668 1
37.4692 1
37.4716 1
37.474 1
37.4764 1
37.4789 1
37.4813 1
37.4837 1
37.4861 1
37.4885 1
37.4909 1
37.4933 1
37.4957 1
37.4981 1
37.5005 1
37.5029 1
37.5053 1
37.5077 1
37.5101 1
37.5125 1
37.5149 1
37.5173 1
37.5197 1
37.5221 1
37.5245 1
37.5269 1
37.5293 1
37.5317 1
37.5341 1
37.5365 1
37.5389 1
37.5413 1
37.5437 1
37.5461 1
37.5485 1
37.5509 1
37.5534 1
37.5558 1
37.5582 1
37.5606 1
37.563 1
37.5654 1
37.5678 1
37.5702 1
37.5726 1
37.575 1
37.5774 1
37.5798 1
37.5822 1
37.5846 1
37.587 1
37.5894 1
37.5918 1
37.5942 1
37.5966 1
37.599 1
37.6014 1
37.6038 1
37.6062 1
37.6086 1
37.611 1
37.6134 1
37.6158 1
37.6182 1
37.6206 1
37.623 1
37.6254 1
37.6279 1
37.6303 1
37.6327 1
37.6351 1
37.6375 1
37.6399 1
37.6423 1
37.6447 1
37.6471 1
37.6495 1
37.6519 1
37.6543 1
37.6567 1
37.6591 1
37.6615 1
37.6639 1
37.6663 1
37.6687 1
37.6711 1
37.6735 1
37.6759 1
37.6783 1
37.6807 1
37.6831 1
37.6855 1
37.6879 1
37.6903 1
37.6927 1
37.6951 1
37.6975 1
37.6999 1
37.7024 1
37.7048 1
37.7072 1
37.7096 1
37.712 1
37.7144 1
37.7168 1
37.7192 1
37.7216 1
37.724 1
37.7264 1
37.7288 1
37.7312 1
37.7336 1
37.736 1
37.7384 1
37.7408 1
37.7432 1
37.7456 1
37.748 1
37.7504 1
37.7528 1
37.7552 1
37.7576 1
37.76 1
37.7624 1
37.7648 1
37.7672 1
37.7696 1
37.772 1
37.7744 1
37.7768 1
37.7793 1
37.7817 1
37.7841 1
37.7865 1
37.7889 1
37.7913 1
37.7937 1
37.7961 1
37.7985 1
37.8009 1
37.8033 1
37.8057 1
37.8081 1
37.8105 1
37.8129 1
37.8153 1
37.8177 1
37.8201 1
37.8225 1
37.8249 1
37.8273 1
37.8297 1
37.8321 1
37.8345 1
37.8369 1
37.8393 1
37.8417 1
37.8441 1
37.8465 1
37.8489 1
37.8513 1
37.8538 1
37.8562 1
37.8586 1
37.861 1
37.8634 1
37.8658 1
37.8682 1
37.8706 1
37.873 1
37.8754 1
37.8778 1
37.8802 1
37.8826 1
37.885 1
37.8874 1
37.8898 1
37.8922 1
37.8946 1
37.897 1
37.8994 1
37.9018 1
37.9042 1
37.9066 1
37.909 1
37.9114 1
37.9138 1
37.9162 1
37.9186 1
37.921 1
37.9234 1
37.9258 1
37.9283 1
37.9307 1
37.9331 1
37.9355 1
37.9379 1
37.9403 1
37.9427 1
37.9451 1
37.9475 1
37.9499 1
37.9523 1
37.9547 1
37.9571 1
37.9595 1
37.9619 1
37.9643 1
37.9667 1
37.9691 1
37.9715 1
37.9739 1
37.9763 1
37.9787 1
37.9811 1
37.9835 1
37.9859 1
37.9883 1
37.9907 1
37.9931 1
37.9955 1
37.9979 1
38.0003 1
38.0028 1
38.0052 1
38.0076 1
38.01 1
38.0124 1
38.0148 1
38.0172 1
38.0196 1
38.022 1
38.0244 1
38.0268 1
38.0292 1
38.0316 1
38.034 1
38.0364 1
38.0388 1
38.0412 1
38.0436 1
38.046 1
38.0484 1
38.0508 1
38.0532 1
38.0556 1
38.058 1
38.0604 1
38.0628 1
38.0652 1
38.0676 1
38.07 1
38.0724 1
38.0748 1
38.0772 1
38.0797 1
38.0821 1
38.0845 1
38.0869 1
38.0893 1
38.0917 1
38.0941 1
38.0965 1
38.0989 1
38.1013 1
38.1037 1
38.1061 1
38.1085 1
38.1109 1
38.1133 1
38.1157 1
38.1181 1
38.1205 1
38.1229 1
38.1253 1
38.1277 1
38.1301 1
38.1325 1
38.1349 1
38.1373 1
38.1397 1
38.1421 1
38.1445 1
38.1469 1
38.1493 1
38.1517 1
38.1542 1
38.1566 1
38.159 1
38.1614 1
38.1638 1
38.1662 1
38.1686 1
38.171 1
38.1734 1
38.1758 1
38.1782 1
38.1806 1
38.183 1
38.1854 1
38.1878 1
38.1902 1
38.1926 1
38.195 1
38.1974 1
38.1998 1
38.2022 1
38.2046 1
38.207 1
38.2094 1
38.2118 1
38.2142 1
38.2166 1
38.219 1
38.2214 1
38.2238 1
38.2262 1
38.2287 1
38.2311 1
38.2335 1
38.2359 1
38.2383 1
38.2407 1
38.2431 1
38.2455 1
38.2479 1
38.2503 1
38.2527 1
38.2551 1
38.2575 1
38.2599 1
38.2623 1
38.2647 1
38.2671 1
38.2695 1
38.2719 1
38.2743 1
38.2767 1
38.2791 1
38.2815 1
38.2839 1
38.2863 1
38.2887 1
38.2911 1
38.2935 1
38.2959 1
38.2983 1
38.3007 1
38.3032 1
38.3056 1
38.308 1
38.3104 1
38.3128 1
38.3152 1
38.3176 1
38.32 1
38.3224 1
38.3248 1
38.3272 1
38.3296 1
38.332 1
38.3344 1
38.3368 1
38.3392 1
38.3416 1
38.344 1
38.3464 1
38.3488 1
38.3512 1
38.3536 1
38.356 1
38.3584 1
38.3608 1
38.3632 1
38.3656 1
38.368 1
38.3704 1
38.3728 1
38.3752 1
38.3776 1
38.3801 1
38.3825 1
38.3849 1
38.3873 1
38.3897 1
38.3921 1
38.3945 1
38.3969 1
38.3993 1
38.4017 1
38.4041 1
38.4065 1
38.4089 1
38.4113 1
38.4137 1
38.4161 1
38.4185 1
38.4209 1
38.4233 1
38.4257 1
38.4281 1
38.4305 1
38.4329 1
38.4353 1
38.4377 1
38.4401 1
38.4425 1
38.4449 1
38.4473 1
38.4497 1
38.4521 1
38.4546 1
38.457 1
38.4594 1
38.4618 1
38.4642 1
38.4666 1
38.469 1
38.4714 1
38.4738 1
38.4762 1
38.4786 1
38.481 1
38.4834 1
38.4858 1
38.4882 1
38.4906 1
38.493 1
38.4954 1
38.4978 1
38.5002 1
38.5026 1
38.505 1
38.5074 1
38.5098 1
38.5122 1
38.5146 1
38.517 1
38.5194 1
38.5218 1
38.5242 1
38.5266 1
38.5291 1
38.5315 1
38.5339 1
38.5363 1
38.5387 1
38.5411 1
38.5435 1
38.5459 1
38.5483 1
38.5507 1
38.5531 1
38.5555 1
38.5579 1
38.5603 1
38.5627 1
38.5651 1
38.5675 1
38.5699 1
38.5723 1
38.5747 1
38.5771 1
38.5795 1
38.5819 1
38.5843 1
38.5867 1
38.5891 1
38.5915 1
38.5939 1
38.5963 1
38.5987 1
38.6011 1
38.6036 1
38.606 1
38.6084 1
38.6108 1
38.6132 1
38.6156 1
38.618 1
38.6204 1
38.6228 1
38.6252 1
38.6276 1
38.63 1
38.6324 1
38.6348 1
38.6372 1
38.6396 1
38.642 1
38.6444 1
38.6468 1
38.6492 1
38.6516 1
38.654 1
38.6564 1
38.6588 1
38.6612 1
38.6636 1
38.666 1
38.6684 1
38.6708 1
38.6732 1
38.6756 1
38.678 1
38.6805 1
38.6829 1
38.6853 1
38.6877 1
38.6901 1
38.6925 1
38.6949 1
38.6973 1
38.6997 1
38.7021 1
38.7045 1
38.7069 1
38.7093 1
38.7117 1
38.7141 1
38.7165 1
38.7189 1
38.7213 1
38.7237 1
38.7261 1
38.7285 1
38.7309 1
38.7333 1
38.7357 1
38.7381 1
38.7405 1
38.7429 1
38.7453 1
38.7477 1
38.7501 1
38.7525 1
38.755 1
38.7574 1
38.7598 1
38.7622 1
38.7646 1
38.767 1
38.7694 1
38.7718 1
38.7742 1
38.7766 1
38.779 1
38.7814 1
38.7838 1
38.7862 1
38.7886 1
38.791 1
38.7934 1
38.7958 1
38.7982 1
38.8006 1
38.803 1
38.8054 1
38.8078 1
38.8102 1
38.8126 1
38.815 1
38.8174 1
38.8198 1
38.8222 1
38.8246 1
38.827 1
38.8295 1
38.8319 1
38.8343 1
38.8367 1
38.8391 1
38.8415 1
38.8439 1
38.8463 1
38.8487 1
38.8511 1
38.8535 1
38.8559 1
38.8583 1
38.8607 1
38.8631 1
38.8655 1
38.8679 1
38.8703 1
38.8727 1
38.8751 1
38.8775 1
38.8799 1
38.8823 1
38.8847 1
38.8871 1
38.8895 1
38.8919 1
38.8943 1
38.8967 1
38.8991 1
38.9015 1
38.904 1
38.9064 1
38.9088 1
38.9112 1
38.9136 1
38.916 1
38.9184 1
38.9208 1
38.9232 1
38.9256 1
38.928 1
38.9304 1
38.9328 1
38.9352 1
38.9376 1
38.94 1
38.9424 1
38.9448 1
38.9472 1
38.9496 1
38.952 1
38.9544 1
38.9568 1
38.9592 1
38.9616 1
38.964 1
38.9664 1
38.9688 1
38.9712 1
38.9736 1
38.976 1
38.9784 1
38.9809 1
38.9833 1
38.9857 1
38.9881 1
38.9905 1
38.9929 1
38.9953 1
38.9977 1
39.0001 1
39.0025 1
39.0049 1
39.0073 1
39.0097 1
39.0121 1
39.0145 1
39.0169 1
39.0193 1
39.0217 1
39.0241 1
39.0265 1
39.0289 1
39.0313 1
39.0337 1
39.0361 1
39.0385 1
39.0409 1
39.0433 1
39.0457 1
39.0481 1
39.0505 1
39.0529 1
39.0554 1
39.0578 1
39.0602 1
39.0626 1
39.065 1
39.0674 1
39.0698 1
39.0722 1
39.0746 1
39.077 1
39.0794 1
39.0818 1
39.0842 1
39.0866 1
39.089 1
39.0914 1
39.0938 1
39.0962 1
39.0986 1
39.101 1
39.1034 1
39.1058 1
39.1082 1
39.1106 1
39.113 1
39.1154 1
39.1178 1
39.1202 1
39.1226 1
39.125 1
39.1274 1
39.1299 1
39.1323 1
39.1347 1
39.1371 1
39.1395 1
39.1419 1
39.1443 1
39.1467 1
39.1491 1
39.1515 1
39.1539 1
39.1563 1
39.1587 1
39.1611 1
39.1635 1
39.1659 1
39.1683 1
39.1707 1
39.1731 1
39.1755 1
39.1779 1
39.1803 1
39.1827 1
39.1851 1
39.1875 1
39.1899 1
39.1923 1
39.1947 1
39.1971 1
39.1995 1
39.2019 1
39.2044 1
39.2068 1
39.2092 1
39.2116 1
39.214 1
39.2164 1
39.2188 1
39.2212 1
39.2236 1
39.226 1
39.2284 1
39.2308 1
39.2332 1
39.2356 1
39.238 1
39.2404 1
39.2428 1
39.2452 1
39.2476 1
39.25 1
39.2524 1
39.2548 1
39.2572 1
39.2596 1
39.262 1
39.2644 1
39.2668 1
39.2692 1
39.2716 1
39.274 1
39.2764 1
39.2788 1
39.2813 1
39.2837 1
39.2861 1
39.2885 1
39.2909 1
39.2933 1
39.2957 1
39.2981 1
39.3005 1
39.3029 1
39.3053 1
39.3077 1
39.3101 1
39.3125 1
39.3149 1
39.3173 1
39.3197 1
39.3221 1
39.3245 1
39.3269 1
39.3293 1
39.3317 1
39.3341 1
39.3365 1
39.3389 1
39.3413 1
39.3437 1
39.3461 1
39.3485 1
39.3509 1
39.3533 1
39.3558 1
39.3582 1
39.3606 1
39.363 1
39.3654 1
39.3678 1
39.3702 1
39.3726 1
39.375 1
39.3774 1
39.3798 1
39.3822 1
39.3846 1
39.387 1
39.3894 1
39.3918 1
39.3942 1
39.3966 1
39.399 1
39.4014 1
39.4038 1
39.4062 1
39.4086 1
39.411 1
39.4134 1
39.4158 1
39.4182 1
39.4206 1
39.423 1
39.4254 1
39.4278 1
39.4303 1
39.4327 1
39.4351 1
39.4375 1
39.4399 1
39.4423 1
39.4447 1
39.4471 1
39.4495 1
39.4519 1
39.4543 1
39.4567 1
39.4591 1
39.4615 1
39.4639 1
39.4663 1
39.4687 1
39.4711 1
39.4735 1
39.4759 1
39.4783 1
39.4807 1
39.4831 1
39.4855 1
39.4879 1
39.4903 1
39.4927 1
39.4951 1
39.4975 1
39.4999 1
39.5023 1
39.5048 1
39.5072 1
39.5096 1
39.512 1
39.5144 1
39.5168 1
39.5192 1
39.5216 1
39.524 1
39.5264 1
39.5288 1
39.5312 1
39.5336 1
39.536 1
39.5384 1
39.5408 1
39.5432 1
39.5456 1
39.548 1
39.5504 1
39.5528 1
39.5552 1
39.5576 1
39.56 1
39.5624 1
39.5648 1
39.5672 1
39.5696 1
39.572 1
39.5744 1
39.5768 1
39.5792 1
39.5817 1
39.5841 1
39.5865 1
39.5889 1
39.5913 1
39.5937 1
39.5961 1
39.5985 1
39.6009 1
39.6033 1
39.6057 1
39.6081 1
39.6105 1
39.6129 1
39.6153 1
39.6177 1
39.6201 1
39.6225 1
39.6249 1
39.6273 1
39.6297 1
39.6321 1
39.6345 1
39.6369 1
39.6393 1
39.6417 1
39.6441 1
39.6465 1
39.6489 1
39.6513 1
39.6537 1
39.6562 1
39.6586 1
39.661 1
39.6634 1
39.6658 1
39.6682 1
39.6706 1
39.673 1
39.6754 1
39.6778 1
39.6802 1
39.6826 1
39.685 1
39.6874 1
39.6898 1
39.6922 1
39.6946 1
39.697 1
39.6994 1
39.7018 1
39.7042 1
39.7066 1
39.709 1
39.7114 1
39.7138 1
39.7162 1
39.7186 1
39.721 1
39.7234 1
39.7258 1
39.7282 1
39.7307 1
39.7331 1
39.7355 1
39.7379 1
39.7403 1
39.7427 1
39.7451 1
39.7475 1
39.7499 1
39.7523 1
39.7547 1
39.7571 1
39.7595 1
39.7619 1
39.7643 1
39.7667 1
39.7691 1
39.7715 1
39.7739 1
39.7763 1
39.7787 1
39.7811 1
39.7835 1
39.7859 1
39.7883 1
39.7907 1
39.7931 1
39.7955 1
39.7979 1
39.8003 1
39.8027 1
39.8052 1
39.8076 1
39.81 1
39.8124 1
39.8148 1
39.8172 1
39.8196 1
39.822 1
39.8244 1
39.8268 1
39.8292 1
39.8316 1
39.834 1
39.8364 1
39.8388 1
39.8412 1
39.8436 1
39.846 1
39.8484 1
39.8508 1
39.8532 1
39.8556 1
39.858 1
39.8604 1
39.8628 1
39.8652 1
39.8676 1
39.87 1
39.8724 1
39.8748 1
39.8772 1
39.8796 1
39.8821 1
39.8845 1
39.8869 1
39.8893 1
39.8917 1
39.8941 1
39.8965 1
39.8989 1
39.9013 1
39.9037 1
39.9061 1
39.9085 1
39.9109 1
39.9133 1
39.9157 1
39.9181 1
39.9205 1
39.9229 1
39.9253 1
39.9277 1
39.9301 1
39.9325 1
39.9349 1
39.9373 1
39.9397 1
39.9421 1
39.9445 1
39.9469 1
39.9493 1
39.9517 1
39.9541 1
39.9566 1
39.959 1
39.9614 1
39.9638 1
39.9662 1
39.9686 1
39.971 1
39.9734 1
39.9758 1
39.9782 1
39.9806 1
39.983 1
39.9854 1
39.9878 1
39.9902 1
39.9926 1
39.995 1
39.9974 1
39.9998 1
40.0022 1
40.0046 1
40.007 1
40.0094 1
40.0118 1
40.0142 1
40.0166 1
40.019 1
40.0214 1
40.0238 1
40.0262 1
40.0286 1
40.0311 1
40.0335 1
40.0359 1
40.0383 1
40.0407 1
40.0431 1
40.0455 1
40.0479 1
40.0503 1
40.0527 1
40.0551 1
40.0575 1
40.0599 1
40.0623 1
40.0647 1
40.0671 1
40.0695 1
40.0719 1
40.0743 1
40.0767 1
40.0791 1
40.0815 1
40.0839 1
40.0863 1
40.0887 1
40.0911 1
40.0935 1
40.0959 1
40.0983 1
40.1007 1
40.1031 1
40.1056 1
40.108 1
40.1104 1
40.1128 1
40.1152 1
40.1176 1
40.12 1
40.1224 1
40.1248 1
40.1272 1
40.1296 1
40.132 1
40.1344 1
40.1368 1
40.1392 1
40.1416 1
40.144 1
40.1464 1
40.1488 1
40.1512 1
40.1536 1
40.156 1
40.1584 1
40.1608 1
40.1632 1
40.1656 1
40.168 1
40.1704 1
40.1728 1
40.1752 1
40.1776 1
40.18 1
40.1825 1
40.1849 1
40.1873 1
40.1897 1
40.1921 1
40.1945 1
40.1969 1
40.1993 1
40.2017 1
40.2041 1
40.2065 1
40.2089 1
40.2113 1
40.2137 1
40.2161 1
40.2185 1
40.2209 1
40.2233 1
40.2257 1
40.2281 1
40.2305 1
40.2329 1
40.2353 1
40.2377 1
40.2401 1
40.2425 1
40.2449 1
40.2473 1
40.2497 1
48.4399 1
48.4399 1
59.0494 1
59.0494 1
59.0494 1
59.0494 1
59.0494 1
59.0494 1
59.0494 1
59.0494 1
59.0495 1
59.0495 1
59.0495 1
59.0495 1
59.0495 1
59.0495 1
59.0495 1
59.0495 1
59.0495 1
59.0496 1
59.0496 1
59.0496 1
59.0496 1
59.0496 1
59.0496 1
59.0496 1
59.0496 1
59.0497 1
59.0497 1
59.0497 1
59.0497 1
59.0497 1
59.0497 1
59.0497 1
59.0497 1
59.0498 1
59.0498 1
59.0498 1
59.0498 1
59.0498 1
59.0498 1
59.0498 1
59.0498 1
59.0498 1
59.0499 1
59.0499 1
59.0499 1
59.0499 1
59.0499 1
59.0499 1
59.0499 1
59.0499 1
59.05 1
59.05 1
59.05 1
59.05 1
59.05 1
59.05 1
59.05 1
59.05 1
59.0501 1
59.0501 1
59.0501 1
59.0501 1
59.0501 1
59.0501 1
59.0501 1
59.0502 1
59.0502 1
59.0502 1
59.0502 1
59.0502 1
59.0502 1
59.0502 1
59.0502 1
59.0502 1
59.0503 1
59.0503 1
59.0503 1
59.0503 1
59.0503 1
59.0503 1
59.0503 1
59.0503 1
59.0504 1
59.0504 1
59.0504 1
59.0504 1
59.0504 1
59.0504 1
59.0504 1
59.0504 1
59.0505 1
59.0505 1
59.0505 1
59.0505 1
59.0505 1
59.0505 1
59.0505 1
59.0505 1
59.0505 1
59.0506 1
59.0506 1
59.0506 1
59.0506 1
59.0506 1
59.0506 1
59.0506 1
59.0506 1
59.0507 1
59.0507 1
59.0507 1
59.0507 1
59.0507 1
59.0507 1
59.0507 1
59.0507 1
59.0508 1
59.0508 1
59.0508 1
59.0508 1
59.0508 1
59.0508 1
59.0508 1
59.0508 1
59.0508 1
59.0509 1
59.0509 1
59.0509 1
59.0509 1
59.0509 1
59.0509 1
59.0509 1
59.0509 1
59.051 1
59.051 1
59.051 1
59.051 1
59.051 1
59.051 1
59.051 1
59.051 1
59.0511 1
59.0511 1
59.0511 1
59.0511 1
59.0511 1
59.0511 1
59.0511 1
59.0511 1
59.0511 1
59.0512 1
59.0512 1
59.0512 1
59.0512 1
59.0512 1
59.0512 1
59.0512 1
59.0512 1
59.0513 1
59.0513 1
59.0513 1
59.0513 1
59.0513 1
59.0513 1
59.0513 1
59.0514 1
59.0514 1
59.0514 1
59.0514 1
59.0514 1
59.0514 1
59.0514 1
59.0514 1
59.0514 1
59.0515 1
59.0515 1
59.0515 1
59.0515 1
59.0515 1
59.0515 1
59.0515 1
59.0515 1
59.0516 1
59.0516 1
59.0516 1
59.0516 1
59.0516 1
59.0516 1
59.0516 1
59.0516 1
59.0517 1
59.0517 1
59.0517 1
59.0517 1
59.0517 1
59.0517 1
59.0517 1
59.0517 1
59.0517 1
59.0518 1
59.0518 1
59.0518 1
59.0518 1
59.0518 1
59.0518 1
59.0518 1
59.0518 1
59.0519 1
59.0519 1
59.0519 1
59.0519 1
59.0519 1
59.0519 1
59.0519 1
59.0519 1
59.052 1
59.052 1
59.052 1
59.052 1
59.052 1
59.052 1
59.052 1
59.052 1
59.052 1
59.0521 1
59.0521 1
59.0521 1
59.0521 1
59.0521 1
59.0521 1
59.0521 1
59.0521 1
59.0522 1
59.0522 1
59.0522 1
59.0522 1
59.0522 1
59.0522 1
59.0522 1
59.0522 1
59.0523 1
59.0523 1
59.0523 1
59.0523 1
59.0523 1
59.0523 1
59.0523 1
59.0523 1
59.0523 1
59.0524 1
59.0524 1
59.0524 1
59.0524 1
59.0524 1
59.0524 1
59.0524 1
59.0524 1
59.0525 1
59.0525 1
59.0525 1
59.0525 1
59.0525 1
59.0525 1
59.0525 1
59.0526 1
59.0526 1
59.0526 1
59.0526 1
59.0526 1
59.0526 1
59.0526 1
59.0526 1
59.0526 1
59.0527 1
59.0527 1
59.0527 1
59.0527 1
59.0527 1
59.0527 1
59.0527 1
59.0527 1
59.0528 1
59.0528 1
59.0528 1
59.0528 1
59.0528 1
59.0528 1
59.0528 1
59.0528 1
59.0529 1
59.0529 1
59.0529 1
59.0529 1
59.0529 1
59.0529 1
59.0529 1
59.0529 1
59.053 1
59.053 1
59.053 1
59.053 1
59.053 1
59.053 1
59.053 1
59.053 1
59.053 1
59.0531 1
59.0531 1
59.0531 1
59.0531 1
59.0531 1
59.0531 1
59.0531 1
59.0531 1
59.0532 1
59.0532 1
59.0532 1
59.0532 1
59.0532 1
59.0532 1
59.0532 1
59.0532 1
59.0533 1
59.0533 1
59.0533 1
59.0533 1
59.0533 1
59.0533 1
59.0533 1
59.0533 1
59.0533 1
59.0534 1
59.0534 1
59.0534 1
59.0534 1
59.0534 1
59.0534 1
59.0534 1
59.0534 1
59.0535 1
59.0535 1
59.0535 1
59.0535 1
59.0535 1
59.0535 1
59.0535 1
59.0535 1
59.0536 1
59.0536 1
59.0536 1
59.0536 1
59.0536 1
59.0536 1
59.0536 1
59.0536 1
59.0536 1
59.0537 1
59.0537 1
59.0537 1
59.0537 1
59.0537 1
59.0537 1
59.0537 1
59.0538 1
59.0538 1
59.0538 1
59.0538 1
59.0538 1
59.0538 1
59.0538 1
59.0538 1
59.0539 1
59.0539 1
59.0539 1
59.0539 1
59.0539 1
59.0539 1
59.0539 1
59.0539 1
59.0539 1
59.054 1
59.054 1
59.054 1
59.054 1
59.054 1
59.054 1
59.054 1
59.054 1
59.0541 1
59.0541 1
59.0541 1
59.0541 1
59.0541 1
59.0541 1
59.0541 1
59.0541 1
59.0542 1
59.0542 1
59.0542 1
59.0542 1
59.0542 1
59.0542 1
59.0542 1
59.0542 1
59.0542 1
59.0543 1
59.0543 1
59.0543 1
59.0543 1
59.0543 1
59.0543 1
59.0543 1
59.0543 1
59.0544 1
59.0544 1
59.0544 1
59.0544 1
59.0544 1
59.0544 1
59.0544 1
59.0544 1
59.0545 1
59.0545 1
59.0545 1
59.0545 1
59.0545 1
59.0545 1
59.0545 1
59.0545 1
59.0545 1
59.0546 1
59.0546 1
59.0546 1
59.0546 1
59.0546 1
59.0546 1
59.0546 1
59.0546 1
59.0547 1
59.0547 1
59.0547 1
59.0547 1
59.0547 1
59.0547 1
59.0547 1
59.0547 1
59.0548 1
59.0548 1
59.0548 1
59.0548 1
59.0548 1
59.0548 1
59.0548 1
59.0548 1
59.0548 1
59.0549 1
59.0549 1
59.0549 1
59.0549 1
59.0549 1
59.0549 1
59.0549 1
59.055 1
59.055 1
59.055 1
59.055 1
59.055 1
59.055 1
59.055 1
59.055 1
59.0551 1
59.0551 1
59.0551 1
59.0551 1
59.0551 1
59.0551 1
59.0551 1
59.0551 1
59.0551 1
59.0552 1
59.0552 1
59.0552 1
59.0552 1
59.0552 1
59.0552 1
59.0552 1
59.0552 1
59.0553 1
59.0553 1
59.0553 1
59.0553 1
59.0553 1
59.0553 1
59.0553 1
59.0553 1
59.0554 1
59.0554 1
59.0554 1
59.0554 1
59.0554 1
59.0554 1
59.0554 1
59.0554 1
59.0554 1
59.0555 1
59.0555 1
59.0555 1
59.0555 1
59.0555 1
59.0555 1
59.0555 1
59.0555 1
59.0556 1
59.0556 1
59.0556 1
59.0556 1
59.0556 1
59.0556 1
59.0556 1
59.0556 1
59.0557 1
59.0557 1
59.0557 1
59.0557 1
59.0557 1
59.0557 1
59.0557 1
59.0557 1
59.0557 1
59.0558 1
59.0558 1
59.0558 1
59.0558 1
59.0558 1
59.0558 1
59.0558 1
59.0558 1
59.0559 1
59.0559 1
59.0559 1
59.0559 1
59.0559 1
59.0559 1
59.0559 1
59.0559 1
59.056 1
59.056 1
59.056 1
59.056 1
59.056 1
59.056 1
59.056 1
59.056 1
59.0561 1
59.0561 1
59.0561 1
59.0561 1
59.0561 1
59.0561 1
59.0561 1
59.0561 1
59.0562 1
59.0562 1
59.0562 1
59.0562 1
59.0562 1
59.0562 1
59.0562 1
59.0562 1
59.0563 1
59.0563 1
59.0563 1
59.0563 1
59.0563 1
59.0563 1
59.0563 1
59.0563 1
59.0564 1
59.0564 1
59.0564 1
59.0564 1
59.0564 1
59.0564 1
59.0564 1
59.0564 1
59.0564 1
59.0565 1
59.0565 1
59.0565 1
59.0565 1
59.0565 1
59.0565 1
59.0565 1
59.0565 1
59.0566 1
59.0566 1
59.0566 1
59.0566 1
59.0566 1
59.0566 1
59.0566 1
59.0566 1
59.0567 1
59.0567 1
59.0567 1
59.0567 1
59.0567 1
59.0567 1
59.0567 1
59.0567 1
59.0567 1
59.0568 1
59.0568 1
59.0568 1
59.0568 1
59.0568 1
59.0568 1
59.0568 1
59.0568 1
59.0569 1
59.0569 1
59.0569 1
59.0569 1
59.0569 1
59.0569 1
59.0569 1
59.0569 1
59.057 1
59.057 1
59.057 1
59.057 1
59.057 1
59.057 1
59.057 1
59.057 1
59.057 1
59.0571 1
59.0571 1
59.0571 1
59.0571 1
59.0571 1
59.0571 1
59.0571 1
59.0571 1
59.0572 1
59.0572 1
59.0572 1
59.0572 1
59.0572 1
59.0572 1
59.0572 1
59.0572 1
59.0573 1
59.0573 1
59.0573 1
59.0573 1
59.0573 1
59.0573 1
59.0573 1
59.0573 1
59.0574 1
59.0574 1
59.0574 1
59.0574 1
59.0574 1
59.0574 1
59.0574 1
59.0574 1
59.0575 1
59.0575 1
59.0575 1
59.0575 1
59.0575 1
59.0575 1
59.0575 1
59.0575 1
59.0576 1
59.0576 1
59.0576 1
59.0576 1
59.0576 1
59.0576 1
59.0576 1
59.0576 1
59.0576 1
59.0577 1
59.0577 1
59.0577 1
59.0577 1
59.0577 1
59.0577 1
59.0577 1
59.0577 1
59.0578 1
59.0578 1
59.0578 1
59.0578 1
59.0578 1
59.0578 1
59.0578 1
59.0578 1
59.0579 1
59.0579 1
59.0579 1
59.0579 1
59.0579 1
59.0579 1
59.0579 1
59.0579 1
59.0579 1
59.058 1
59.058 1
59.058 1
59.058 1
59.058 1
59.058 1
59.058 1
59.058 1
59.0581 1
59.0581 1
59.0581 1
59.0581 1
59.0581 1
59.0581 1
59.0581 1
59.0581 1
59.0582 1
59.0582 1
59.0582 1
59.0582 1
59.0582 1
59.0582 1
59.0582 1
59.0582 1
59.0582 1
59.0583 1
59.0583 1
59.0583 1
59.0583 1
59.0583 1
59.0583 1
59.0583 1
59.0583 1
59.0584 1
59.0584 1
59.0584 1
59.0584 1
59.0584 1
59.0584 1
59.0584 1
59.0584 1
59.0585 1
59.0585 1
59.0585 1
59.0585 1
59.0585 1
59.0585 1
59.0585 1
59.0585 1
59.0586 1
59.0586 1
59.0586 1
59.0586 1
59.0586 1
59.0586 1
59.0586 1
59.0586 1
59.0587 1
59.0587 1
59.0587 1
59.0587 1
59.0587 1
59.0587 1
59.0587 1
59.0587 1
59.0588 1
59.0588 1
59.0588 1
59.0588 1
59.0588 1
59.0588 1
59.0588 1
59.0588 1
59.0588 1
59.0589 1
59.0589 1
59.0589 1
59.0589 1
59.0589 1
59.0589 1
59.0589 1
59.0589 1
59.059 1
59.059 1
59.059 1
59.059 1
59.059 1
59.059 1
59.059 1
59.059 1
59.0591 1
59.0591 1
59.0591 1
59.0591 1
59.0591 1
59.0591 1
59.0591 1
59.0591 1
59.0592 1
59.0592 1
59.0592 1
59.0592 1
59.0592 1
59.0592 1
59.0592 1
59.0592 1
59.0592 1
59.0593 1
59.0593 1
59.0593 1
59.0593 1
59.0593 1
59.0593 1
59.0593 1
59.0593 1
59.0594 1
59.0594 1
59.0594 1
59.0594 1
59.0594 1
59.0594 1
59.0594 1
59.0594 1
59.0595 1
59.0595 1
59.0595 1
59.0595 1
59.0595 1
59.0595 1
59.0595 1
59.0595 1
59.0595 1
59.0596 1
59.0596 1
59.0596 1
59.0596 1
59.0596 1
59.0596 1
59.0596 1
59.0596 1
59.0597 1
59.0597 1
59.0597 1
59.0597 1
59.0597 1
59.0597 1
59.0597 1
59.0598 1
59.0598 1
59.0598 1
59.0598 1
59.0598 1
59.0598 1
59.0598 1
59.0598 1
59.0598 1
59.0599 1
59.0599 1
59.0599 1
59.0599 1
59.0599 1
59.0599 1
59.0599 1
59.0599 1
59.06 1
59.06 1
59.06 1
59.06 1
59.06 1
59.06 1
59.06 1
59.06 1
59.0601 1
59.0601 1
59.0601 1
59.0601 1
59.0601 1
59.0601 1
59.0601 1
59.0601 1
59.0601 1
59.0602 1
59.0602 1
59.0602 1
59.0602 1
59.0602 1
59.0602 1
59.0602 1
59.0602 1
59.0603 1
59.0603 1
59.0603 1
59.0603 1
59.0603 1
59.0603 1
59.0603 1
59.0603 1
59.0604 1
59.0604 1
59.0604 1
59.0604 1
59.0604 1
59.0604 1
59.0604 1
59.0604 1
59.0604 1
59.0605 1
59.0605 1
59.0605 1
59.0605 1
59.0605 1
59.0605 1
59.0605 1
59.0605 1
59.0606 1
59.0606 1
59.0606 1
59.0606 1
59.0606 1
59.0606 1
59.0606 1
59.0606 1
59.0607 1
59.0607 1
59.0607 1
59.0607 1
59.0607 1
59.0607 1
59.0607 1
59.0607 1
59.0607 1
59.0608 1
59.0608 1
59.0608 1
59.0608 1
59.0608 1
59.0608 1
59.0608 1
59.0608 1
59.0609 1
59.0609 1
59.0609 1
59.0609 1
59.0609 1
59.0609 1
59.0609 1
59.061 1
59.061 1
59.061 1
59.061 1
59.061 1
59.061 1
59.061 1
59.061 1
59.061 1
59.0611 1
59.0611 1
59.0611 1
59.0611 1
59.0611 1
59.0611 1
59.0611 1
59.0611 1
59.0612 1
59.0612 1
59.0612 1
59.0612 1
59.0612 1
59.0612 1
59.0612 1
59.0612 1
59.0613 1
59.0613 1
59.0613 1
59.0613 1
59.0613 1
59.0613 1
59.0613 1
59.0613 1
59.0613 1
59.0614 1
59.0614 1
59.0614 1
59.0614 1
59.0614 1
59.0614 1
59.0614 1
59.0614 1
59.0615 1
59.0615 1
59.0615 1
59.0615 1
59.0615 1
59.0615 1
59.0615 1
59.0615 1
59.0616 1
59.0616 1
59.0616 1
59.0616 1
59.0616 1
59.0616 1
59.0616 1
59.0616 1
59.0616 1
59.0617 1
59.0617 1
59.0617 1
59.0617 1
59.0617 1
59.0617 1
59.0617 1
59.0617 1
59.0618 1
59.0618 1
59.0618 1
59.0618 1
59.0618 1
59.0618 1
59.0618 1
59.0618 1
59.0619 1
59.0619 1
59.0619 1
59.0619 1
59.0619 1
59.0619 1
59.0619 1
59.0619 1
59.062 1
59.062 1
59.062 1
59.062 1
59.062 1
59.062 1
59.062 1
59.062 1
59.062 1
59.0621 1
59.0621 1
59.0621 1
59.0621 1
59.0621 1
59.0621 1
59.0621 1
59.0622 1
59.0622 1
59.0622 1
59.0622 1
59.0622 1
59.0622 1
59.0622 1
59.0622 1
59.0623 1
59.0623 1
59.0623 1
59.0623 1
59.0623 1
59.0623 1
59.0623 1
59.0623 1
59.0623 1
59.0624 1
59.0624 1
59.0624 1
59.0624 1
59.0624 1
59.0624 1
59.0624 1
59.0624 1
59.0625 1
59.0625 1
59.0625 1
59.0625 1
59.0625 1
59.0625 1
59.0625 1
59.0625 1
59.0626 1
59.0626 1
59.0626 1
59.0626 1
59.0626 1
59.0626 1
59.0626 1
59.0626 1
59.0626 1
59.0627 1
59.0627 1
59.0627 1
59.0627 1
59.0627 1
59.0627 1
59.0627 1
59.0627 1
59.0628 1
59.0628 1
59.0628 1
59.0628 1
59.0628 1
59.0628 1
59.0628 1
59.0628 1
59.0629 1
59.0629 1
59.0629 1
59.0629 1
59.0629 1
59.0629 1
59.0629 1
59.0629 1
59.0629 1
59.063 1
59.063 1
59.063 1
59.063 1
59.063 1
59.063 1
59.063 1
59.063 1
59.0631 1
59.0631 1
59.0631 1
59.0631 1
59.0631 1
59.0631 1
59.0631 1
59.0631 1
59.0632 1
59.0632 1
59.0632 1
59.0632 1
59.0632 1
59.0632 1
59.0632 1
59.0632 1
59.0632 1
59.0633 1
59.0633 1
59.0633 1
59.0633 1
59.0633 1
59.0633 1
59.0633 1
59.0634 1
59.0634 1
59.0634 1
59.0634 1
59.0634 1
59.0634 1
59.0634 1
59.0634 1
59.0635 1
59.0635 1
59.0635 1
59.0635 1
59.0635 1
59.0635 1
59.0635 1
59.0635 1
59.0635 1
59.0636 1
59.0636 1
59.0636 1
59.0636 1
59.0636 1
59.0636 1
59.0636 1
59.0636 1
59.0637 1
59.0637 1
59.0637 1
59.0637 1
59.0637 1
59.0637 1
59.0637 1
59.0637 1
59.0638 1
59.0638 1
59.0638 1
59.0638 1
59.0638 1
59.0638 1
59.0638 1
59.0638 1
59.0638 1
59.0639 1
59.0639 1
59.0639 1
59.0639 1
59.0639 1
59.0639 1
59.0639 1
59.0639 1
59.064 1
59.064 1
59.064 1
59.064 1
59.064 1
59.064 1
59.064 1
59.064 1
59.0641 1
59.0641 1
59.0641 1
59.0641 1
59.0641 1
59.0641 1
59.0641 1
59.0641 1
59.0641 1
59.0642 1
59.0642 1
59.0642 1
59.0642 1
59.0642 1
59.0642 1
59.0642 1
59.0642 1
59.0643 1
59.0643 1
59.0643 1
59.0643 1
59.0643 1
59.0643 1
59.0643 1
59.0643 1
59.0644 1
59.0644 1
59.0644 1
59.0644 1
59.0644 1
59.0644 1
59.0644 1
59.0644 1
59.0644 1
59.0645 1
59.0645 1
59.0645 1
59.0645 1
59.0645 1
59.0645 1
59.0645 1
59.0646 1
59.0646 1
59.0646 1
59.0646 1
59.0646 1
59.0646 1
59.0646 1
59.0646 1
59.0647 1
59.0647 1
59.0647 1
59.0647 1
59.0647 1
59.0647 1
59.0647 1
59.0647 1
59.0647 1
59.0648 1
59.0648 1
59.0648 1
59.0648 1
59.0648 1
59.0648 1
59.0648 1
59.0648 1
59.0649 1
59.0649 1
59.0649 1
59.0649 1
59.0649 1
59.0649 1
59.0649 1
59.0649 1
59.065 1
59.065 1
59.065 1
59.065 1
59.065 1
59.065 1
59.065 1
59.065 1
59.0651 1
59.0651 1
59.0651 1
59.0651 1
59.0651 1
59.0651 1
59.0651 1
59.0651 1
59.0651 1
59.0652 1
59.0652 1
59.0652 1
59.0652 1
59.0652 1
59.0652 1
59.0652 1
59.0652 1
59.0653 1
59.0653 1
59.0653 1
59.0653 1
59.0653 1
59.0653 1
59.0653 1
59.0653 1
59.0654 1
59.0654 1
59.0654 1
59.0654 1
59.0654 1
59.0654 1
59.0654 1
59.0654 1
59.0654 1
59.0655 1
59.0655 1
59.0655 1
59.0655 1
59.0655 1
59.0655 1
59.0655 1
59.0655 1
59.0656 1
59.0656 1
59.0656 1
59.0656 1
59.0656 1
59.0656 1
59.0656 1
59.0656 1
59.0657 1
59.0657 1
59.0657 1
59.0657 1
59.0657 1
59.0657 1
59.0657 1
59.0657 1
59.0658 1
59.0658 1
59.0658 1
59.0658 1
59.0658 1
59.0658 1
59.0658 1
59.0658 1
