31.6516 1
31.654 1
31.6564 1
31.6588 1
31.6612 1
31.6636 1
31.666 1
31.6684 1
31.6708 1
31.6732 1
31.6756 1
31.678 1
31.6804 1
31.6829 1
31.6853 1
31.6877 1
31.6901 1
31.6925 1
31.6949 1
31.6973 1
31.6997 1
31.7021 1
31.7045 1
31.7069 1
31.7093 1
31.7117 1
31.7141 1
31.7165 1
31.7189 1
31.7213 1
31.7237 1
31.7261 1
31.7285 1
31.7309 1
31.7333 1
31.7357 1
31.7381 1
31.7405 1
31.7429 1
31.7453 1
31.7477 1
31.7501 1
31.7525 1
31.7549 1
31.7574 1
31.7598 1
31.7622 1
31.7646 1
31.767 1
31.7694 1
31.7718 1
31.7742 1
31.7766 1
31.779 1
31.7814 1
31.7838 1
31.7862 1
31.7886 1
31.791 1
31.7934 1
31.7958 1
31.7982 1
31.8006 1
31.803 1
31.8054 1
31.8078 1
31.8102 1
31.8126 1
31.815 1
31.8174 1
31.8198 1
31.8222 1
31.8246 1
31.827 1
31.8294 1
31.8319 1
31.8343 1
31.8367 1
31.8391 1
31.8415 1
31.8439 1
31.8463 1
31.8487 1
31.8511 1
31.8535 1
31.8559 1
31.8583 1
31.8607 1
31.8631 1
31.8655 1
31.8679 1
31.8703 1
31.8727 1
31.8751 1
31.8775 1
31.8799 1
31.8823 1
31.8847 1
31.8871 1
31.8895 1
31.8919 1
31.8943 1
31.8967 1
31.8991 1
31.9015 1
31.9039 1
31.9064 1
31.9088 1
31.9112 1
31.9136 1
31.916 1
31.9184 1
31.9208 1
31.9232 1
31.9256 1
31.928 1
31.9304 1
31.9328 1
31.9352 1
31.9376 1
31.94 1
31.9424 1
31.9448 1
31.9472 1
31.9496 1
31.952 1
31.9544 1
31.9568 1
31.9592 1
31.9616 1
31.964 1
31.9664 1
31.9688 1
31.9712 1
31.9736 1
31.976 1
31.9784 1
31.9808 1
31.9833 1
31.9857 1
31.9881 1
31.9905 1
31.9929 1
31.9953 1
31.9977 1
32.0001 1
32.0025 1
32.0049 1
32.0073 1
32.0097 1
32.0121 1
32.0145 1
32.0169 1
32.0193 1
32.0217 1
32.0241 1
32.0265 1
32.0289 1
32.0313 1
32.0337 1
32.0361 1
32.0385 1
32.0409 1
32.0433 1
32.0457 1
32.0481 1
32.0505 1
32.0529 1
32.0553 1
32.0578 1
32.0602 1
32.0626 1
32.065 1
32.0674 1
32.0698 1
32.0722 1
32.0746 1
32.077 1
32.0794 1
32.0818 1
32.0842 1
32.0866 1
32.089 1
32.0914 1
32.0938 1
32.0962 1
32.0986 1
32.101 1
32.1034 1
32.1058 1
32.1082 1
32.1106 1
32.113 1
32.1154 1
32.1178 1
32.1202 1
32.1226 1
32.125 1
32.1274 1
32.1298 1
32.1323 1
32.1347 1
32.1371 1
32.1395 1
32.1419 1
32.1443 1
32.1467 1
32.1491 1
32.1515 1
32.1539 1
32.1563 1
32.1587 1
32.1611 1
32.1635 1
32.1659 1
32.1683 1
32.1707 1
32.1731 1
32.1755 1
32.1779 1
32.1803 1
32.1827 1
32.1851 1
32.1875 1
32.1899 1
32.1923 1
32.1947 1
32.1971 1
32.1995 1
32.2019 1
32.2043 1
32.2068 1
32.2092 1
32.2116 1
32.214 1
32.2164 1
32.2188 1
32.2212 1
32.2236 1
32.226 1
32.2284 1
32.2308 1
32.2332 1
32.2356 1
32.238 1
32.2404 1
32.2428 1
32.2452 1
32.2476 1
32.25 1
32.2524 1
32.2548 1
32.2572 1
32.2596 1
32.262 1
32.2644 1
32.2668 1
32.2692 1
32.2716 1
32.274 1
32.2764 1
32.2788 1
32.2812 1
32.2837 1
32.2861 1
32.2885 1
32.2909 1
32.2933 1
32.2957 1
32.2981 1
32.3005 1
32.3029 1
32.3053 1
32.3077 1
32.3101 1
32.3125 1
32.3149 1
32.3173 1
32.3197 1
32.3221 1
32.3245 1
32.3269 1
32.3293 1
32.3317 1
32.3341 1
32.3365 1
32.3389 1
32.3413 1
32.3437 1
32.3461 1
32.3485 1
32.3509 1
32.3533 1
32.3557 1
32.3582 1
32.3606 1
32.363 1
32.3654 1
32.3678 1
32.3702 1
32.3726 1
32.375 1
32.3774 1
32.3798 1
32.3822 1
32.3846 1
32.387 1
32.3894 1
32.3918 1
32.3942 1
32.3966 1
32.399 1
32.4014 1
32.4038 1
32.4062 1
32.4086 1
32.411 1
32.4134 1
32.4158 1
32.4182 1
32.4206 1
32.423 1
32.4254 1
32.4278 1
32.4302 1
32.4327 1
32.4351 1
32.4375 1
32.4399 1
32.4423 1
32.4447 1
32.4471 1
32.4495 1
32.4519 1
32.4543 1
32.4567 1
32.4591 1
32.4615 1
32.4639 1
32.4663 1
32.4687 1
32.4711 1
32.4735 1
32.4759 1
32.4783 1
32.4807 1
32.4831 1
32.4855 1
32.4879 1
32.4903 1
32.4927 1
32.4951 1
32.4975 1
32.4999 1
32.5023 1
32.5047 1
32.5072 1
32.5096 1
32.512 1
32.5144 1
32.5168 1
32.5192 1
32.5216 1
32.524 1
32.5264 1
32.5288 1
32.5312 1
32.5336 1
32.536 1
32.5384 1
32.5408 1
32.5432 1
32.5456 1
32.548 1
32.5504 1
32.5528 1
32.5552 1
32.5576 1
32.56 1
32.5624 1
32.5648 1
32.5672 1
32.5696 1
32.572 1
32.5744 1
32.5768 1
32.5792 1
32.5816 1
32.5841 1
32.5865 1
32.5889 1
32.5913 1
32.5937 1
32.5961 1
32.5985 1
32.6009 1
32.6033 1
32.6057 1
32.6081 1
32.6105 1
32.6129 1
32.6153 1
32.6177 1
32.6201 1
32.6225 1
32.6249 1
32.6273 1
32.6297 1
32.6321 1
32.6345 1
32.6369 1
32.6393 1
32.6417 1
32.6441 1
32.6465 1
32.6489 1
32.6513 1
32.6537 1
32.6561 1
32.6586 1
32.661 1
32.6634 1
32.6658 1
32.6682 1
32.6706 1
32.673 1
32.6754 1
32.6778 1
32.6802 1
32.6826 1
32.685 1
32.6874 1
32.6898 1
32.6922 1
32.6946 1
32.697 1
32.6994 1
32.7018 1
32.7042 1
32.7066 1
32.709 1
32.7114 1
32.7138 1
32.7162 1
32.7186 1
32.721 1
32.7234 1
32.7258 1
32.7282 1
32.7306 1
32.7331 1
32.7355 1
32.7379 1
32.7403 1
32.7427 1
32.7451 1
32.7475 1
32.7499 1
32.7523 1
32.7547 1
32.7571 1
32.7595 1
32.7619 1
32.7643 1
32.7667 1
32.7691 1
32.7715 1
32.7739 1
32.7763 1
32.7787 1
32.7811 1
32.7835 1
32.7859 1
32.7883 1
32.7907 1
32.7931 1
32.7955 1
32.7979 1
32.8003 1
32.8027 1
32.8051 1
32.8076 1
32.81 1
32.8124 1
32.8148 1
32.8172 1
32.8196 1
32.822 1
32.8244 1
32.8268 1
32.8292 1
32.8316 1
32.834 1
32.8364 1
32.8388 1
32.8412 1
32.8436 1
32.846 1
32.8484 1
32.8508 1
32.8532 1
32.8556 1
32.858 1
32.8604 1
32.8628 1
32.8652 1
32.8676 1
32.87 1
32.8724 1
32.8748 1
32.8772 1
32.8796 1
32.882 1
32.8845 1
32.8869 1
32.8893 1
32.8917 1
32.8941 1
32.8965 1
32.8989 1
32.9013 1
32.9037 1
32.9061 1
32.9085 1
32.9109 1
32.9133 1
32.9157 1
32.9181 1
32.9205 1
32.9229 1
32.9253 1
32.9277 1
32.9301 1
32.9325 1
32.9349 1
32.9373 1
32.9397 1
32.9421 1
32.9445 1
32.9469 1
32.9493 1
32.9517 1
32.9541 1
32.9565 1
32.959 1
32.9614 1
32.9638 1
32.9662 1
32.9686 1
32.971 1
32.9734 1
32.9758 1
32.9782 1
32.9806 1
32.983 1
32.9854 1
32.9878 1
32.9902 1
32.9926 1
32.995 1
32.9974 1
32.9998 1
33.0022 1
33.0046 1
33.007 1
33.0094 1
33.0118 1
33.0142 1
33.0166 1
33.019 1
33.0214 1
33.0238 1
33.0262 1
33.0286 1
33.031 1
33.0335 1
33.0359 1
33.0383 1
33.0407 1
33.0431 1
33.0455 1
33.0479 1
33.0503 1
33.0527 1
33.0551 1
33.0575 1
33.0599 1
33.0623 1
33.0647 1
33.0671 1
33.0695 1
33.0719 1
33.0743 1
33.0767 1
33.0791 1
33.0815 1
33.0839 1
33.0863 1
33.0887 1
33.0911 1
33.0935 1
33.0959 1
33.0983 1
33.1007 1
33.1031 1
33.1055 1
33.108 1
33.1104 1
33.1128 1
33.1152 1
33.1176 1
33.12 1
33.1224 1
33.1248 1
33.1272 1
33.1296 1
33.132 1
33.1344 1
33.1368 1
33.1392 1
33.1416 1
33.144 1
33.1464 1
33.1488 1
33.1512 1
33.1536 1
33.156 1
33.1584 1
33.1608 1
33.1632 1
33.1656 1
33.168 1
33.1704 1
33.1728 1
33.1752 1
33.1776 1
33.18 1
33.1824 1
33.1849 1
33.1873 1
33.1897 1
33.1921 1
33.1945 1
33.1969 1
33.1993 1
33.2017 1
33.2041 1
33.2065 1
33.2089 1
33.2113 1
33.2137 1
33.2161 1
33.2185 1
33.2209 1
33.2233 1
33.2257 1
33.2281 1
33.2305 1
33.2329 1
33.2353 1
33.2377 1
33.2401 1
33.2425 1
33.2449 1
33.2473 1
33.2497 1
33.2521 1
33.2545 1
33.2569 1
33.2594 1
33.2618 1
33.2642 1
33.2666 1
33.269 1
33.2714 1
33.2738 1
33.2762 1
33.2786 1
33.281 1
33.2834 1
33.2858 1
33.2882 1
33.2906 1
33.293 1
33.2954 1
33.2978 1
33.3002 1
33.3026 1
33.305 1
33.3074 1
33.3098 1
33.3122 1
33.3146 1
33.317 1
33.3194 1
33.3218 1
33.3242 1
33.3266 1
33.329 1
33.3314 1
33.3339 1
33.3363 1
33.3387 1
33.3411 1
33.3435 1
33.3459 1
33.3483 1
33.3507 1
33.3531 1
33.3555 1
33.3579 1
33.3603 1
33.3627 1
33.3651 1
33.3675 1
33.3699 1
33.3723 1
33.3747 1
33.3771 1
33.3795 1
33.3819 1
33.3843 1
33.3867 1
33.3891 1
33.3915 1
33.3939 1
33.3963 1
33.3987 1
33.4011 1
33.4035 1
33.4059 1
33.4084 1
33.4108 1
33.4132 1
33.4156 1
33.418 1
33.4204 1
33.4228 1
33.4252 1
33.4276 1
33.43 1
33.4324 1
33.4348 1
33.4372 1
33.4396 1
33.442 1
33.4444 1
33.4468 1
33.4492 1
33.4516 1
33.454 1
33.4564 1
33.4588 1
33.4612 1
33.4636 1
33.466 1
33.4684 1
33.4708 1
33.4732 1
33.4756 1
33.478 1
33.4804 1
33.4828 1
33.4853 1
33.4877 1
33.4901 1
33.4925 1
33.4949 1
33.4973 1
33.4997 1
33.5021 1
33.5045 1
33.5069 1
33.5093 1
33.5117 1
33.5141 1
33.5165 1
33.5189 1
33.5213 1
33.5237 1
33.5261 1
33.5285 1
33.5309 1
33.5333 1
33.5357 1
33.5381 1
33.5405 1
33.5429 1
33.5453 1
33.5477 1
33.5501 1
33.5525 1
33.5549 1
33.5573 1
33.5598 1
33.5622 1
33.5646 1
33.567 1
33.5694 1
33.5718 1
33.5742 1
33.5766 1
33.579 1
33.5814 1
33.5838 1
33.5862 1
33.5886 1
33.591 1
33.5934 1
33.5958 1
33.5982 1
33.6006 1
33.603 1
33.6054 1
33.6078 1
33.6102 1
33.6126 1
33.615 1
33.6174 1
33.6198 1
33.6222 1
33.6246 1
33.627 1
33.6294 1
33.6318 1
33.6343 1
33.6367 1
33.6391 1
33.6415 1
33.6439 1
33.6463 1
33.6487 1
33.6511 1
33.6535 1
33.6559 1
33.6583 1
33.6607 1
33.6631 1
33.6655 1
33.6679 1
33.6703 1
33.6727 1
33.6751 1
33.6775 1
33.6799 1
33.6823 1
33.6847 1
33.6871 1
33.6895 1
33.6919 1
33.6943 1
33.6967 1
33.6991 1
33.7015 1
33.7039 1
33.7063 1
33.7088 1
33.7112 1
33.7136 1
33.716 1
33.7184 1
33.7208 1
33.7232 1
33.7256 1
33.728 1
33.7304 1
33.7328 1
33.7352 1
33.7376 1
33.74 1
33.7424 1
33.7448 1
33.7472 1
33.7496 1
33.752 1
33.7544 1
33.7568 1
33.7592 1
33.7616 1
33.764 1
33.7664 1
33.7688 1
33.7712 1
33.7736 1
33.776 1
33.7784 1
33.7808 1
33.7832 1
33.7857 1
33.7881 1
33.7905 1
33.7929 1
33.7953 1
33.7977 1
33.8001 1
33.8025 1
33.8049 1
33.8073 1
33.8097 1
33.8121 1
33.8145 1
33.8169 1
33.8193 1
33.8217 1
33.8241 1
33.8265 1
33.8289 1
33.8313 1
33.8337 1
33.8361 1
33.8385 1
33.8409 1
33.8433 1
33.8457 1
33.8481 1
33.8505 1
33.8529 1
33.8553 1
33.8577 1
33.8602 1
33.8626 1
33.865 1
33.8674 1
33.8698 1
33.8722 1
33.8746 1
33.877 1
33.8794 1
33.8818 1
33.8842 1
33.8866 1
33.889 1
33.8914 1
33.8938 1
33.8962 1
33.8986 1
33.901 1
33.9034 1
33.9058 1
33.9082 1
33.9106 1
33.913 1
33.9154 1
33.9178 1
33.9202 1
33.9226 1
33.925 1
33.9274 1
33.9298 1
33.9322 1
33.9347 1
33.9371 1
33.9395 1
33.9419 1
33.9443 1
33.9467 1
33.9491 1
33.9515 1
33.9539 1
33.9563 1
33.9587 1
33.9611 1
33.9635 1
33.9659 1
33.9683 1
33.9707 1
33.9731 1
33.9755 1
33.9779 1
33.9803 1
33.9827 1
33.9851 1
33.9875 1
33.9899 1
33.9923 1
33.9947 1
33.9971 1
33.9995 1
34.0019 1
34.0043 1
34.0067 1
34.0092 1
34.0116 1
34.014 1
34.0164 1
34.0188 1
34.0212 1
34.0236 1
34.026 1
34.0284 1
34.0308 1
34.0332 1
34.0356 1
34.038 1
34.0404 1
34.0428 1
34.0452 1
34.0476 1
34.05 1
34.0524 1
34.0548 1
34.0572 1
34.0596 1
34.062 1
34.0644 1
34.0668 1
34.0692 1
34.0716 1
34.074 1
34.0764 1
34.0788 1
34.0812 1
34.0836 1
34.0861 1
34.0885 1
34.0909 1
34.0933 1
34.0957 1
34.0981 1
34.1005 1
34.1029 1
34.1053 1
34.1077 1
34.1101 1
34.1125 1
34.1149 1
34.1173 1
34.1197 1
34.1221 1
34.1245 1
34.1269 1
34.1293 1
34.1317 1
34.1341 1
34.1365 1
34.1389 1
34.1413 1
34.1437 1
34.1461 1
34.1485 1
34.1509 1
34.1533 1
34.1557 1
34.1581 1
34.1606 1
34.163 1
34.1654 1
34.1678 1
34.1702 1
34.1726 1
34.175 1
34.1774 1
34.1798 1
34.1822 1
34.1846 1
34.187 1
34.1894 1
34.1918 1
34.1942 1
34.1966 1
34.199 1
34.2014 1
34.2038 1
34.2062 1
34.2086 1
34.211 1
34.2134 1
34.2158 1
34.2182 1
34.2206 1
34.223 1
34.2254 1
34.2278 1
34.2302 1
34.2326 1
34.2351 1
34.2375 1
34.2399 1
34.2423 1
34.2447 1
34.2471 1
34.2495 1
34.2519 1
34.2543 1
34.2567 1
34.2591 1
34.2615 1
34.2639 1
34.2663 1
34.2687 1
34.2711 1
34.2735 1
34.2759 1
34.2783 1
34.2807 1
34.2831 1
34.2855 1
34.2879 1
34.2903 1
34.2927 1
34.2951 1
34.2975 1
34.2999 1
34.3023 1
34.3047 1
34.3071 1
34.3096 1
34.312 1
34.3144 1
34.3168 1
34.3192 1
34.3216 1
34.324 1
34.3264 1
34.3288 1
34.3312 1
34.3336 1
34.336 1
34.3384 1
34.3408 1
34.3432 1
34.3456 1
34.348 1
34.3504 1
34.3528 1
34.3552 1
34.3576 1
34.36 1
34.3624 1
34.3648 1
34.3672 1
34.3696 1
34.372 1
34.3744 1
34.3768 1
34.3792 1
34.3816 1
34.384 1
34.3865 1
34.3889 1
34.3913 1
34.3937 1
34.3961 1
34.3985 1
34.4009 1
34.4033 1
34.4057 1
34.4081 1
34.4105 1
34.4129 1
34.4153 1
34.4177 1
34.4201 1
34.4225 1
34.4249 1
34.4273 1
34.4297 1
34.4321 1
34.4345 1
34.4369 1
34.4393 1
34.4417 1
34.4441 1
34.4465 1
34.4489 1
34.4513 1
34.4537 1
34.4561 1
34.4585 1
34.461 1
34.4634 1
34.4658 1
34.4682 1
34.4706 1
34.473 1
34.4754 1
34.4778 1
34.4802 1
34.4826 1
34.485 1
34.4874 1
34.4898 1
34.4922 1
34.4946 1
34.497 1
34.4994 1
34.5018 1
34.5042 1
34.5066 1
34.509 1
34.5114 1
34.5138 1
34.5162 1
34.5186 1
34.521 1
34.5234 1
34.5258 1
34.5282 1
34.5306 1
34.533 1
34.5355 1
34.5379 1
34.5403 1
34.5427 1
34.5451 1
34.5475 1
34.5499 1
34.5523 1
34.5547 1
34.5571 1
34.5595 1
34.5619 1
34.5643 1
34.5667 1
34.5691 1
34.5715 1
34.5739 1
34.5763 1
34.5787 1
34.5811 1
34.5835 1
34.5859 1
34.5883 1
34.5907 1
34.5931 1
34.5955 1
34.5979 1
34.6003 1
34.6027 1
34.6051 1
34.6075 1
34.61 1
34.6124 1
34.6148 1
34.6172 1
34.6196 1
34.622 1
34.6244 1
34.6268 1
34.6292 1
34.6316 1
34.634 1
34.6364 1
34.6388 1
34.6412 1
34.6436 1
34.646 1
34.6484 1
34.6508 1
34.6532 1
34.6556 1
34.658 1
34.6604 1
34.6628 1
34.6652 1
34.6676 1
34.67 1
34.6724 1
34.6748 1
34.6772 1
34.6796 1
34.682 1
34.6844 1
34.6869 1
34.6893 1
34.6917 1
34.6941 1
34.6965 1
34.6989 1
34.7013 1
34.7037 1
34.7061 1
34.7085 1
34.7109 1
34.7133 1
34.7157 1
34.7181 1
34.7205 1
34.7229 1
34.7253 1
34.7277 1
34.7301 1
34.7325 1
34.7349 1
34.7373 1
34.7397 1
34.7421 1
34.7445 1
34.7469 1
34.7493 1
34.7517 1
34.7541 1
34.7565 1
34.7589 1
34.7614 1
34.7638 1
34.7662 1
34.7686 1
34.771 1
34.7734 1
34.7758 1
34.7782 1
34.7806 1
34.783 1
34.7854 1
34.7878 1
34.7902 1
34.7926 1
34.795 1
34.7974 1
34.7998 1
34.8022 1
34.8046 1
34.807 1
34.8094 1
34.8118 1
34.8142 1
34.8166 1
34.819 1
34.8214 1
34.8238 1
34.8262 1
34.8286 1
34.831 1
34.8334 1
34.8359 1
34.8383 1
34.8407 1
34.8431 1
34.8455 1
34.8479 1
34.8503 1
34.8527 1
34.8551 1
34.8575 1
34.8599 1
34.8623 1
34.8647 1
34.8671 1
34.8695 1
34.8719 1
34.8743 1
34.8767 1
34.8791 1
34.8815 1
34.8839 1
34.8863 1
34.8887 1
34.8911 1
34.8935 1
34.8959 1
34.8983 1
34.9007 1
34.9031 1
34.9055 1
34.9079 1
34.9104 1
34.9128 1
34.9152 1
34.9176 1
34.92 1
34.9224 1
34.9248 1
34.9272 1
34.9296 1
34.932 1
34.9344 1
34.9368 1
34.9392 1
34.9416 1
34.944 1
34.9464 1
34.9488 1
34.9512 1
34.9536 1
34.956 1
34.9584 1
34.9608 1
34.9632 1
34.9656 1
34.968 1
34.9704 1
34.9728 1
34.9752 1
34.9776 1
34.98 1
34.9824 1
34.9848 1
34.9873 1
34.9897 1
34.9921 1
34.9945 1
34.9969 1
34.9993 1
35.0017 1
35.0041 1
35.0065 1
35.0089 1
35.0113 1
35.0137 1
35.0161 1
35.0185 1
35.0209 1
35.0233 1
35.0257 1
35.0281 1
35.0305 1
35.0329 1
35.0353 1
35.0377 1
35.0401 1
35.0425 1
35.0449 1
35.0473 1
35.0497 1
35.0521 1
35.0545 1
35.0569 1
35.0593 1
35.0618 1
35.0642 1
35.0666 1
35.069 1
35.0714 1
35.0738 1
35.0762 1
35.0786 1
35.081 1
35.0834 1
35.0858 1
35.0882 1
35.0906 1
35.093 1
35.0954 1
35.0978 1
35.1002 1
35.1026 1
35.105 1
35.1074 1
35.1098 1
35.1122 1
35.1146 1
35.117 1
35.1194 1
35.1218 1
35.1242 1
35.1266 1
35.129 1
35.1314 1
35.1338 1
35.1363 1
35.1387 1
35.1411 1
35.1435 1
35.1459 1
35.1483 1
35.1507 1
35.1531 1
35.1555 1
35.1579 1
35.1603 1
35.1627 1
35.1651 1
35.1675 1
35.1699 1
35.1723 1
35.1747 1
35.1771 1
35.1795 1
35.1819 1
35.1843 1
35.1867 1
35.1891 1
35.1915 1
35.1939 1
35.1963 1
35.1987 1
35.2011 1
35.2035 1
35.2059 1
35.2083 1
35.2108 1
35.2132 1
35.2156 1
35.218 1
35.2204 1
35.2228 1
35.2252 1
35.2276 1
35.23 1
35.2324 1
35.2348 1
35.2372 1
35.2396 1
35.242 1
35.2444 1
35.2468 1
35.2492 1
35.2516 1
35.254 1
35.2564 1
35.2588 1
35.2612 1
35.2636 1
35.266 1
35.2684 1
35.2708 1
35.2732 1
35.2756 1
35.278 1
35.2804 1
35.2828 1
35.2852 1
35.2877 1
35.2901 1
35.2925 1
35.2949 1
35.2973 1
35.2997 1
35.3021 1
35.3045 1
35.3069 1
35.3093 1
35.3117 1
35.3141 1
35.3165 1
35.3189 1
35.3213 1
35.3237 1
35.3261 1
35.3285 1
35.3309 1
35.3333 1
35.3357 1
35.3381 1
35.3405 1
35.3429 1
35.3453 1
35.3477 1
35.3501 1
35.3525 1
35.3549 1
35.3573 1
35.3597 1
35.3622 1
35.3646 1
35.367 1
35.3694 1
35.3718 1
35.3742 1
35.3766 1
35.379 1
35.3814 1
35.3838 1
35.3862 1
35.3886 1
35.391 1
35.3934 1
35.3958 1
35.3982 1
35.4006 1
35.403 1
35.4054 1
35.4078 1
35.4102 1
35.4126 1
35.415 1
35.4174 1
35.4198 1
35.4222 1
35.4246 1
35.427 1
35.4294 1
35.4318 1
35.4342 1
35.4367 1
35.4391 1
35.4415 1
35.4439 1
35.4463 1
35.4487 1
35.4511 1
35.4535 1
35.4559 1
35.4583 1
35.4607 1
35.4631 1
35.4655 1
35.4679 1
35.4703 1
35.4727 1
35.4751 1
35.4775 1
35.4799 1
35.4823 1
35.4847 1
35.4871 1
35.4895 1
35.4919 1
35.4943 1
35.4967 1
35.4991 1
35.5015 1
35.5039 1
35.5063 1
35.5087 1
35.5112 1
35.5136 1
35.516 1
35.5184 1
35.5208 1
35.5232 1
35.5256 1
35.528 1
35.5304 1
35.5328 1
35.5352 1
35.5376 1
35.54 1
35.5424 1
35.5448 1
35.5472 1
35.5496 1
35.552 1
35.5544 1
35.5568 1
35.5592 1
35.5616 1
35.564 1
35.5664 1
35.5688 1
35.5712 1
35.5736 1
35.576 1
35.5784 1
35.5808 1
35.5832 1
35.5856 1
35.5881 1
35.5905 1
35.5929 1
35.5953 1
35.5977 1
35.6001 1
35.6025 1
35.6049 1
35.6073 1
35.6097 1
35.6121 1
35.6145 1
35.6169 1
35.6193 1
35.6217 1
35.6241 1
35.6265 1
35.6289 1
35.6313 1
35.6337 1
35.6361 1
35.6385 1
35.6409 1
35.6433 1
35.6457 1
35.6481 1
35.6505 1
35.6529 1
35.6553 1
35.6577 1
35.6601 1
35.6626 1
35.665 1
35.6674 1
35.6698 1
35.6722 1
35.6746 1
35.677 1
35.6794 1
35.6818 1
35.6842 1
35.6866 1
35.689 1
35.6914 1
35.6938 1
35.6962 1
35.6986 1
35.701 1
35.7034 1
35.7058 1
35.7082 1
35.7106 1
35.713 1
35.7154 1
35.7178 1
35.7202 1
35.7226 1
35.725 1
35.7274 1
35.7298 1
35.7322 1
35.7346 1
35.7371 1
35.7395 1
35.7419 1
35.7443 1
35.7467 1
35.7491 1
35.7515 1
35.7539 1
35.7563 1
35.7587 1
35.7611 1
35.7635 1
35.7659 1
35.7683 1
35.7707 1
35.7731 1
35.7755 1
35.7779 1
35.7803 1
35.7827 1
35.7851 1
35.7875 1
35.7899 1
35.7923 1
35.7947 1
35.7971 1
35.7995 1
35.8019 1
35.8043 1
35.8067 1
35.8091 1
35.8116 1
35.814 1
35.8164 1
35.8188 1
35.8212 1
35.8236 1
35.826 1
35.8284 1
35.8308 1
35.8332 1
35.8356 1
35.838 1
35.8404 1
35.8428 1
35.8452 1
35.8476 1
35.85 1
35.8524 1
35.8548 1
35.8572 1
35.8596 1
35.862 1
35.8644 1
35.8668 1
35.8692 1
35.8716 1
35.874 1
35.8764 1
35.8788 1
35.8812 1
35.8836 1
35.886 1
35.8885 1
35.8909 1
35.8933 1
35.8957 1
35.8981 1
35.9005 1
35.9029 1
35.9053 1
35.9077 1
35.9101 1
35.9125 1
35.9149 1
35.9173 1
35.9197 1
35.9221 1
35.9245 1
35.9269 1
35.9293 1
35.9317 1
35.9341 1
35.9365 1
35.9389 1
35.9413 1
35.9437 1
35.9461 1
35.9485 1
35.9509 1
35.9533 1
35.9557 1
35.9581 1
35.9605 1
35.963 1
35.9654 1
35.9678 1
35.9702 1
35.9726 1
35.975 1
35.9774 1
35.9798 1
35.9822 1
35.9846 1
35.987 1
35.9894 1
35.9918 1
35.9942 1
35.9966 1
35.999 1
36.0014 1
36.0038 1
36.0062 1
36.0086 1
36.011 1
36.0134 1
36.0158 1
36.0182 1
36.0206 1
36.023 1
36.0254 1
36.0278 1
36.0302 1
36.0326 1
36.035 1
36.0375 1
36.0399 1
36.0423 1
36.0447 1
36.0471 1
36.0495 1
36.0519 1
36.0543 1
36.0567 1
36.0591 1
36.0615 1
36.0639 1
36.0663 1
36.0687 1
36.0711 1
36.0735 1
36.0759 1
36.0783 1
36.0807 1
36.0831 1
36.0855 1
36.0879 1
36.0903 1
36.0927 1
36.0951 1
36.0975 1
36.0999 1
36.1023 1
36.1047 1
36.1071 1
36.1095 1
36.112 1
36.1144 1
36.1168 1
36.1192 1
36.1216 1
36.124 1
36.1264 1
36.1288 1
36.1312 1
36.1336 1
36.136 1
36.1384 1
36.1408 1
36.1432 1
36.1456 1
36.148 1
36.1504 1
36.1528 1
36.1552 1
36.1576 1
36.16 1
36.1624 1
36.1648 1
36.1672 1
36.1696 1
36.172 1
36.1744 1
36.1768 1
36.1792 1
36.1816 1
36.184 1
36.1864 1
36.1889 1
36.1913 1
36.1937 1
36.1961 1
36.1985 1
36.2009 1
36.2033 1
36.2057 1
36.2081 1
36.2105 1
36.2129 1
36.2153 1
36.2177 1
36.2201 1
36.2225 1
36.2249 1
36.2273 1
36.2297 1
36.2321 1
36.2345 1
36.2369 1
36.2393 1
36.2417 1
36.2441 1
36.2465 1
36.2489 1
36.2513 1
36.2537 1
36.2561 1
36.2585 1
36.2609 1
36.2634 1
36.2658 1
36.2682 1
36.2706 1
36.273 1
36.2754 1
36.2778 1
36.2802 1
36.2826 1
36.285 1
36.2874 1
36.2898 1
36.2922 1
36.2946 1
36.297 1
36.2994 1
36.3018 1
36.3042 1
36.3066 1
36.309 1
36.3114 1
36.3138 1
36.3162 1
36.3186 1
36.321 1
36.3234 1
36.3258 1
36.3282 1
36.3306 1
36.333 1
36.3354 1
36.3379 1
36.3403 1
36.3427 1
36.3451 1
36.3475 1
36.3499 1
36.3523 1
36.3547 1
36.3571 1
36.3595 1
36.3619 1
36.3643 1
36.3667 1
36.3691 1
36.3715 1
36.3739 1
36.3763 1
36.3787 1
36.3811 1
36.3835 1
36.3859 1
36.3883 1
36.3907 1
36.3931 1
36.3955 1
36.3979 1
36.4003 1
36.4027 1
36.4051 1
36.4075 1
36.4099 1
36.4124 1
36.4148 1
36.4172 1
36.4196 1
36.422 1
36.4244 1
36.4268 1
36.4292 1
36.4316 1
36.434 1
36.4364 1
36.4388 1
36.4412 1
36.4436 1
36.446 1
36.4484 1
36.4508 1
36.4532 1
36.4556 1
36.458 1
36.4604 1
36.4628 1
36.4652 1
36.4676 1
36.47 1
36.4724 1
36.4748 1
36.4772 1
36.4796 1
36.482 1
36.4844 1
36.4868 1
36.4893 1
36.4917 1
36.4941 1
36.4965 1
36.4989 1
36.5013 1
36.5037 1
36.5061 1
36.5085 1
36.5109 1
36.5133 1
36.5157 1
36.5181 1
36.5205 1
36.5229 1
36.5253 1
36.5277 1
36.5301 1
36.5325 1
36.5349 1
36.5373 1
36.5397 1
36.5421 1
36.5445 1
36.5469 1
36.5493 1
36.5517 1
36.5541 1
36.5565 1
36.5589 1
36.5613 1
36.5638 1
36.5662 1
36.5686 1
36.571 1
36.5734 1
36.5758 1
36.5782 1
36.5806 1
36.583 1
36.5854 1
36.5878 1
36.5902 1
36.5926 1
36.595 1
36.5974 1
36.5998 1
36.6022 1
36.6046 1
36.607 1
36.6094 1
36.6118 1
36.6142 1
36.6166 1
36.619 1
36.6214 1
36.6238 1
36.6262 1
36.6286 1
36.631 1
36.6334 1
36.6358 1
36.6383 1
36.6407 1
36.6431 1
36.6455 1
36.6479 1
36.6503 1
36.6527 1
36.6551 1
36.6575 1
36.6599 1
36.6623 1
36.6647 1
36.6671 1
36.6695 1
36.6719 1
36.6743 1
36.6767 1
36.6791 1
36.6815 1
36.6839 1
36.6863 1
36.6887 1
36.6911 1
36.6935 1
36.6959 1
36.6983 1
36.7007 1
36.7031 1
36.7055 1
36.7079 1
36.7103 1
36.7128 1
36.7152 1
36.7176 1
36.72 1
36.7224 1
36.7248 1
36.7272 1
36.7296 1
36.732 1
36.7344 1
36.7368 1
36.7392 1
36.7416 1
36.744 1
36.7464 1
36.7488 1
36.7512 1
36.7536 1
36.756 1
36.7584 1
36.7608 1
36.7632 1
36.7656 1
36.768 1
36.7704 1
36.7728 1
36.7752 1
36.7776 1
36.78 1
36.7824 1
36.7848 1
36.7872 1
36.7897 1
36.7921 1
36.7945 1
36.7969 1
36.7993 1
36.8017 1
36.8041 1
36.8065 1
36.8089 1
36.8113 1
36.8137 1
36.8161 1
36.8185 1
36.8209 1
36.8233 1
36.8257 1
36.8281 1
36.8305 1
36.8329 1
36.8353 1
36.8377 1
36.8401 1
36.8425 1
36.8449 1
36.8473 1
36.8497 1
36.8521 1
36.8545 1
36.8569 1
36.8593 1
36.8617 1
36.8642 1
36.8666 1
36.869 1
36.8714 1
36.8738 1
36.8762 1
36.8786 1
36.881 1
36.8834 1
36.8858 1
36.8882 1
36.8906 1
36.893 1
36.8954 1
36.8978 1
36.9002 1
36.9026 1
36.905 1
36.9074 1
36.9098 1
36.9122 1
36.9146 1
36.917 1
36.9194 1
36.9218 1
36.9242 1
36.9266 1
36.929 1
36.9314 1
36.9338 1
36.9362 1
36.9387 1
36.9411 1
36.9435 1
36.9459 1
36.9483 1
36.9507 1
36.9531 1
36.9555 1
36.9579 1
36.9603 1
36.9627 1
36.9651 1
36.9675 1
36.9699 1
36.9723 1
36.9747 1
36.9771 1
36.9795 1
36.9819 1
36.9843 1
36.9867 1
36.9891 1
36.9915 1
36.9939 1
36.9963 1
36.9987 1
37.0011 1
37.0035 1
37.0059 1
37.0083 1
37.0107 1
37.0132 1
37.0156 1
37.018 1
37.0204 1
37.0228 1
37.0252 1
37.0276 1
37.03 1
37.0324 1
37.0348 1
37.0372 1
37.0396 1
37.042 1
37.0444 1
37.0468 1
37.0492 1
37.0516 1
37.054 1
37.0564 1
37.0588 1
37.0612 1
37.0636 1
37.066 1
37.0684 1
37.0708 1
37.0732 1
37.0756 1
37.078 1
37.0804 1
37.0828 1
37.0852 1
37.0876 1
37.0901 1
37.0925 1
37.0949 1
37.0973 1
37.0997 1
37.1021 1
37.1045 1
37.1069 1
37.1093 1
37.1117 1
37.1141 1
37.1165 1
37.1189 1
37.1213 1
37.1237 1
37.1261 1
37.1285 1
37.1309 1
37.1333 1
37.1357 1
37.1381 1
37.1405 1
37.1429 1
37.1453 1
37.1477 1
37.1501 1
37.1525 1
37.1549 1
37.1573 1
37.1597 1
37.1621 1
37.1646 1
37.167 1
37.1694 1
37.1718 1
37.1742 1
37.1766 1
37.179 1
37.1814 1
37.1838 1
37.1862 1
37.1886 1
37.191 1
37.1934 1
37.1958 1
37.1982 1
37.2006 1
37.203 1
37.2054 1
37.2078 1
37.2102 1
37.2126 1
37.215 1
37.2174 1
37.2198 1
37.2222 1
37.2246 1
37.227 1
37.2294 1
37.2318 1
37.2342 1
37.2366 1
37.2391 1
37.2415 1
37.2439 1
37.2463 1
37.2487 1
37.2511 1
37.2535 1
37.2559 1
37.2583 1
37.2607 1
37.2631 1
37.2655 1
37.2679 1
37.2703 1
37.2727 1
37.2751 1
37.2775 1
37.2799 1
37.2823 1
37.2847 1
37.2871 1
37.2895 1
37.2919 1
37.2943 1
37.2967 1
37.2991 1
37.3015 1
37.3039 1
37.3063 1
37.3087 1
37.3111 1
37.3136 1
37.316 1
37.3184 1
37.3208 1
37.3232 1
37.3256 1
37.328 1
37.3304 1
37.3328 1
37.3352 1
37.3376 1
37.34 1
37.3424 1
37.3448 1
37.3472 1
37.3496 1
37.352 1
37.3544 1
37.3568 1
37.3592 1
37.3616 1
37.364 1
37.3664 1
37.3688 1
37.3712 1
37.3736 1
37.376 1
37.3784 1
37.3808 1
37.3832 1
37.3856 1
37.388 1
37.3905 1
37.3929 1
37.3953 1
37.3977 1
37.4001 1
37.4025 1
37.4049 1
37.4073 1
37.4097 1
37.4121 1
37.4145 1
37.4169 1
37.4193 1
37.4217 1
37.4241 1
37.4265 1
37.4289 1
37.4313 1
37.4337 1
37.4361 1
37.4385 1
37.4409 1
37.4433 1
37.4457 1
37.4481 1
37.4505 1
37.4529 1
37.4553 1
37.4577 1
37.4601 1
37.4625 1
37.465 1
37.4674 1
37.4698 1
37.4722 1
37.4746 1
37.477 1
37.4794 1
37.4818 1
37.4842 1
37.4866 1
37.489 1
37.4914 1
37.4938 1
37.4962 1
37.4986 1
37.501 1
37.5034 1
37.5058 1
37.5082 1
37.5106 1
37.513 1
37.5154 1
37.5178 1
37.5202 1
37.5226 1
37.525 1
37.5274 1
37.5298 1
37.5322 1
37.5346 1
37.537 1
37.5395 1
37.5419 1
37.5443 1
37.5467 1
37.5491 1
37.5515 1
37.5539 1
37.5563 1
37.5587 1
37.5611 1
37.5635 1
37.5659 1
37.5683 1
37.5707 1
37.5731 1
37.5755 1
37.5779 1
37.5803 1
37.5827 1
37.5851 1
37.5875 1
37.5899 1
37.5923 1
37.5947 1
37.5971 1
37.5995 1
37.6019 1
37.6043 1
37.6067 1
37.6091 1
37.6115 1
37.614 1
37.6164 1
37.6188 1
37.6212 1
37.6236 1
37.626 1
37.6284 1
37.6308 1
37.6332 1
37.6356 1
37.638 1
37.6404 1
37.6428 1
37.6452 1
37.6476 1
37.65 1
37.6524 1
37.6548 1
37.6572 1
37.6596 1
37.662 1
37.6644 1
37.6668 1
37.6692 1
37.6716 1
37.674 1
37.6764 1
37.6788 1
37.6812 1
37.6836 1
37.686 1
37.6884 1
37.6909 1
37.6933 1
37.6957 1
37.6981 1
37.7005 1
37.7029 1
37.7053 1
37.7077 1
37.7101 1
37.7125 1
37.7149 1
37.7173 1
37.7197 1
37.7221 1
37.7245 1
37.7269 1
37.7293 1
37.7317 1
37.7341 1
37.7365 1
37.7389 1
37.7413 1
37.7437 1
37.7461 1
37.7485 1
37.7509 1
37.7533 1
37.7557 1
37.7581 1
37.7605 1
37.7629 1
37.7654 1
37.7678 1
37.7702 1
37.7726 1
37.775 1
37.7774 1
37.7798 1
37.7822 1
37.7846 1
37.787 1
37.7894 1
37.7918 1
37.7942 1
37.7966 1
37.799 1
37.8014 1
37.8038 1
37.8062 1
37.8086 1
37.811 1
37.8134 1
37.8158 1
37.8182 1
37.8206 1
37.823 1
37.8254 1
37.8278 1
37.8302 1
37.8326 1
37.835 1
37.8374 1
37.8399 1
37.8423 1
37.8447 1
37.8471 1
37.8495 1
37.8519 1
37.8543 1
37.8567 1
37.8591 1
37.8615 1
37.8639 1
37.8663 1
37.8687 1
37.8711 1
37.8735 1
37.8759 1
37.8783 1
37.8807 1
37.8831 1
37.8855 1
37.8879 1
37.8903 1
37.8927 1
37.8951 1
37.8975 1
37.8999 1
37.9023 1
37.9047 1
37.9071 1
37.9095 1
37.9119 1
37.9144 1
37.9168 1
37.9192 1
37.9216 1
37.924 1
37.9264 1
37.9288 1
37.9312 1
37.9336 1
37.936 1
37.9384 1
37.9408 1
37.9432 1
37.9456 1
37.948 1
37.9504 1
37.9528 1
37.9552 1
37.9576 1
37.96 1
37.9624 1
37.9648 1
37.9672 1
37.9696 1
37.972 1
37.9744 1
37.9768 1
37.9792 1
37.9816 1
37.984 1
37.9864 1
37.9888 1
37.9913 1
37.9937 1
37.9961 1
37.9985 1
38.0009 1
38.0033 1
38.0057 1
38.0081 1
38.0105 1
38.0129 1
38.0153 1
38.0177 1
38.0201 1
38.0225 1
38.0249 1
38.0273 1
38.0297 1
38.0321 1
38.0345 1
38.0369 1
38.0393 1
38.0417 1
38.0441 1
38.0465 1
38.0489 1
38.0513 1
38.0537 1
38.0561 1
38.0585 1
38.0609 1
38.0633 1
38.0658 1
38.0682 1
38.0706 1
38.073 1
38.0754 1
38.0778 1
38.0802 1
38.0826 1
38.085 1
38.0874 1
38.0898 1
38.0922 1
38.0946 1
38.097 1
38.0994 1
38.1018 1
38.1042 1
38.1066 1
38.109 1
38.1114 1
38.1138 1
38.1162 1
38.1186 1
38.121 1
38.1234 1
38.1258 1
38.1282 1
38.1306 1
38.133 1
38.1354 1
38.1378 1
38.1403 1
38.1427 1
38.1451 1
38.1475 1
38.1499 1
38.1523 1
38.1547 1
38.1571 1
38.1595 1
38.1619 1
38.1643 1
38.1667 1
38.1691 1
38.1715 1
38.1739 1
38.1763 1
38.1787 1
38.1811 1
38.1835 1
38.1859 1
38.1883 1
38.1907 1
38.1931 1
38.1955 1
38.1979 1
38.2003 1
38.2027 1
38.2051 1
38.2075 1
38.2099 1
38.2123 1
38.2148 1
38.2172 1
38.2196 1
38.222 1
38.2244 1
38.2268 1
38.2292 1
38.2316 1
38.234 1
38.2364 1
38.2388 1
38.2412 1
38.2436 1
38.246 1
38.2484 1
38.2508 1
38.2532 1
38.2556 1
38.258 1
38.2604 1
38.2628 1
38.2652 1
38.2676 1
38.27 1
38.2724 1
38.2748 1
38.2772 1
38.2796 1
38.282 1
38.2844 1
38.2868 1
38.2892 1
38.2917 1
38.2941 1
38.2965 1
38.2989 1
38.3013 1
38.3037 1
38.3061 1
38.3085 1
38.3109 1
38.3133 1
38.3157 1
38.3181 1
38.3205 1
38.3229 1
38.3253 1
38.3277 1
38.3301 1
38.3325 1
38.3349 1
38.3373 1
38.3397 1
38.3421 1
38.3445 1
38.3469 1
38.3493 1
38.3517 1
38.3541 1
38.3565 1
38.3589 1
38.3613 1
38.3637 1
38.3662 1
38.3686 1
38.371 1
38.3734 1
38.3758 1
38.3782 1
38.3806 1
38.383 1
38.3854 1
38.3878 1
38.3902 1
38.3926 1
38.395 1
38.3974 1
38.3998 1
38.4022 1
38.4046 1
38.407 1
38.4094 1
38.4118 1
38.4142 1
38.4166 1
38.419 1
38.4214 1
38.4238 1
38.4262 1
38.4286 1
38.431 1
38.4334 1
38.4358 1
38.4382 1
38.4407 1
38.4431 1
38.4455 1
38.4479 1
38.4503 1
38.4527 1
38.4551 1
38.4575 1
38.4599 1
38.4623 1
38.4647 1
38.4671 1
38.4695 1
38.4719 1
38.4743 1
38.4767 1
38.4791 1
38.4815 1
38.4839 1
38.4863 1
38.4887 1
38.4911 1
38.4935 1
38.4959 1
38.4983 1
38.5007 1
38.5031 1
38.5055 1
38.5079 1
38.5103 1
38.5127 1
38.5152 1
38.5176 1
38.52 1
38.5224 1
38.5248 1
38.5272 1
38.5296 1
38.532 1
38.5344 1
38.5368 1
38.5392 1
38.5416 1
38.544 1
38.5464 1
38.5488 1
38.5512 1
38.5536 1
38.556 1
38.5584 1
38.5608 1
38.5632 1
38.5656 1
38.568 1
38.5704 1
38.5728 1
38.5752 1
38.5776 1
38.58 1
38.5824 1
38.5848 1
38.5872 1
38.5896 1
38.5921 1
38.5945 1
38.5969 1
38.5993 1
38.6017 1
38.6041 1
38.6065 1
38.6089 1
38.6113 1
38.6137 1
38.6161 1
38.6185 1
38.6209 1
38.6233 1
38.6257 1
38.6281 1
38.6305 1
38.6329 1
38.6353 1
38.6377 1
38.6401 1
38.6425 1
38.6449 1
38.6473 1
38.6497 1
38.6521 1
38.6545 1
38.6569 1
38.6593 1
38.6617 1
38.6641 1
38.6666 1
38.669 1
38.6714 1
38.6738 1
38.6762 1
38.6786 1
38.681 1
38.6834 1
38.6858 1
38.6882 1
38.6906 1
38.693 1
38.6954 1
38.6978 1
38.7002 1
38.7026 1
38.705 1
38.7074 1
38.7098 1
38.7122 1
38.7146 1
38.717 1
38.7194 1
38.7218 1
38.7242 1
38.7266 1
38.729 1
38.7314 1
38.7338 1
38.7362 1
38.7386 1
38.7411 1
38.7435 1
38.7459 1
38.7483 1
38.7507 1
38.7531 1
38.7555 1
38.7579 1
38.7603 1
38.7627 1
38.7651 1
38.7675 1
38.7699 1
38.7723 1
38.7747 1
38.7771 1
38.7795 1
38.7819 1
38.7843 1
38.7867 1
38.7891 1
38.7915 1
38.7939 1
38.7963 1
38.7987 1
38.8011 1
38.8035 1
38.8059 1
38.8083 1
38.8107 1
38.8131 1
38.8156 1
38.818 1
38.8204 1
38.8228 1
38.8252 1
38.8276 1
38.83 1
38.8324 1
38.8348 1
38.8372 1
38.8396 1
38.842 1
38.8444 1
38.8468 1
38.8492 1
38.8516 1
38.854 1
38.8564 1
38.8588 1
38.8612 1
38.8636 1
38.866 1
38.8684 1
38.8708 1
38.8732 1
38.8756 1
38.878 1
38.8804 1
38.8828 1
38.8852 1
38.8876 1
38.89 1
38.8925 1
38.8949 1
38.8973 1
38.8997 1
38.9021 1
38.9045 1
38.9069 1
38.9093 1
38.9117 1
38.9141 1
38.9165 1
38.9189 1
38.9213 1
38.9237 1
38.9261 1
38.9285 1
38.9309 1
38.9333 1
38.9357 1
38.9381 1
38.9405 1
38.9429 1
38.9453 1
38.9477 1
38.9501 1
38.9525 1
38.9549 1
38.9573 1
38.9597 1
38.9621 1
38.9645 1
38.967 1
38.9694 1
38.9718 1
38.9742 1
38.9766 1
38.979 1
38.9814 1
38.9838 1
38.9862 1
38.9886 1
38.991 1
38.9934 1
38.9958 1
38.9982 1
39.0006 1
39.003 1
39.0054 1
39.0078 1
39.0102 1
39.0126 1
39.015 1
39.0174 1
39.0198 1
39.0222 1
39.0246 1
39.027 1
39.0294 1
39.0318 1
39.0342 1
39.0366 1
39.039 1
39.0415 1
39.0439 1
39.0463 1
39.0487 1
39.0511 1
39.0535 1
39.0559 1
39.0583 1
39.0607 1
39.0631 1
39.0655 1
39.0679 1
39.0703 1
39.0727 1
39.0751 1
39.0775 1
39.0799 1
39.0823 1
39.0847 1
39.0871 1
39.0895 1
39.0919 1
39.0943 1
39.0967 1
39.0991 1
39.1015 1
39.1039 1
39.1063 1
39.1087 1
39.1111 1
39.1135 1
39.116 1
39.1184 1
39.1208 1
39.1232 1
39.1256 1
39.128 1
39.1304 1
39.1328 1
39.1352 1
39.1376 1
39.14 1
39.1424 1
39.1448 1
39.1472 1
39.1496 1
39.152 1
39.1544 1
39.1568 1
39.1592 1
39.1616 1
39.164 1
39.1664 1
39.1688 1
39.1712 1
39.1736 1
39.176 1
39.1784 1
39.1808 1
39.1832 1
39.1856 1
39.188 1
39.1904 1
39.1929 1
39.1953 1
39.1977 1
39.2001 1
39.2025 1
39.2049 1
39.2073 1
39.2097 1
39.2121 1
39.2145 1
39.2169 1
39.2193 1
39.2217 1
39.2241 1
39.2265 1
39.2289 1
39.2313 1
39.2337 1
39.2361 1
39.2385 1
39.2409 1
39.2433 1
39.2457 1
39.2481 1
39.2505 1
39.2529 1
39.2553 1
39.2577 1
39.2601 1
39.2625 1
39.2649 1
39.2674 1
39.2698 1
39.2722 1
39.2746 1
39.277 1
39.2794 1
39.2818 1
39.2842 1
39.2866 1
39.289 1
39.2914 1
39.2938 1
39.2962 1
39.2986 1
39.301 1
39.3034 1
39.3058 1
39.3082 1
39.3106 1
39.313 1
39.3154 1
39.3178 1
39.3202 1
39.3226 1
39.325 1
39.3274 1
39.3298 1
39.3322 1
39.3346 1
39.337 1
39.3394 1
39.3419 1
39.3443 1
39.3467 1
39.3491 1
39.3515 1
39.3539 1
39.3563 1
39.3587 1
39.3611 1
39.3635 1
39.3659 1
39.3683 1
39.3707 1
39.3731 1
39.3755 1
39.3779 1
39.3803 1
39.3827 1
39.3851 1
39.3875 1
39.3899 1
39.3923 1
39.3947 1
39.3971 1
39.3995 1
39.4019 1
39.4043 1
39.4067 1
39.4091 1
39.4115 1
39.4139 1
39.4164 1
39.4188 1
39.4212 1
39.4236 1
39.426 1
39.4284 1
39.4308 1
39.4332 1
39.4356 1
39.438 1
39.4404 1
39.4428 1
39.4452 1
39.4476 1
39.45 1
39.4524 1
39.4548 1
39.4572 1
39.4596 1
39.462 1
39.4644 1
39.4668 1
39.4692 1
39.4716 1
39.474 1
39.4764 1
39.4788 1
39.4812 1
39.4836 1
39.486 1
39.4884 1
39.4908 1
39.4933 1
39.4957 1
39.4981 1
39.5005 1
39.5029 1
39.5053 1
39.5077 1
39.5101 1
39.5125 1
39.5149 1
39.5173 1
39.5197 1
39.5221 1
39.5245 1
39.5269 1
39.5293 1
39.5317 1
39.5341 1
39.5365 1
39.5389 1
39.5413 1
39.5437 1
39.5461 1
39.5485 1
39.5509 1
39.5533 1
39.5557 1
39.5581 1
39.5605 1
39.5629 1
39.5653 1
39.5678 1
39.5702 1
39.5726 1
39.575 1
39.5774 1
39.5798 1
39.5822 1
39.5846 1
39.587 1
39.5894 1
39.5918 1
39.5942 1
39.5966 1
39.599 1
39.6014 1
39.6038 1
39.6062 1
39.6086 1
39.611 1
39.6134 1
39.6158 1
39.6182 1
39.6206 1
39.623 1
39.6254 1
39.6278 1
39.6302 1
39.6326 1
39.635 1
39.6374 1
39.6398 1
39.6423 1
39.6447 1
39.6471 1
39.6495 1
39.6519 1
39.6543 1
39.6567 1
39.6591 1
39.6615 1
39.6639 1
39.6663 1
39.6687 1
39.6711 1
39.6735 1
39.6759 1
39.6783 1
39.6807 1
39.6831 1
39.6855 1
39.6879 1
39.6903 1
39.6927 1
39.6951 1
39.6975 1
39.6999 1
39.7023 1
39.7047 1
39.7071 1
39.7095 1
39.7119 1
39.7143 1
39.7168 1
39.7192 1
39.7216 1
39.724 1
39.7264 1
39.7288 1
39.7312 1
39.7336 1
39.736 1
39.7384 1
47.8533 1
47.854 1
58.3672 1
58.3672 1
58.3672 1
58.3672 1
58.3672 1
58.3672 1
58.3672 1
58.3672 1
58.3673 1
58.3673 1
58.3673 1
58.3673 1
58.3673 1
58.3673 1
58.3673 1
58.3673 1
58.3674 1
58.3674 1
58.3674 1
58.3674 1
58.3674 1
58.3674 1
58.3674 1
58.3674 1
58.3675 1
58.3675 1
58.3675 1
58.3675 1
58.3675 1
58.3675 1
58.3675 1
58.3675 1
58.3676 1
58.3676 1
58.3676 1
58.3676 1
58.3676 1
58.3676 1
58.3676 1
58.3676 1
58.3677 1
58.3677 1
58.3677 1
58.3677 1
58.3677 1
58.3677 1
58.3677 1
58.3677 1
58.3677 1
58.3678 1
58.3678 1
58.3678 1
58.3678 1
58.3678 1
58.3678 1
58.3678 1
58.3678 1
58.3679 1
58.3679 1
58.3679 1
58.3679 1
58.3679 1
58.3679 1
58.3679 1
58.3679 1
58.368 1
58.368 1
58.368 1
58.368 1
58.368 1
58.368 1
58.368 1
58.368 1
58.368 1
58.3681 1
58.3681 1
58.3681 1
58.3681 1
58.3681 1
58.3681 1
58.3681 1
58.3681 1
58.3682 1
58.3682 1
58.3682 1
58.3682 1
58.3682 1
58.3682 1
58.3682 1
58.3682 1
58.3683 1
58.3683 1
58.3683 1
58.3683 1
58.3683 1
58.3683 1
58.3683 1
58.3683 1
58.3683 1
58.3684 1
58.3684 1
58.3684 1
58.3684 1
58.3684 1
58.3684 1
58.3684 1
58.3684 1
58.3685 1
58.3685 1
58.3685 1
58.3685 1
58.3685 1
58.3685 1
58.3685 1
58.3685 1
58.3686 1
58.3686 1
58.3686 1
58.3686 1
58.3686 1
58.3686 1
58.3686 1
58.3686 1
58.3687 1
58.3687 1
58.3687 1
58.3687 1
58.3687 1
58.3687 1
58.3687 1
58.3687 1
58.3688 1
58.3688 1
58.3688 1
58.3688 1
58.3688 1
58.3688 1
58.3688 1
58.3688 1
58.3689 1
58.3689 1
58.3689 1
58.3689 1
58.3689 1
58.3689 1
58.3689 1
58.3689 1
58.3689 1
58.369 1
58.369 1
58.369 1
58.369 1
58.369 1
58.369 1
58.369 1
58.369 1
58.3691 1
58.3691 1
58.3691 1
58.3691 1
58.3691 1
58.3691 1
58.3691 1
58.3691 1
58.3692 1
58.3692 1
58.3692 1
58.3692 1
58.3692 1
58.3692 1
58.3692 1
58.3692 1
58.3692 1
58.3693 1
58.3693 1
58.3693 1
58.3693 1
58.3693 1
58.3693 1
58.3693 1
58.3693 1
58.3694 1
58.3694 1
58.3694 1
58.3694 1
58.3694 1
58.3694 1
58.3694 1
58.3694 1
58.3695 1
58.3695 1
58.3695 1
58.3695 1
58.3695 1
58.3695 1
58.3695 1
58.3695 1
58.3695 1
58.3696 1
58.3696 1
58.3696 1
58.3696 1
58.3696 1
58.3696 1
58.3696 1
58.3696 1
58.3697 1
58.3697 1
58.3697 1
58.3697 1
58.3697 1
58.3697 1
58.3697 1
58.3697 1
58.3698 1
58.3698 1
58.3698 1
58.3698 1
58.3698 1
58.3698 1
58.3698 1
58.3698 1
58.3699 1
58.3699 1
58.3699 1
58.3699 1
58.3699 1
58.3699 1
58.3699 1
58.3699 1
58.37 1
58.37 1
58.37 1
58.37 1
58.37 1
58.37 1
58.37 1
58.37 1
58.3701 1
58.3701 1
58.3701 1
58.3701 1
58.3701 1
58.3701 1
58.3701 1
58.3701 1
58.3701 1
58.3702 1
58.3702 1
58.3702 1
58.3702 1
58.3702 1
58.3702 1
58.3702 1
58.3702 1
58.3703 1
58.3703 1
58.3703 1
58.3703 1
58.3703 1
58.3703 1
58.3703 1
58.3703 1
58.3704 1
58.3704 1
58.3704 1
58.3704 1
58.3704 1
58.3704 1
58.3704 1
58.3704 1
58.3705 1
58.3705 1
58.3705 1
58.3705 1
58.3705 1
58.3705 1
58.3705 1
58.3705 1
58.3705 1
58.3706 1
58.3706 1
58.3706 1
58.3706 1
58.3706 1
58.3706 1
58.3706 1
58.3706 1
58.3707 1
58.3707 1
58.3707 1
58.3707 1
58.3707 1
58.3707 1
58.3707 1
58.3707 1
58.3708 1
58.3708 1
58.3708 1
58.3708 1
58.3708 1
58.3708 1
58.3708 1
58.3708 1
58.3708 1
58.3709 1
58.3709 1
58.3709 1
58.3709 1
58.3709 1
58.3709 1
58.3709 1
58.3709 1
58.371 1
58.371 1
58.371 1
58.371 1
58.371 1
58.371 1
58.371 1
58.3711 1
58.3711 1
58.3711 1
58.3711 1
58.3711 1
58.3711 1
58.3711 1
58.3711 1
58.3711 1
58.3712 1
58.3712 1
58.3712 1
58.3712 1
58.3712 1
58.3712 1
58.3712 1
58.3712 1
58.3713 1
58.3713 1
58.3713 1
58.3713 1
58.3713 1
58.3713 1
58.3713 1
58.3713 1
58.3714 1
58.3714 1
58.3714 1
58.3714 1
58.3714 1
58.3714 1
58.3714 1
58.3714 1
58.3714 1
58.3715 1
58.3715 1
58.3715 1
58.3715 1
58.3715 1
58.3715 1
58.3715 1
58.3715 1
58.3716 1
58.3716 1
58.3716 1
58.3716 1
58.3716 1
58.3716 1
58.3716 1
58.3716 1
58.3717 1
58.3717 1
58.3717 1
58.3717 1
58.3717 1
58.3717 1
58.3717 1
58.3717 1
58.3717 1
58.3718 1
58.3718 1
58.3718 1
58.3718 1
58.3718 1
58.3718 1
58.3718 1
58.3718 1
58.3719 1
58.3719 1
58.3719 1
58.3719 1
58.3719 1
58.3719 1
58.3719 1
58.3719 1
58.372 1
58.372 1
58.372 1
58.372 1
58.372 1
58.372 1
58.372 1
58.372 1
58.372 1
58.3721 1
58.3721 1
58.3721 1
58.3721 1
58.3721 1
58.3721 1
58.3721 1
58.3721 1
58.3722 1
58.3722 1
58.3722 1
58.3722 1
58.3722 1
58.3722 1
58.3722 1
58.3723 1
58.3723 1
58.3723 1
58.3723 1
58.3723 1
58.3723 1
58.3723 1
58.3723 1
58.3723 1
58.3724 1
58.3724 1
58.3724 1
58.3724 1
58.3724 1
58.3724 1
58.3724 1
58.3724 1
58.3725 1
58.3725 1
58.3725 1
58.3725 1
58.3725 1
58.3725 1
58.3725 1
58.3725 1
58.3726 1
58.3726 1
58.3726 1
58.3726 1
58.3726 1
58.3726 1
58.3726 1
58.3726 1
58.3726 1
58.3727 1
58.3727 1
58.3727 1
58.3727 1
58.3727 1
58.3727 1
58.3727 1
58.3727 1
58.3728 1
58.3728 1
58.3728 1
58.3728 1
58.3728 1
58.3728 1
58.3728 1
58.3728 1
58.3729 1
58.3729 1
58.3729 1
58.3729 1
58.3729 1
58.3729 1
58.3729 1
58.3729 1
58.3729 1
58.373 1
58.373 1
58.373 1
58.373 1
58.373 1
58.373 1
58.373 1
58.373 1
58.3731 1
58.3731 1
58.3731 1
58.3731 1
58.3731 1
58.3731 1
58.3731 1
58.3731 1
58.3732 1
58.3732 1
58.3732 1
58.3732 1
58.3732 1
58.3732 1
58.3732 1
58.3732 1
58.3732 1
58.3733 1
58.3733 1
58.3733 1
58.3733 1
58.3733 1
58.3733 1
58.3733 1
58.3733 1
58.3734 1
58.3734 1
58.3734 1
58.3734 1
58.3734 1
58.3734 1
58.3734 1
58.3735 1
58.3735 1
58.3735 1
58.3735 1
58.3735 1
58.3735 1
58.3735 1
58.3735 1
58.3736 1
58.3736 1
58.3736 1
58.3736 1
58.3736 1
58.3736 1
58.3736 1
58.3736 1
58.3736 1
58.3737 1
58.3737 1
58.3737 1
58.3737 1
58.3737 1
58.3737 1
58.3737 1
58.3737 1
58.3738 1
58.3738 1
58.3738 1
58.3738 1
58.3738 1
58.3738 1
58.3738 1
58.3738 1
58.3739 1
58.3739 1
58.3739 1
58.3739 1
58.3739 1
58.3739 1
58.3739 1
58.3739 1
58.3739 1
58.374 1
58.374 1
58.374 1
58.374 1
58.374 1
58.374 1
58.374 1
58.374 1
58.3741 1
58.3741 1
58.3741 1
58.3741 1
58.3741 1
58.3741 1
58.3741 1
58.3741 1
58.3742 1
58.3742 1
58.3742 1
58.3742 1
58.3742 1
58.3742 1
58.3742 1
58.3742 1
58.3742 1
58.3743 1
58.3743 1
58.3743 1
58.3743 1
58.3743 1
58.3743 1
58.3743 1
58.3743 1
58.3744 1
58.3744 1
58.3744 1
58.3744 1
58.3744 1
58.3744 1
58.3744 1
58.3744 1
58.3745 1
58.3745 1
58.3745 1
58.3745 1
58.3745 1
58.3745 1
58.3745 1
58.3745 1
58.3745 1
58.3746 1
58.3746 1
58.3746 1
58.3746 1
58.3746 1
58.3746 1
58.3746 1
58.3747 1
58.3747 1
58.3747 1
58.3747 1
58.3747 1
58.3747 1
58.3747 1
58.3747 1
58.3748 1
58.3748 1
58.3748 1
58.3748 1
58.3748 1
58.3748 1
58.3748 1
58.3748 1
58.3748 1
58.3749 1
58.3749 1
58.3749 1
58.3749 1
58.3749 1
58.3749 1
58.3749 1
58.3749 1
58.375 1
58.375 1
58.375 1
58.375 1
58.375 1
58.375 1
58.375 1
58.375 1
58.3751 1
58.3751 1
58.3751 1
58.3751 1
58.3751 1
58.3751 1
58.3751 1
58.3751 1
58.3751 1
58.3752 1
58.3752 1
58.3752 1
58.3752 1
58.3752 1
58.3752 1
58.3752 1
58.3752 1
58.3753 1
58.3753 1
58.3753 1
58.3753 1
58.3753 1
58.3753 1
58.3753 1
58.3753 1
58.3754 1
58.3754 1
58.3754 1
58.3754 1
58.3754 1
58.3754 1
58.3754 1
58.3754 1
58.3754 1
58.3755 1
58.3755 1
58.3755 1
58.3755 1
58.3755 1
58.3755 1
58.3755 1
58.3755 1
58.3756 1
58.3756 1
58.3756 1
58.3756 1
58.3756 1
58.3756 1
58.3756 1
58.3756 1
58.3757 1
58.3757 1
58.3757 1
58.3757 1
58.3757 1
58.3757 1
58.3757 1
58.3757 1
58.3757 1
58.3758 1
58.3758 1
58.3758 1
58.3758 1
58.3758 1
58.3758 1
58.3758 1
58.3759 1
58.3759 1
58.3759 1
58.3759 1
58.3759 1
58.3759 1
58.3759 1
58.3759 1
58.376 1
58.376 1
58.376 1
58.376 1
58.376 1
58.376 1
58.376 1
58.376 1
58.376 1
58.3761 1
58.3761 1
58.3761 1
58.3761 1
58.3761 1
58.3761 1
58.3761 1
58.3761 1
58.3762 1
58.3762 1
58.3762 1
58.3762 1
58.3762 1
58.3762 1
58.3762 1
58.3762 1
58.3763 1
58.3763 1
58.3763 1
58.3763 1
58.3763 1
58.3763 1
58.3763 1
58.3763 1
58.3764 1
58.3764 1
58.3764 1
58.3764 1
58.3764 1
58.3764 1
58.3764 1
58.3764 1
58.3764 1
58.3765 1
58.3765 1
58.3765 1
58.3765 1
58.3765 1
58.3765 1
58.3765 1
58.3765 1
58.3766 1
58.3766 1
58.3766 1
58.3766 1
58.3766 1
58.3766 1
58.3766 1
58.3766 1
58.3767 1
58.3767 1
58.3767 1
58.3767 1
58.3767 1
58.3767 1
58.3767 1
58.3767 1
58.3767 1
58.3768 1
58.3768 1
58.3768 1
58.3768 1
58.3768 1
58.3768 1
58.3768 1
58.3768 1
58.3769 1
58.3769 1
58.3769 1
58.3769 1
58.3769 1
58.3769 1
58.3769 1
58.3769 1
58.377 1
58.377 1
58.377 1
58.377 1
58.377 1
58.377 1
58.377 1
58.377 1
58.3771 1
58.3771 1
58.3771 1
58.3771 1
58.3771 1
58.3771 1
58.3771 1
58.3771 1
58.3772 1
58.3772 1
58.3772 1
58.3772 1
58.3772 1
58.3772 1
58.3772 1
58.3772 1
58.3773 1
58.3773 1
58.3773 1
58.3773 1
58.3773 1
58.3773 1
58.3773 1
58.3773 1
58.3773 1
58.3774 1
58.3774 1
58.3774 1
58.3774 1
58.3774 1
58.3774 1
58.3774 1
58.3774 1
58.3775 1
58.3775 1
58.3775 1
58.3775 1
58.3775 1
58.3775 1
58.3775 1
58.3775 1
58.3776 1
58.3776 1
58.3776 1
58.3776 1
58.3776 1
58.3776 1
58.3776 1
58.3776 1
58.3776 1
58.3777 1
58.3777 1
58.3777 1
58.3777 1
58.3777 1
58.3777 1
58.3777 1
58.3777 1
58.3778 1
58.3778 1
58.3778 1
58.3778 1
58.3778 1
58.3778 1
58.3778 1
58.3778 1
58.3779 1
58.3779 1
58.3779 1
58.3779 1
58.3779 1
58.3779 1
58.3779 1
58.3779 1
58.3779 1
58.378 1
58.378 1
58.378 1
58.378 1
58.378 1
58.378 1
58.378 1
58.378 1
58.3781 1
58.3781 1
58.3781 1
58.3781 1
58.3781 1
58.3781 1
58.3781 1
58.3781 1
58.3782 1
58.3782 1
58.3782 1
58.3782 1
58.3782 1
58.3782 1
58.3782 1
58.3782 1
58.3783 1
58.3783 1
58.3783 1
58.3783 1
58.3783 1
58.3783 1
58.3783 1
58.3783 1
58.3784 1
58.3784 1
58.3784 1
58.3784 1
58.3784 1
58.3784 1
58.3784 1
58.3784 1
58.3785 1
58.3785 1
58.3785 1
58.3785 1
58.3785 1
58.3785 1
58.3785 1
58.3785 1
58.3785 1
58.3786 1
58.3786 1
58.3786 1
58.3786 1
58.3786 1
58.3786 1
58.3786 1
58.3786 1
58.3787 1
58.3787 1
58.3787 1
58.3787 1
58.3787 1
58.3787 1
58.3787 1
58.3787 1
58.3788 1
58.3788 1
58.3788 1
58.3788 1
58.3788 1
58.3788 1
58.3788 1
58.3788 1
58.3788 1
58.3789 1
58.3789 1
58.3789 1
58.3789 1
58.3789 1
58.3789 1
58.3789 1
58.3789 1
58.379 1
58.379 1
58.379 1
58.379 1
58.379 1
58.379 1
58.379 1
58.379 1
58.3791 1
58.3791 1
58.3791 1
58.3791 1
58.3791 1
58.3791 1
58.3791 1
58.3791 1
58.3791 1
58.3792 1
58.3792 1
58.3792 1
58.3792 1
58.3792 1
58.3792 1
58.3792 1
58.3792 1
58.3793 1
58.3793 1
58.3793 1
58.3793 1
58.3793 1
58.3793 1
58.3793 1
58.3793 1
58.3794 1
58.3794 1
58.3794 1
58.3794 1
58.3794 1
58.3794 1
58.3794 1
58.3795 1
58.3795 1
58.3795 1
58.3795 1
58.3795 1
58.3795 1
58.3795 1
58.3795 1
58.3795 1
58.3796 1
58.3796 1
58.3796 1
58.3796 1
58.3796 1
58.3796 1
58.3796 1
58.3796 1
58.3797 1
58.3797 1
58.3797 1
58.3797 1
58.3797 1
58.3797 1
58.3797 1
58.3797 1
58.3798 1
58.3798 1
58.3798 1
58.3798 1
58.3798 1
58.3798 1
58.3798 1
58.3798 1
58.3798 1
58.3799 1
58.3799 1
58.3799 1
58.3799 1
58.3799 1
58.3799 1
58.3799 1
58.3799 1
58.38 1
58.38 1
58.38 1
58.38 1
58.38 1
58.38 1
58.38 1
58.38 1
58.3801 1
58.3801 1
58.3801 1
58.3801 1
58.3801 1
58.3801 1
58.3801 1
58.3801 1
58.3801 1
58.3802 1
58.3802 1
58.3802 1
58.3802 1
58.3802 1
58.3802 1
58.3802 1
58.3802 1
58.3803 1
58.3803 1
58.3803 1
58.3803 1
58.3803 1
58.3803 1
58.3803 1
58.3803 1
58.3804 1
58.3804 1
58.3804 1
58.3804 1
58.3804 1
58.3804 1
58.3804 1
58.3804 1
58.3804 1
58.3805 1
58.3805 1
58.3805 1
58.3805 1
58.3805 1
58.3805 1
58.3805 1
58.3805 1
58.3806 1
58.3806 1
58.3806 1
58.3806 1
58.3806 1
58.3806 1
58.3806 1
58.3807 1
58.3807 1
58.3807 1
58.3807 1
58.3807 1
58.3807 1
58.3807 1
58.3807 1
58.3807 1
58.3808 1
58.3808 1
58.3808 1
58.3808 1
58.3808 1
58.3808 1
58.3808 1
58.3808 1
58.3809 1
58.3809 1
58.3809 1
58.3809 1
58.3809 1
58.3809 1
58.3809 1
58.3809 1
58.381 1
58.381 1
58.381 1
58.381 1
58.381 1
58.381 1
58.381 1
58.381 1
58.381 1
58.3811 1
58.3811 1
58.3811 1
58.3811 1
58.3811 1
58.3811 1
58.3811 1
58.3811 1
58.3812 1
58.3812 1
58.3812 1
58.3812 1
58.3812 1
58.3812 1
58.3812 1
58.3812 1
58.3813 1
58.3813 1
58.3813 1
58.3813 1
58.3813 1
58.3813 1
58.3813 1
58.3813 1
58.3813 1
58.3814 1
58.3814 1
58.3814 1
58.3814 1
58.3814 1
58.3814 1
58.3814 1
58.3814 1
58.3815 1
58.3815 1
58.3815 1
58.3815 1
58.3815 1
58.3815 1
58.3815 1
58.3815 1
58.3816 1
58.3816 1
58.3816 1
58.3816 1
58.3816 1
58.3816 1
58.3816 1
58.3816 1
58.3816 1
58.3817 1
58.3817 1
58.3817 1
58.3817 1
58.3817 1
58.3817 1
58.3817 1
58.3817 1
58.3818 1
58.3818 1
58.3818 1
58.3818 1
58.3818 1
58.3818 1
58.3818 1
58.3819 1
58.3819 1
58.3819 1
58.3819 1
58.3819 1
58.3819 1
58.3819 1
58.3819 1
58.3819 1
58.382 1
58.382 1
58.382 1
58.382 1
58.382 1
58.382 1
58.382 1
58.382 1
58.3821 1
58.3821 1
58.3821 1
58.3821 1
58.3821 1
58.3821 1
58.3821 1
58.3821 1
58.3822 1
58.3822 1
58.3822 1
58.3822 1
58.3822 1
58.3822 1
58.3822 1
58.3822 1
58.3822 1
58.3823 1
58.3823 1
58.3823 1
58.3823 1
58.3823 1
58.3823 1
58.3823 1
58.3823 1
58.3824 1
58.3824 1
58.3824 1
58.3824 1
58.3824 1
58.3824 1
58.3824 1
58.3824 1
58.3825 1
58.3825 1
58.3825 1
58.3825 1
58.3825 1
58.3825 1
58.3825 1
58.3825 1
58.3826 1
58.3826 1
58.3826 1
58.3826 1
58.3826 1
58.3826 1
58.3826 1
58.3826 1
58.3826 1
58.3827 1
58.3827 1
58.3827 1
58.3827 1
58.3827 1
58.3827 1
58.3827 1
58.3827 1
58.3828 1
58.3828 1
58.3828 1
58.3828 1
58.3828 1
58.3828 1
58.3828 1
58.3828 1
58.3829 1
58.3829 1
58.3829 1
58.3829 1
58.3829 1
58.3829 1
58.3829 1
58.3829 1
58.3829 1
58.383 1
58.383 1
58.383 1
58.383 1
58.383 1
58.383 1
58.383 1
58.3831 1
58.3831 1
58.3831 1
58.3831 1
58.3831 1
58.3831 1
58.3831 1
58.3831 1
58.3832 1
58.3832 1
58.3832 1
58.3832 1
58.3832 1
58.3832 1
58.3832 1
58.3832 1
58.3832 1
58.3833 1
58.3833 1
58.3833 1
58.3833 1
58.3833 1
58.3833 1
58.3833 1
58.3833 1
58.3834 1
58.3834 1
58.3834 1
58.3834 1
58.3834 1
58.3834 1
58.3834 1
58.3834 1
58.3835 1
58.3835 1
58.3835 1
