2.9021 1
2.90213 1
2.90215 1
2.90218 1
2.9022 1
2.90222 1
2.90225 1
2.90227 1
2.9023 1
2.90232 1
2.90234 1
2.90237 1
2.90239 1
2.90242 1
2.90244 1
2.90246 1
2.90249 1
2.90251 1
2.90254 1
2.90256 1
2.90258 1
2.90261 1
2.90263 1
2.90266 1
2.90268 1
2.9027 1
2.90273 1
2.90275 1
2.90278 1
2.9028 1
2.90282 1
2.90285 1
2.90287 1
2.9029 1
2.90292 1
2.90294 1
2.90297 1
2.90299 1
2.90302 1
2.90304 1
2.90306 1
2.90309 1
2.90311 1
2.90314 1
2.90316 1
2.90318 1
2.90321 1
2.90323 1
2.90326 1
2.90328 1
2.90331 1
2.90333 1
2.90335 1
2.90338 1
2.9034 1
2.90343 1
2.90345 1
2.90347 1
2.9035 1
2.90352 1
2.90355 1
2.90357 1
2.90359 1
2.90362 1
2.90364 1
2.90367 1
2.90369 1
2.90371 1
2.90374 1
2.90376 1
2.90379 1
2.90381 1
2.90383 1
2.90386 1
2.90388 1
2.90391 1
2.90393 1
2.90395 1
2.90398 1
2.904 1
2.90403 1
2.90405 1
2.90407 1
2.9041 1
2.90412 1
2.90415 1
2.90417 1
2.90419 1
2.90422 1
2.90424 1
2.90427 1
2.90429 1
2.90431 1
2.90434 1
2.90436 1
2.90439 1
2.90441 1
2.90443 1
2.90446 1
2.90448 1
2.90451 1
2.90453 1
2.90455 1
2.90458 1
2.9046 1
2.90463 1
2.90465 1
2.90467 1
2.9047 1
2.90472 1
2.90475 1
2.90477 1
2.9048 1
2.90482 1
2.90484 1
2.90487 1
2.90489 1
2.90492 1
2.90494 1
2.90496 1
2.90499 1
2.90501 1
2.90504 1
2.90506 1
2.90508 1
2.90511 1
2.90513 1
2.90516 1
2.90518 1
2.9052 1
2.90523 1
2.90525 1
2.90528 1
2.9053 1
2.90532 1
2.90535 1
2.90537 1
2.9054 1
2.90542 1
2.90544 1
2.90547 1
2.90549 1
2.90552 1
2.90554 1
2.90556 1
2.90559 1
2.90561 1
2.90564 1
2.90566 1
2.90568 1
2.90571 1
2.90573 1
2.90576 1
2.90578 1
2.9058 1
2.90583 1
2.90585 1
2.90588 1
2.9059 1
2.90592 1
2.90595 1
2.90597 1
2.906 1
2.90602 1
2.90604 1
2.90607 1
2.90609 1
2.90612 1
2.90614 1
2.90616 1
2.90619 1
2.90621 1
2.90624 1
2.90626 1
2.90629 1
2.90631 1
2.90633 1
2.90636 1
2.90638 1
2.90641 1
2.90643 1
2.90645 1
2.90648 1
2.9065 1
2.90653 1
2.90655 1
2.90657 1
2.9066 1
2.90662 1
2.90665 1
2.90667 1
2.90669 1
2.90672 1
2.90674 1
2.90677 1
2.90679 1
2.90681 1
2.90684 1
2.90686 1
2.90689 1
2.90691 1
2.90693 1
2.90696 1
2.90698 1
2.90701 1
2.90703 1
2.90705 1
2.90708 1
2.9071 1
2.90713 1
2.90715 1
2.90717 1
2.9072 1
2.90722 1
2.90725 1
2.90727 1
2.90729 1
2.90732 1
2.90734 1
2.90737 1
2.90739 1
2.90741 1
2.90744 1
2.90746 1
2.90749 1
2.90751 1
2.90753 1
2.90756 1
2.90758 1
2.90761 1
2.90763 1
2.90765 1
2.90768 1
2.9077 1
2.90773 1
2.90775 1
2.90778 1
2.9078 1
2.90782 1
2.90785 1
2.90787 1
2.9079 1
2.90792 1
2.90794 1
2.90797 1
2.90799 1
2.90802 1
2.90804 1
2.90806 1
2.90809 1
2.90811 1
2.90814 1
2.90816 1
2.90818 1
2.90821 1
2.90823 1
2.90826 1
2.90828 1
2.9083 1
2.90833 1
2.90835 1
2.90838 1
2.9084 1
2.90842 1
2.90845 1
2.90847 1
2.9085 1
2.90852 1
2.90854 1
2.90857 1
2.90859 1
2.90862 1
2.90864 1
2.90866 1
2.90869 1
2.90871 1
2.90874 1
2.90876 1
2.90878 1
2.90881 1
2.90883 1
2.90886 1
2.90888 1
2.9089 1
2.90893 1
2.90895 1
2.90898 1
2.909 1
2.90902 1
2.90905 1
2.90907 1
2.9091 1
2.90912 1
2.90914 1
2.90917 1
2.90919 1
2.90922 1
2.90924 1
2.90927 1
2.90929 1
2.90931 1
2.90934 1
2.90936 1
2.90939 1
2.90941 1
2.90943 1
2.90946 1
2.90948 1
2.90951 1
2.90953 1
2.90955 1
2.90958 1
2.9096 1
2.90963 1
2.90965 1
2.90967 1
2.9097 1
2.90972 1
2.90975 1
2.90977 1
2.90979 1
2.90982 1
2.90984 1
2.90987 1
2.90989 1
2.90991 1
2.90994 1
2.90996 1
2.90999 1
2.91001 1
2.91003 1
2.91006 1
2.91008 1
2.91011 1
2.91013 1
2.91015 1
2.91018 1
2.9102 1
2.91023 1
2.91025 1
2.91027 1
2.9103 1
2.91032 1
2.91035 1
2.91037 1
2.91039 1
2.91042 1
2.91044 1
2.91047 1
2.91049 1
2.91051 1
2.91054 1
2.91056 1
2.91059 1
2.91061 1
2.91063 1
2.91066 1
2.91068 1
2.91071 1
2.91073 1
2.91075 1
2.91078 1
2.9108 1
2.91083 1
2.91085 1
2.91088 1
2.9109 1
2.91092 1
2.91095 1
2.91097 1
2.911 1
2.91102 1
2.91104 1
2.91107 1
2.91109 1
2.91112 1
2.91114 1
2.91116 1
2.91119 1
2.91121 1
2.91124 1
2.91126 1
2.91128 1
2.91131 1
2.91133 1
2.91136 1
2.91138 1
2.9114 1
2.91143 1
2.91145 1
2.91148 1
2.9115 1
2.91152 1
2.91155 1
2.91157 1
2.9116 1
2.91162 1
2.91164 1
2.91167 1
2.91169 1
2.91172 1
2.91174 1
2.91176 1
2.91179 1
2.91181 1
2.91184 1
2.91186 1
2.91188 1
2.91191 1
2.91193 1
2.91196 1
2.91198 1
2.912 1
2.91203 1
2.91205 1
2.91208 1
2.9121 1
2.91212 1
2.91215 1
2.91217 1
2.9122 1
2.91222 1
2.91224 1
2.91227 1
2.91229 1
2.91232 1
2.91234 1
2.91237 1
2.91239 1
2.91241 1
2.91244 1
2.91246 1
2.91249 1
2.91251 1
2.91253 1
2.91256 1
2.91258 1
2.91261 1
2.91263 1
2.91265 1
2.91268 1
2.9127 1
2.91273 1
2.91275 1
2.91277 1
2.9128 1
2.91282 1
2.91285 1
2.91287 1
2.91289 1
2.91292 1
2.91294 1
2.91297 1
2.91299 1
2.91301 1
2.91304 1
2.91306 1
2.91309 1
2.91311 1
2.91313 1
2.91316 1
2.91318 1
2.91321 1
2.91323 1
2.91325 1
2.91328 1
2.9133 1
2.91333 1
2.91335 1
2.91337 1
2.9134 1
2.91342 1
2.91345 1
2.91347 1
2.91349 1
2.91352 1
2.91354 1
2.91357 1
2.91359 1
2.91361 1
2.91364 1
2.91366 1
2.91369 1
2.91371 1
2.91373 1
2.91376 1
2.91378 1
2.91381 1
2.91383 1
2.91386 1
2.91388 1
2.9139 1
2.91393 1
2.91395 1
2.91398 1
2.914 1
2.91402 1
2.91405 1
2.91407 1
2.9141 1
2.91412 1
2.91414 1
2.91417 1
2.91419 1
2.91422 1
2.91424 1
2.91426 1
2.91429 1
2.91431 1
2.91434 1
2.91436 1
2.91438 1
2.91441 1
2.91443 1
2.91446 1
2.91448 1
2.9145 1
2.91453 1
2.91455 1
2.91458 1
2.9146 1
2.91462 1
2.91465 1
2.91467 1
2.9147 1
2.91472 1
2.91474 1
2.91477 1
2.91479 1
2.91482 1
2.91484 1
2.91486 1
2.91489 1
2.91491 1
2.91494 1
2.91496 1
2.91498 1
2.91501 1
2.91503 1
2.91506 1
2.91508 1
2.9151 1
2.91513 1
2.91515 1
2.91518 1
2.9152 1
2.91522 1
2.91525 1
2.91527 1
2.9153 1
2.91532 1
2.91535 1
2.91537 1
2.91539 1
2.91542 1
2.91544 1
2.91547 1
2.91549 1
2.91551 1
2.91554 1
2.91556 1
2.91559 1
2.91561 1
2.91563 1
2.91566 1
2.91568 1
2.91571 1
2.91573 1
2.91575 1
2.91578 1
2.9158 1
2.91583 1
2.91585 1
2.91587 1
2.9159 1
2.91592 1
2.91595 1
2.91597 1
2.91599 1
2.91602 1
2.91604 1
2.91607 1
2.91609 1
2.91611 1
2.91614 1
2.91616 1
2.91619 1
2.91621 1
2.91623 1
2.91626 1
2.91628 1
2.91631 1
2.91633 1
2.91635 1
2.91638 1
2.9164 1
2.91643 1
2.91645 1
2.91647 1
2.9165 1
2.91652 1
2.91655 1
2.91657 1
2.91659 1
2.91662 1
2.91664 1
2.91667 1
2.91669 1
2.91671 1
2.91674 1
2.91676 1
2.91679 1
2.91681 1
2.91684 1
2.91686 1
2.91688 1
2.91691 1
2.91693 1
2.91696 1
2.91698 1
2.917 1
2.91703 1
2.91705 1
2.91708 1
2.9171 1
2.91712 1
2.91715 1
2.91717 1
2.9172 1
2.91722 1
2.91724 1
2.91727 1
2.91729 1
2.91732 1
2.91734 1
2.91736 1
2.91739 1
2.91741 1
2.91744 1
2.91746 1
2.91748 1
2.91751 1
2.91753 1
2.91756 1
2.91758 1
2.9176 1
2.91763 1
2.91765 1
2.91768 1
2.9177 1
2.91772 1
2.91775 1
2.91777 1
2.9178 1
2.91782 1
2.91784 1
2.91787 1
2.91789 1
2.91792 1
2.91794 1
2.91796 1
2.91799 1
2.91801 1
2.91804 1
2.91806 1
2.91808 1
2.91811 1
2.91813 1
2.91816 1
2.91818 1
2.9182 1
2.91823 1
2.91825 1
2.91828 1
2.9183 1
2.91833 1
2.91835 1
2.91837 1
2.9184 1
2.91842 1
2.91845 1
2.91847 1
2.91849 1
2.91852 1
2.91854 1
2.91857 1
2.91859 1
2.91861 1
2.91864 1
2.91866 1
2.91869 1
2.91871 1
2.91873 1
2.91876 1
2.91878 1
2.91881 1
2.91883 1
2.91885 1
2.91888 1
2.9189 1
2.91893 1
2.91895 1
2.91897 1
2.919 1
2.91902 1
2.91905 1
2.91907 1
2.91909 1
2.91912 1
2.91914 1
2.91917 1
2.91919 1
2.91921 1
2.91924 1
2.91926 1
2.91929 1
2.91931 1
2.91933 1
2.91936 1
2.91938 1
2.91941 1
2.91943 1
2.91945 1
2.91948 1
2.9195 1
2.91953 1
2.91955 1
2.91957 1
2.9196 1
2.91962 1
2.91965 1
2.91967 1
2.91969 1
2.91972 1
2.91974 1
2.91977 1
2.91979 1
2.91982 1
2.91984 1
2.91986 1
2.91989 1
2.91991 1
2.91994 1
2.91996 1
2.91998 1
2.92001 1
2.92003 1
2.92006 1
2.92008 1
2.9201 1
2.92013 1
2.92015 1
2.92018 1
2.9202 1
2.92022 1
2.92025 1
2.92027 1
2.9203 1
2.92032 1
2.92034 1
2.92037 1
2.92039 1
2.92042 1
2.92044 1
2.92046 1
2.92049 1
2.92051 1
2.92054 1
2.92056 1
2.92058 1
2.92061 1
2.92063 1
2.92066 1
2.92068 1
2.9207 1
2.92073 1
2.92075 1
2.92078 1
2.9208 1
2.92082 1
2.92085 1
2.92087 1
2.9209 1
2.92092 1
2.92094 1
2.92097 1
2.92099 1
2.92102 1
2.92104 1
2.92106 1
2.92109 1
2.92111 1
2.92114 1
2.92116 1
2.92118 1
2.92121 1
2.92123 1
2.92126 1
2.92128 1
2.92131 1
2.92133 1
2.92135 1
2.92138 1
2.9214 1
2.92143 1
2.92145 1
2.92147 1
2.9215 1
2.92152 1
2.92155 1
2.92157 1
2.92159 1
2.92162 1
2.92164 1
2.92167 1
2.92169 1
2.92171 1
2.92174 1
2.92176 1
2.92179 1
2.92181 1
2.92183 1
2.92186 1
2.92188 1
2.92191 1
2.92193 1
2.92195 1
2.92198 1
2.922 1
2.92203 1
2.92205 1
2.92207 1
2.9221 1
2.92212 1
2.92215 1
2.92217 1
2.92219 1
2.92222 1
2.92224 1
2.92227 1
2.92229 1
2.92231 1
2.92234 1
2.92236 1
2.92239 1
2.92241 1
2.92243 1
2.92246 1
2.92248 1
2.92251 1
2.92253 1
2.92255 1
2.92258 1
2.9226 1
2.92263 1
2.92265 1
2.92267 1
2.9227 1
2.92272 1
2.92275 1
2.92277 1
2.9228 1
2.92282 1
2.92284 1
2.92287 1
2.92289 1
2.92292 1
2.92294 1
2.92296 1
2.92299 1
2.92301 1
2.92304 1
2.92306 1
2.92308 1
2.92311 1
2.92313 1
2.92316 1
2.92318 1
2.9232 1
2.92323 1
2.92325 1
2.92328 1
2.9233 1
2.92332 1
2.92335 1
2.92337 1
2.9234 1
2.92342 1
2.92344 1
2.92347 1
2.92349 1
2.92352 1
2.92354 1
2.92356 1
2.92359 1
2.92361 1
2.92364 1
2.92366 1
2.92368 1
2.92371 1
2.92373 1
2.92376 1
2.92378 1
2.9238 1
2.92383 1
2.92385 1
2.92388 1
2.9239 1
2.92392 1
2.92395 1
2.92397 1
2.924 1
2.92402 1
2.92404 1
2.92407 1
2.92409 1
2.92412 1
2.92414 1
2.92416 1
2.92419 1
2.92421 1
2.92424 1
2.92426 1
2.92429 1
2.92431 1
2.92433 1
2.92436 1
2.92438 1
2.92441 1
2.92443 1
2.92445 1
2.92448 1
2.9245 1
2.92453 1
2.92455 1
2.92457 1
2.9246 1
2.92462 1
2.92465 1
2.92467 1
2.92469 1
2.92472 1
2.92474 1
2.92477 1
2.92479 1
2.92481 1
2.92484 1
2.92486 1
2.92489 1
2.92491 1
2.92493 1
2.92496 1
2.92498 1
2.92501 1
2.92503 1
2.92505 1
2.92508 1
2.9251 1
2.92513 1
2.92515 1
2.92517 1
2.9252 1
2.92522 1
2.92525 1
2.92527 1
2.92529 1
2.92532 1
2.92534 1
2.92537 1
2.92539 1
2.92541 1
2.92544 1
2.92546 1
2.92549 1
2.92551 1
2.92553 1
2.92556 1
2.92558 1
2.92561 1
2.92563 1
2.92565 1
2.92568 1
2.9257 1
2.92573 1
2.92575 1
2.92577 1
2.9258 1
2.92582 1
2.92585 1
2.92587 1
2.9259 1
2.92592 1
2.92594 1
2.92597 1
2.92599 1
2.92602 1
2.92604 1
2.92606 1
2.92609 1
2.92611 1
2.92614 1
2.92616 1
2.92618 1
2.92621 1
2.92623 1
2.92626 1
2.92628 1
2.9263 1
2.92633 1
2.92635 1
2.92638 1
2.9264 1
2.92642 1
2.92645 1
2.92647 1
2.9265 1
2.92652 1
2.92654 1
2.92657 1
2.92659 1
2.92662 1
2.92664 1
2.92666 1
2.92669 1
2.92671 1
2.92674 1
2.92676 1
2.92678 1
2.92681 1
2.92683 1
2.92686 1
2.92688 1
2.9269 1
2.92693 1
2.92695 1
2.92698 1
2.927 1
2.92702 1
2.92705 1
2.92707 1
2.9271 1
2.92712 1
2.92714 1
2.92717 1
2.92719 1
2.92722 1
2.92724 1
2.92726 1
2.92729 1
2.92731 1
2.92734 1
2.92736 1
2.92739 1
2.92741 1
2.92743 1
2.92746 1
2.92748 1
2.92751 1
2.92753 1
2.92755 1
2.92758 1
2.9276 1
2.92763 1
2.92765 1
2.92767 1
2.9277 1
2.92772 1
2.92775 1
2.92777 1
2.92779 1
2.92782 1
2.92784 1
2.92787 1
2.92789 1
2.92791 1
2.92794 1
2.92796 1
2.92799 1
2.92801 1
2.92803 1
2.92806 1
2.92808 1
2.92811 1
2.92813 1
2.92815 1
2.92818 1
2.9282 1
2.92823 1
2.92825 1
2.92827 1
2.9283 1
2.92832 1
2.92835 1
2.92837 1
2.92839 1
2.92842 1
2.92844 1
2.92847 1
2.92849 1
2.92851 1
2.92854 1
2.92856 1
2.92859 1
2.92861 1
2.92863 1
2.92866 1
2.92868 1
2.92871 1
2.92873 1
2.92875 1
2.92878 1
2.9288 1
2.92883 1
2.92885 1
2.92888 1
2.9289 1
2.92892 1
2.92895 1
2.92897 1
2.929 1
2.92902 1
2.92904 1
2.92907 1
2.92909 1
2.92912 1
2.92914 1
2.92916 1
2.92919 1
2.92921 1
2.92924 1
2.92926 1
2.92928 1
2.92931 1
2.92933 1
2.92936 1
2.92938 1
2.9294 1
2.92943 1
2.92945 1
2.92948 1
2.9295 1
2.92952 1
2.92955 1
2.92957 1
2.9296 1
2.92962 1
2.92964 1
2.92967 1
2.92969 1
2.92972 1
2.92974 1
2.92976 1
2.92979 1
2.92981 1
2.92984 1
2.92986 1
2.92988 1
2.92991 1
2.92993 1
2.92996 1
2.92998 1
2.93 1
2.93003 1
2.93005 1
2.93008 1
2.9301 1
2.93012 1
2.93015 1
2.93017 1
2.9302 1
2.93022 1
2.93024 1
2.93027 1
2.93029 1
2.93032 1
2.93034 1
2.93037 1
2.93039 1
2.93041 1
2.93044 1
2.93046 1
2.93049 1
2.93051 1
2.93053 1
2.93056 1
2.93058 1
2.93061 1
2.93063 1
2.93065 1
2.93068 1
2.9307 1
2.93073 1
2.93075 1
2.93077 1
2.9308 1
2.93082 1
2.93085 1
2.93087 1
2.93089 1
2.93092 1
2.93094 1
2.93097 1
2.93099 1
2.93101 1
2.93104 1
2.93106 1
2.93109 1
2.93111 1
2.93113 1
2.93116 1
2.93118 1
2.93121 1
2.93123 1
2.93125 1
2.93128 1
2.9313 1
2.93133 1
2.93135 1
2.93137 1
2.9314 1
2.93142 1
2.93145 1
2.93147 1
2.93149 1
2.93152 1
2.93154 1
2.93157 1
2.93159 1
2.93161 1
2.93164 1
2.93166 1
2.93169 1
2.93171 1
2.93173 1
2.93176 1
2.93178 1
2.93181 1
2.93183 1
2.93186 1
2.93188 1
2.9319 1
2.93193 1
2.93195 1
2.93198 1
2.932 1
2.93202 1
2.93205 1
2.93207 1
2.9321 1
2.93212 1
2.93214 1
2.93217 1
2.93219 1
2.93222 1
2.93224 1
2.93226 1
2.93229 1
2.93231 1
2.93234 1
2.93236 1
2.93238 1
2.93241 1
2.93243 1
2.93246 1
2.93248 1
2.9325 1
2.93253 1
2.93255 1
2.93258 1
2.9326 1
2.93262 1
2.93265 1
2.93267 1
2.9327 1
2.93272 1
2.93274 1
2.93277 1
2.93279 1
2.93282 1
2.93284 1
2.93286 1
2.93289 1
2.93291 1
2.93294 1
2.93296 1
2.93298 1
2.93301 1
2.93303 1
2.93306 1
2.93308 1
2.9331 1
2.93313 1
2.93315 1
2.93318 1
2.9332 1
2.93322 1
2.93325 1
2.93327 1
2.9333 1
2.93332 1
2.93335 1
2.93337 1
2.93339 1
2.93342 1
2.93344 1
2.93347 1
2.93349 1
2.93351 1
2.93354 1
2.93356 1
2.93359 1
2.93361 1
2.93363 1
2.93366 1
2.93368 1
2.93371 1
2.93373 1
2.93375 1
2.93378 1
2.9338 1
2.93383 1
2.93385 1
2.93387 1
2.9339 1
2.93392 1
2.93395 1
2.93397 1
2.93399 1
2.93402 1
2.93404 1
2.93407 1
2.93409 1
2.93411 1
2.93414 1
2.93416 1
2.93419 1
2.93421 1
2.93423 1
2.93426 1
2.93428 1
2.93431 1
2.93433 1
2.93435 1
2.93438 1
2.9344 1
2.93443 1
2.93445 1
2.93447 1
2.9345 1
2.93452 1
2.93455 1
2.93457 1
2.93459 1
2.93462 1
2.93464 1
2.93467 1
2.93469 1
2.93471 1
2.93474 1
2.93476 1
2.93479 1
2.93481 1
2.93484 1
2.93486 1
2.93488 1
2.93491 1
2.93493 1
2.93496 1
2.93498 1
2.935 1
2.93503 1
2.93505 1
2.93508 1
2.9351 1
2.93512 1
2.93515 1
2.93517 1
2.9352 1
2.93522 1
2.93524 1
2.93527 1
2.93529 1
2.93532 1
2.93534 1
2.93536 1
2.93539 1
2.93541 1
2.93544 1
2.93546 1
2.93548 1
2.93551 1
2.93553 1
2.93556 1
2.93558 1
2.9356 1
2.93563 1
2.93565 1
2.93568 1
2.9357 1
2.93572 1
2.93575 1
2.93577 1
2.9358 1
2.93582 1
2.93584 1
2.93587 1
2.93589 1
2.93592 1
2.93594 1
2.93596 1
2.93599 1
2.93601 1
2.93604 1
2.93606 1
2.93608 1
2.93611 1
2.93613 1
2.93616 1
2.93618 1
2.9362 1
2.93623 1
2.93625 1
2.93628 1
2.9363 1
2.93633 1
2.93635 1
2.93637 1
2.9364 1
2.93642 1
2.93645 1
2.93647 1
2.93649 1
2.93652 1
2.93654 1
2.93657 1
2.93659 1
2.93661 1
2.93664 1
2.93666 1
2.93669 1
2.93671 1
2.93673 1
2.93676 1
2.93678 1
2.93681 1
2.93683 1
2.93685 1
2.93688 1
2.9369 1
2.93693 1
2.93695 1
2.93697 1
2.937 1
2.93702 1
2.93705 1
2.93707 1
2.93709 1
2.93712 1
2.93714 1
2.93717 1
2.93719 1
2.93721 1
2.93724 1
2.93726 1
2.93729 1
2.93731 1
2.93733 1
2.93736 1
2.93738 1
2.93741 1
2.93743 1
2.93745 1
2.93748 1
2.9375 1
2.93753 1
2.93755 1
2.93757 1
2.9376 1
2.93762 1
2.93765 1
2.93767 1
2.93769 1
2.93772 1
2.93774 1
2.93777 1
2.93779 1
2.93782 1
2.93784 1
2.93786 1
2.93789 1
2.93791 1
2.93794 1
2.93796 1
2.93798 1
2.93801 1
2.93803 1
2.93806 1
2.93808 1
2.9381 1
2.93813 1
2.93815 1
2.93818 1
2.9382 1
2.93822 1
2.93825 1
2.93827 1
2.9383 1
2.93832 1
2.93834 1
2.93837 1
2.93839 1
2.93842 1
2.93844 1
2.93846 1
2.93849 1
2.93851 1
2.93854 1
2.93856 1
2.93858 1
2.93861 1
2.93863 1
2.93866 1
2.93868 1
2.9387 1
2.93873 1
2.93875 1
2.93878 1
2.9388 1
2.93882 1
2.93885 1
2.93887 1
2.9389 1
2.93892 1
2.93894 1
2.93897 1
2.93899 1
2.93902 1
2.93904 1
2.93906 1
2.93909 1
2.93911 1
2.93914 1
2.93916 1
2.93918 1
2.93921 1
2.93923 1
2.93926 1
2.93928 1
2.93931 1
2.93933 1
2.93935 1
2.93938 1
2.9394 1
2.93943 1
2.93945 1
2.93947 1
2.9395 1
2.93952 1
2.93955 1
2.93957 1
2.93959 1
2.93962 1
2.93964 1
2.93967 1
2.93969 1
2.93971 1
2.93974 1
2.93976 1
2.93979 1
2.93981 1
2.93983 1
2.93986 1
2.93988 1
2.93991 1
2.93993 1
2.93995 1
2.93998 1
2.94 1
2.94003 1
2.94005 1
2.94007 1
2.9401 1
2.94012 1
2.94015 1
2.94017 1
2.94019 1
2.94022 1
2.94024 1
2.94027 1
2.94029 1
2.94031 1
2.94034 1
2.94036 1
2.94039 1
2.94041 1
2.94043 1
2.94046 1
2.94048 1
2.94051 1
2.94053 1
2.94055 1
2.94058 1
2.9406 1
2.94063 1
2.94065 1
2.94067 1
2.9407 1
2.94072 1
2.94075 1
2.94077 1
2.94079 1
2.94082 1
2.94084 1
2.94087 1
2.94089 1
2.94092 1
2.94094 1
2.94096 1
2.94099 1
2.94101 1
2.94104 1
2.94106 1
2.94108 1
2.94111 1
2.94113 1
2.94116 1
2.94118 1
2.9412 1
2.94123 1
2.94125 1
2.94128 1
2.9413 1
2.94132 1
2.94135 1
2.94137 1
2.9414 1
2.94142 1
2.94144 1
2.94147 1
2.94149 1
2.94152 1
2.94154 1
2.94156 1
2.94159 1
2.94161 1
2.94164 1
2.94166 1
2.94168 1
2.94171 1
2.94173 1
2.94176 1
2.94178 1
2.9418 1
2.94183 1
2.94185 1
2.94188 1
2.9419 1
2.94192 1
2.94195 1
2.94197 1
2.942 1
2.94202 1
2.94204 1
2.94207 1
2.94209 1
2.94212 1
2.94214 1
2.94216 1
2.94219 1
2.94221 1
2.94224 1
2.94226 1
2.94228 1
2.94231 1
2.94233 1
2.94236 1
2.94238 1
2.94241 1
2.94243 1
2.94245 1
2.94248 1
2.9425 1
2.94253 1
2.94255 1
2.94257 1
2.9426 1
2.94262 1
2.94265 1
2.94267 1
2.94269 1
2.94272 1
2.94274 1
2.94277 1
2.94279 1
2.94281 1
2.94284 1
2.94286 1
2.94289 1
2.94291 1
2.94293 1
2.94296 1
2.94298 1
2.94301 1
2.94303 1
2.94305 1
2.94308 1
2.9431 1
2.94313 1
2.94315 1
2.94317 1
2.9432 1
2.94322 1
2.94325 1
2.94327 1
2.94329 1
2.94332 1
2.94334 1
2.94337 1
2.94339 1
2.94341 1
2.94344 1
2.94346 1
2.94349 1
2.94351 1
2.94353 1
2.94356 1
2.94358 1
2.94361 1
2.94363 1
2.94365 1
2.94368 1
2.9437 1
2.94373 1
2.94375 1
2.94377 1
2.9438 1
2.94382 1
2.94385 1
2.94387 1
2.9439 1
2.94392 1
2.94394 1
2.94397 1
2.94399 1
2.94402 1
2.94404 1
2.94406 1
2.94409 1
2.94411 1
2.94414 1
2.94416 1
2.94418 1
2.94421 1
2.94423 1
2.94426 1
2.94428 1
2.9443 1
2.94433 1
2.94435 1
2.94438 1
2.9444 1
2.94442 1
2.94445 1
2.94447 1
2.9445 1
2.94452 1
2.94454 1
2.94457 1
2.94459 1
2.94462 1
2.94464 1
2.94466 1
2.94469 1
2.94471 1
2.94474 1
2.94476 1
2.94478 1
2.94481 1
2.94483 1
2.94486 1
2.94488 1
2.9449 1
2.94493 1
2.94495 1
2.94498 1
2.945 1
2.94502 1
2.94505 1
2.94507 1
2.9451 1
2.94512 1
2.94514 1
2.94517 1
2.94519 1
2.94522 1
2.94524 1
2.94526 1
2.94529 1
2.94531 1
2.94534 1
2.94536 1
2.94539 1
2.94541 1
2.94543 1
2.94546 1
2.94548 1
2.94551 1
2.94553 1
2.94555 1
2.94558 1
2.9456 1
2.94563 1
2.94565 1
2.94567 1
2.9457 1
2.94572 1
2.94575 1
2.94577 1
2.94579 1
2.94582 1
2.94584 1
2.94587 1
2.94589 1
2.94591 1
2.94594 1
2.94596 1
2.94599 1
2.94601 1
2.94603 1
2.94606 1
2.94608 1
2.94611 1
2.94613 1
2.94615 1
2.94618 1
2.9462 1
2.94623 1
2.94625 1
2.94627 1
2.9463 1
2.94632 1
2.94635 1
2.94637 1
2.94639 1
2.94642 1
2.94644 1
2.94647 1
2.94649 1
2.94651 1
2.94654 1
2.94656 1
2.94659 1
2.94661 1
2.94663 1
2.94666 1
2.94668 1
2.94671 1
2.94673 1
2.94675 1
2.94678 1
2.9468 1
2.94683 1
2.94685 1
2.94688 1
2.9469 1
2.94692 1
2.94695 1
2.94697 1
2.947 1
2.94702 1
2.94704 1
2.94707 1
2.94709 1
2.94712 1
2.94714 1
2.94716 1
2.94719 1
2.94721 1
2.94724 1
2.94726 1
2.94728 1
2.94731 1
2.94733 1
2.94736 1
2.94738 1
2.9474 1
2.94743 1
2.94745 1
2.94748 1
2.9475 1
2.94752 1
2.94755 1
2.94757 1
2.9476 1
2.94762 1
2.94764 1
2.94767 1
2.94769 1
2.94772 1
2.94774 1
2.94776 1
2.94779 1
2.94781 1
2.94784 1
2.94786 1
2.94788 1
2.94791 1
2.94793 1
2.94796 1
2.94798 1
2.948 1
2.94803 1
2.94805 1
2.94808 1
2.9481 1
2.94812 1
2.94815 1
2.94817 1
2.9482 1
2.94822 1
2.94824 1
2.94827 1
2.94829 1
2.94832 1
2.94834 1
2.94837 1
2.94839 1
2.94841 1
2.94844 1
2.94846 1
2.94849 1
2.94851 1
2.94853 1
2.94856 1
2.94858 1
2.94861 1
2.94863 1
2.94865 1
2.94868 1
2.9487 1
2.94873 1
2.94875 1
2.94877 1
2.9488 1
2.94882 1
2.94885 1
2.94887 1
2.94889 1
2.94892 1
2.94894 1
2.94897 1
2.94899 1
2.94901 1
2.94904 1
2.94906 1
2.94909 1
2.94911 1
2.94913 1
2.94916 1
2.94918 1
2.94921 1
2.94923 1
2.94925 1
2.94928 1
2.9493 1
2.94933 1
2.94935 1
2.94937 1
2.9494 1
2.94942 1
2.94945 1
2.94947 1
2.94949 1
2.94952 1
2.94954 1
2.94957 1
2.94959 1
2.94961 1
2.94964 1
2.94966 1
2.94969 1
2.94971 1
2.94973 1
2.94976 1
2.94978 1
2.94981 1
2.94983 1
2.94986 1
2.94988 1
2.9499 1
2.94993 1
2.94995 1
2.94998 1
2.95 1
2.95002 1
2.95005 1
2.95007 1
2.9501 1
2.95012 1
2.95014 1
2.95017 1
2.95019 1
2.95022 1
2.95024 1
2.95026 1
2.95029 1
2.95031 1
2.95034 1
2.95036 1
2.95038 1
2.95041 1
2.95043 1
2.95046 1
2.95048 1
2.9505 1
2.95053 1
2.95055 1
2.95058 1
2.9506 1
2.95062 1
2.95065 1
2.95067 1
2.9507 1
2.95072 1
2.95074 1
2.95077 1
2.95079 1
2.95082 1
2.95084 1
2.95086 1
2.95089 1
2.95091 1
2.95094 1
2.95096 1
2.95098 1
2.95101 1
2.95103 1
2.95106 1
2.95108 1
2.9511 1
2.95113 1
2.95115 1
2.95118 1
2.9512 1
2.95122 1
2.95125 1
2.95127 1
2.9513 1
2.95132 1
2.95135 1
2.95137 1
2.95139 1
2.95142 1
2.95144 1
2.95147 1
2.95149 1
2.95151 1
2.95154 1
2.95156 1
2.95159 1
2.95161 1
2.95163 1
2.95166 1
2.95168 1
2.95171 1
2.95173 1
2.95175 1
2.95178 1
2.9518 1
2.95183 1
2.95185 1
2.95187 1
2.9519 1
2.95192 1
2.95195 1
2.95197 1
2.95199 1
2.95202 1
2.95204 1
2.95207 1
2.95209 1
2.95211 1
2.95214 1
2.95216 1
2.95219 1
2.95221 1
2.95223 1
2.95226 1
2.95228 1
2.95231 1
2.95233 1
2.95235 1
2.95238 1
2.9524 1
2.95243 1
2.95245 1
2.95247 1
2.9525 1
2.95252 1
2.95255 1
2.95257 1
2.95259 1
2.95262 1
2.95264 1
2.95267 1
2.95269 1
2.95271 1
2.95274 1
2.95276 1
2.95279 1
2.95281 1
2.95284 1
2.95286 1
2.95288 1
2.95291 1
2.95293 1
2.95296 1
2.95298 1
2.953 1
2.95303 1
2.95305 1
2.95308 1
2.9531 1
2.95312 1
2.95315 1
2.95317 1
2.9532 1
2.95322 1
2.95324 1
2.95327 1
2.95329 1
2.95332 1
2.95334 1
2.95336 1
2.95339 1
2.95341 1
2.95344 1
2.95346 1
2.95348 1
2.95351 1
2.95353 1
2.95356 1
2.95358 1
2.9536 1
2.95363 1
2.95365 1
2.95368 1
2.9537 1
2.95372 1
2.95375 1
2.95377 1
2.9538 1
2.95382 1
2.95384 1
2.95387 1
2.95389 1
2.95392 1
2.95394 1
2.95396 1
2.95399 1
2.95401 1
2.95404 1
2.95406 1
2.95408 1
2.95411 1
2.95413 1
2.95416 1
2.95418 1
2.9542 1
2.95423 1
2.95425 1
2.95428 1
2.9543 1
2.95433 1
2.95435 1
2.95437 1
2.9544 1
2.95442 1
2.95445 1
2.95447 1
2.95449 1
2.95452 1
2.95454 1
2.95457 1
2.95459 1
2.95461 1
2.95464 1
2.95466 1
2.95469 1
2.95471 1
2.95473 1
2.95476 1
2.95478 1
2.95481 1
2.95483 1
2.95485 1
2.95488 1
2.9549 1
2.95493 1
2.95495 1
2.95497 1
2.955 1
2.95502 1
2.95505 1
2.95507 1
2.95509 1
2.95512 1
2.95514 1
2.95517 1
2.95519 1
2.95521 1
2.95524 1
2.95526 1
2.95529 1
2.95531 1
2.95533 1
2.95536 1
2.95538 1
2.95541 1
2.95543 1
2.95545 1
2.95548 1
2.9555 1
2.95553 1
2.95555 1
2.95557 1
2.9556 1
2.95562 1
2.95565 1
2.95567 1
2.95569 1
2.95572 1
2.95574 1
2.95577 1
2.95579 1
2.95581 1
2.95584 1
2.95586 1
2.95589 1
2.95591 1
2.95594 1
2.95596 1
2.95598 1
2.95601 1
2.95603 1
2.95606 1
2.95608 1
2.9561 1
2.95613 1
2.95615 1
2.95618 1
2.9562 1
2.95622 1
2.95625 1
2.95627 1
2.9563 1
2.95632 1
2.95634 1
2.95637 1
2.95639 1
2.95642 1
2.95644 1
2.95646 1
2.95649 1
2.95651 1
2.95654 1
2.95656 1
2.95658 1
2.95661 1
2.95663 1
2.95666 1
2.95668 1
2.9567 1
2.95673 1
2.95675 1
2.95678 1
2.9568 1
2.95682 1
2.95685 1
2.95687 1
2.9569 1
2.95692 1
2.95694 1
2.95697 1
2.95699 1
2.95702 1
2.95704 1
2.95706 1
2.95709 1
2.95711 1
2.95714 1
2.95716 1
2.95718 1
2.95721 1
2.95723 1
2.95726 1
2.95728 1
2.9573 1
2.95733 1
2.95735 1
2.95738 1
2.9574 1
2.95743 1
2.95745 1
2.95747 1
2.9575 1
2.95752 1
2.95755 1
2.95757 1
2.95759 1
2.95762 1
2.95764 1
2.95767 1
2.95769 1
2.95771 1
2.95774 1
2.95776 1
2.95779 1
2.95781 1
2.95783 1
2.95786 1
2.95788 1
2.95791 1
2.95793 1
2.95795 1
2.95798 1
2.958 1
2.95803 1
2.95805 1
2.95807 1
2.9581 1
2.95812 1
2.95815 1
2.95817 1
2.95819 1
2.95822 1
2.95824 1
2.95827 1
2.95829 1
2.95831 1
2.95834 1
2.95836 1
2.95839 1
2.95841 1
2.95843 1
2.95846 1
2.95848 1
2.95851 1
2.95853 1
2.95855 1
2.95858 1
2.9586 1
2.95863 1
2.95865 1
2.95867 1
2.9587 1
2.95872 1
2.95875 1
2.95877 1
2.95879 1
2.95882 1
2.95884 1
2.95887 1
2.95889 1
2.95892 1
2.95894 1
2.95896 1
2.95899 1
2.95901 1
2.95904 1
2.95906 1
2.95908 1
2.95911 1
2.95913 1
2.95916 1
2.95918 1
2.9592 1
2.95923 1
2.95925 1
2.95928 1
2.9593 1
2.95932 1
2.95935 1
2.95937 1
2.9594 1
2.95942 1
2.95944 1
2.95947 1
2.95949 1
2.95952 1
2.95954 1
2.95956 1
2.95959 1
2.95961 1
2.95964 1
2.95966 1
2.95968 1
2.95971 1
2.95973 1
2.95976 1
2.95978 1
2.9598 1
2.95983 1
2.95985 1
2.95988 1
2.9599 1
2.95992 1
2.95995 1
2.95997 1
2.96 1
2.96002 1
2.96004 1
2.96007 1
2.96009 1
2.96012 1
2.96014 1
2.96016 1
2.96019 1
2.96021 1
2.96024 1
2.96026 1
2.96028 1
2.96031 1
2.96033 1
2.96036 1
2.96038 1
2.96041 1
2.96043 1
2.96045 1
2.96048 1
2.9605 1
2.96053 1
2.96055 1
2.96057 1
2.9606 1
2.96062 1
2.96065 1
2.96067 1
2.96069 1
2.96072 1
2.96074 1
2.96077 1
2.96079 1
2.96081 1
2.96084 1
2.96086 1
2.96089 1
2.96091 1
2.96093 1
2.96096 1
2.96098 1
2.96101 1
2.96103 1
2.96105 1
2.96108 1
2.9611 1
2.96113 1
2.96115 1
2.96117 1
2.9612 1
2.96122 1
2.96125 1
2.96127 1
2.96129 1
2.96132 1
2.96134 1
2.96137 1
2.96139 1
2.96141 1
2.96144 1
2.96146 1
2.96149 1
2.96151 1
2.96153 1
2.96156 1
2.96158 1
2.96161 1
2.96163 1
2.96165 1
2.96168 1
2.9617 1
2.96173 1
2.96175 1
2.96177 1
2.9618 1
2.96182 1
2.96185 1
2.96187 1
2.9619 1
2.96192 1
2.96194 1
2.96197 1
2.96199 1
2.96202 1
2.96204 1
2.96206 1
2.96209 1
2.96211 1
2.96214 1
2.96216 1
2.96218 1
2.96221 1
2.96223 1
2.96226 1
2.96228 1
2.9623 1
2.96233 1
2.96235 1
2.96238 1
2.9624 1
2.96242 1
2.96245 1
2.96247 1
2.9625 1
2.96252 1
2.96254 1
2.96257 1
2.96259 1
2.96262 1
2.96264 1
2.96266 1
2.96269 1
2.96271 1
2.96274 1
2.96276 1
2.96278 1
2.96281 1
2.96283 1
2.96286 1
2.96288 1
2.9629 1
2.96293 1
2.96295 1
2.96298 1
2.963 1
2.96302 1
2.96305 1
2.96307 1
2.9631 1
2.96312 1
2.96314 1
2.96317 1
2.96319 1
2.96322 1
2.96324 1
2.96326 1
2.96329 1
2.96331 1
2.96334 1
2.96336 1
2.96339 1
2.96341 1
2.96343 1
2.96346 1
2.96348 1
2.96351 1
2.96353 1
2.96355 1
2.96358 1
2.9636 1
2.96363 1
2.96365 1
2.96367 1
2.9637 1
2.96372 1
2.96375 1
2.96377 1
2.96379 1
2.96382 1
2.96384 1
2.96387 1
2.96389 1
2.96391 1
2.96394 1
2.96396 1
2.96399 1
2.96401 1
2.96403 1
2.96406 1
2.96408 1
2.96411 1
2.96413 1
2.96415 1
2.96418 1
2.9642 1
2.96423 1
2.96425 1
2.96427 1
2.9643 1
2.96432 1
2.96435 1
2.96437 1
2.96439 1
2.96442 1
2.96444 1
2.96447 1
2.96449 1
2.96451 1
2.96454 1
2.96456 1
2.96459 1
2.96461 1
2.96463 1
2.96466 1
2.96468 1
2.96471 1
2.96473 1
2.96475 1
2.96478 1
2.9648 1
2.96483 1
2.96485 1
2.96488 1
2.9649 1
2.96492 1
2.96495 1
2.96497 1
2.965 1
2.96502 1
2.96504 1
2.96507 1
2.96509 1
2.96512 1
2.96514 1
2.96516 1
2.96519 1
2.96521 1
2.96524 1
2.96526 1
2.96528 1
2.96531 1
2.96533 1
2.96536 1
2.96538 1
2.9654 1
2.96543 1
2.96545 1
2.96548 1
2.9655 1
2.96552 1
2.96555 1
2.96557 1
2.9656 1
2.96562 1
2.96564 1
2.96567 1
2.96569 1
2.96572 1
2.96574 1
2.96576 1
2.96579 1
2.96581 1
2.96584 1
2.96586 1
2.96588 1
2.96591 1
2.96593 1
2.96596 1
2.96598 1
2.966 1
2.96603 1
2.96605 1
2.96608 1
2.9661 1
2.96612 1
2.96615 1
2.96617 1
2.9662 1
2.96622 1
2.96624 1
2.96627 1
2.96629 1
2.96632 1
2.96634 1
2.96637 1
2.96639 1
2.96641 1
2.96644 1
2.96646 1
2.96649 1
2.96651 1
2.96653 1
2.96656 1
2.96658 1
2.96661 1
2.96663 1
2.96665 1
2.96668 1
2.9667 1
2.96673 1
2.96675 1
2.96677 1
2.9668 1
2.96682 1
2.96685 1
2.96687 1
2.96689 1
2.96692 1
2.96694 1
2.96697 1
2.96699 1
2.96701 1
2.96704 1
2.96706 1
2.96709 1
2.96711 1
2.96713 1
2.96716 1
2.96718 1
2.96721 1
2.96723 1
2.96725 1
2.96728 1
2.9673 1
2.96733 1
2.96735 1
2.96737 1
2.9674 1
2.96742 1
2.96745 1
2.96747 1
2.96749 1
2.96752 1
2.96754 1
2.96757 1
2.96759 1
2.96761 1
2.96764 1
2.96766 1
2.96769 1
2.96771 1
2.96773 1
2.96776 1
2.96778 1
2.96781 1
2.96783 1
2.96786 1
2.96788 1
2.9679 1
2.96793 1
2.96795 1
2.96798 1
2.968 1
2.96802 1
2.96805 1
2.96807 1
2.9681 1
2.96812 1
2.96814 1
2.96817 1
2.96819 1
2.96822 1
2.96824 1
2.96826 1
2.96829 1
2.96831 1
2.96834 1
2.96836 1
2.96838 1
2.96841 1
2.96843 1
2.96846 1
2.96848 1
2.9685 1
2.96853 1
2.96855 1
2.96858 1
2.9686 1
2.96862 1
2.96865 1
2.96867 1
2.9687 1
2.96872 1
2.96874 1
2.96877 1
2.96879 1
2.96882 1
2.96884 1
2.96886 1
2.96889 1
2.96891 1
2.96894 1
2.96896 1
2.96898 1
2.96901 1
2.96903 1
2.96906 1
2.96908 1
2.9691 1
2.96913 1
2.96915 1
2.96918 1
2.9692 1
2.96922 1
2.96925 1
2.96927 1
2.9693 1
2.96932 1
2.96935 1
2.96937 1
2.96939 1
2.96942 1
2.96944 1
2.96947 1
2.96949 1
2.96951 1
2.96954 1
2.96956 1
2.96959 1
2.96961 1
2.96963 1
2.96966 1
2.96968 1
2.96971 1
2.96973 1
2.96975 1
2.96978 1
2.9698 1
2.96983 1
2.96985 1
2.96987 1
2.9699 1
2.96992 1
2.96995 1
2.96997 1
2.96999 1
2.97002 1
2.97004 1
2.97007 1
2.97009 1
2.97011 1
2.97014 1
2.97016 1
2.97019 1
2.97021 1
2.97023 1
2.97026 1
2.97028 1
2.97031 1
2.97033 1
2.97035 1
2.97038 1
2.9704 1
2.97043 1
2.97045 1
2.97047 1
2.9705 1
2.97052 1
2.97055 1
2.97057 1
2.97059 1
2.97062 1
2.97064 1
2.97067 1
2.97069 1
2.97071 1
2.97074 1
2.97076 1
2.97079 1
2.97081 1
2.97083 1
2.97086 1
2.97088 1
2.97091 1
2.97093 1
2.97096 1
2.97098 1
2.971 1
2.97103 1
2.97105 1
2.97108 1
2.9711 1
2.97112 1
2.97115 1
2.97117 1
2.9712 1
2.97122 1
2.97124 1
2.97127 1
2.97129 1
2.97132 1
2.97134 1
2.97136 1
2.97139 1
2.97141 1
2.97144 1
2.97146 1
2.97148 1
2.97151 1
2.97153 1
2.97156 1
2.97158 1
2.9716 1
2.97163 1
2.97165 1
2.97168 1
2.9717 1
2.97172 1
2.97175 1
2.97177 1
2.9718 1
2.97182 1
2.97184 1
2.97187 1
2.97189 1
2.97192 1
2.97194 1
2.97196 1
2.97199 1
2.97201 1
2.97204 1
2.97206 1
2.97208 1
2.97211 1
2.97213 1
2.97216 1
2.97218 1
2.9722 1
2.97223 1
2.97225 1
2.97228 1
2.9723 1
2.97232 1
2.97235 1
2.97237 1
2.9724 1
2.97242 1
2.97245 1
2.97247 1
2.97249 1
2.97252 1
2.97254 1
2.97257 1
2.97259 1
2.97261 1
2.97264 1
2.97266 1
2.97269 1
2.97271 1
2.97273 1
2.97276 1
2.97278 1
2.97281 1
2.97283 1
2.97285 1
2.97288 1
2.9729 1
2.97293 1
2.97295 1
2.97297 1
2.973 1
2.97302 1
2.97305 1
2.97307 1
2.97309 1
2.97312 1
2.97314 1
2.97317 1
2.97319 1
2.97321 1
2.97324 1
2.97326 1
2.97329 1
2.97331 1
2.97333 1
2.97336 1
2.97338 1
2.97341 1
2.97343 1
2.97345 1
2.97348 1
2.9735 1
2.97353 1
2.97355 1
2.97357 1
2.9736 1
2.97362 1
2.97365 1
2.97367 1
2.97369 1
2.97372 1
2.97374 1
2.97377 1
2.97379 1
2.97381 1
2.97384 1
2.97386 1
2.97389 1
2.97391 1
2.97394 1
2.97396 1
2.97398 1
2.97401 1
2.97403 1
2.97406 1
2.97408 1
2.9741 1
2.97413 1
2.97415 1
2.97418 1
2.9742 1
2.97422 1
2.97425 1
2.97427 1
2.9743 1
2.97432 1
2.97434 1
2.97437 1
2.97439 1
2.97442 1
2.97444 1
2.97446 1
2.97449 1
2.97451 1
2.97454 1
2.97456 1
2.97458 1
2.97461 1
2.97463 1
2.97466 1
2.97468 1
2.9747 1
2.97473 1
2.97475 1
2.97478 1
2.9748 1
2.97482 1
2.97485 1
2.97487 1
2.9749 1
2.97492 1
2.97494 1
2.97497 1
2.97499 1
2.97502 1
2.97504 1
2.97506 1
2.97509 1
2.97511 1
2.97514 1
2.97516 1
2.97518 1
2.97521 1
2.97523 1
2.97526 1
2.97528 1
2.9753 1
2.97533 1
2.97535 1
2.97538 1
2.9754 1
2.97543 1
2.97545 1
2.97547 1
2.9755 1
2.97552 1
2.97555 1
2.97557 1
2.97559 1
2.97562 1
2.97564 1
2.97567 1
2.97569 1
2.97571 1
2.97574 1
2.97576 1
2.97579 1
2.97581 1
2.97583 1
2.97586 1
2.97588 1
2.97591 1
2.97593 1
2.97595 1
2.97598 1
2.976 1
2.97603 1
2.97605 1
2.97607 1
2.9761 1
2.97612 1
2.97615 1
2.97617 1
2.97619 1
2.97622 1
2.97624 1
2.97627 1
2.97629 1
2.97631 1
2.97634 1
2.97636 1
2.97639 1
2.97641 1
2.97643 1
2.97646 1
2.97648 1
2.97651 1
2.97653 1
2.97655 1
2.97658 1
2.9766 1
2.97663 1
2.97665 1
2.97667 1
2.9767 1
2.97672 1
2.97675 1
2.97677 1
2.97679 1
2.97682 1
2.97684 1
2.97687 1
2.97689 1
2.97692 1
2.97694 1
2.97696 1
2.97699 1
2.97701 1
2.97704 1
2.97706 1
2.97708 1
2.97711 1
2.97713 1
2.97716 1
2.97718 1
2.9772 1
2.97723 1
2.97725 1
2.97728 1
2.9773 1
2.97732 1
2.97735 1
2.97737 1
2.9774 1
2.97742 1
2.97744 1
2.97747 1
2.97749 1
2.97752 1
2.97754 1
2.97756 1
2.97759 1
2.97761 1
2.97764 1
2.97766 1
2.97768 1
2.97771 1
2.97773 1
2.97776 1
2.97778 1
2.9778 1
2.97783 1
2.97785 1
2.97788 1
2.9779 1
2.97792 1
2.97795 1
2.97797 1
2.978 1
2.97802 1
2.97804 1
2.97807 1
2.97809 1
2.97812 1
2.97814 1
2.97816 1
2.97819 1
2.97821 1
2.97824 1
2.97826 1
2.97828 1
2.97831 1
2.97833 1
2.97836 1
2.97838 1
2.97841 1
2.97843 1
2.97845 1
2.97848 1
2.9785 1
2.97853 1
2.97855 1
2.97857 1
2.9786 1
2.97862 1
2.97865 1
2.97867 1
2.97869 1
2.97872 1
2.97874 1
2.97877 1
2.97879 1
2.97881 1
2.97884 1
2.97886 1
2.97889 1
2.97891 1
2.97893 1
2.97896 1
2.97898 1
2.97901 1
2.97903 1
2.97905 1
2.97908 1
2.9791 1
2.97913 1
2.97915 1
2.97917 1
2.9792 1
2.97922 1
2.97925 1
2.97927 1
2.97929 1
2.97932 1
2.97934 1
2.97937 1
2.97939 1
2.97941 1
2.97944 1
2.97946 1
2.97949 1
2.97951 1
2.97953 1
2.97956 1
2.97958 1
2.97961 1
2.97963 1
2.97965 1
2.97968 1
2.9797 1
2.97973 1
2.97975 1
2.97977 1
2.9798 1
2.97982 1
2.97985 1
2.97987 1
2.9799 1
2.97992 1
2.97994 1
2.97997 1
2.97999 1
2.98002 1
2.98004 1
2.98006 1
2.98009 1
2.98011 1
2.98014 1
2.98016 1
2.98018 1
2.98021 1
2.98023 1
2.98026 1
2.98028 1
2.9803 1
2.98033 1
2.98035 1
2.98038 1
2.9804 1
2.98042 1
2.98045 1
2.98047 1
2.9805 1
2.98052 1
2.98054 1
2.98057 1
2.98059 1
2.98062 1
2.98064 1
2.98066 1
2.98069 1
2.98071 1
2.98074 1
2.98076 1
2.98078 1
2.98081 1
2.98083 1
2.98086 1
2.98088 1
2.9809 1
2.98093 1
2.98095 1
2.98098 1
2.981 1
2.98102 1
2.98105 1
2.98107 1
2.9811 1
2.98112 1
2.98114 1
2.98117 1
2.98119 1
2.98122 1
2.98124 1
2.98126 1
2.98129 1
2.98131 1
2.98134 1
2.98136 1
2.98139 1
2.98141 1
2.98143 1
2.98146 1
2.98148 1
2.98151 1
2.98153 1
2.98155 1
2.98158 1
2.9816 1
2.98163 1
2.98165 1
2.98167 1
2.9817 1
2.98172 1
2.98175 1
2.98177 1
2.98179 1
2.98182 1
2.98184 1
2.98187 1
2.98189 1
2.98191 1
2.98194 1
2.98196 1
2.98199 1
2.98201 1
2.98203 1
2.98206 1
2.98208 1
2.98211 1
2.98213 1
2.98215 1
2.98218 1
2.9822 1
2.98223 1
2.98225 1
2.98227 1
2.9823 1
2.98232 1
2.98235 1
2.98237 1
2.98239 1
2.98242 1
2.98244 1
2.98247 1
2.98249 1
2.98251 1
2.98254 1
2.98256 1
2.98259 1
2.98261 1
2.98263 1
2.98266 1
2.98268 1
2.98271 1
2.98273 1
2.98275 1
2.98278 1
2.9828 1
2.98283 1
2.98285 1
2.98288 1
2.9829 1
2.98292 1
2.98295 1
2.98297 1
2.983 1
2.98302 1
2.98304 1
2.98307 1
2.98309 1
2.98312 1
2.98314 1
2.98316 1
2.98319 1
2.98321 1
2.98324 1
2.98326 1
2.98328 1
2.98331 1
2.98333 1
2.98336 1
2.98338 1
2.9834 1
2.98343 1
2.98345 1
2.98348 1
2.9835 1
2.98352 1
2.98355 1
2.98357 1
2.9836 1
2.98362 1
2.98364 1
2.98367 1
2.98369 1
2.98372 1
2.98374 1
2.98376 1
2.98379 1
2.98381 1
2.98384 1
2.98386 1
2.98388 1
2.98391 1
2.98393 1
2.98396 1
2.98398 1
2.984 1
2.98403 1
2.98405 1
2.98408 1
2.9841 1
2.98412 1
2.98415 1
2.98417 1
2.9842 1
2.98422 1
2.98424 1
2.98427 1
2.98429 1
2.98432 1
2.98434 1
2.98437 1
2.98439 1
2.98441 1
2.98444 1
2.98446 1
2.98449 1
2.98451 1
2.98453 1
2.98456 1
2.98458 1
2.98461 1
2.98463 1
2.98465 1
2.98468 1
2.9847 1
2.98473 1
2.98475 1
2.98477 1
2.9848 1
2.98482 1
2.98485 1
2.98487 1
2.98489 1
2.98492 1
2.98494 1
2.98497 1
2.98499 1
2.98501 1
2.98504 1
2.98506 1
2.98509 1
2.98511 1
2.98513 1
2.98516 1
2.98518 1
2.98521 1
2.98523 1
2.98525 1
2.98528 1
2.9853 1
2.98533 1
2.98535 1
2.98537 1
2.9854 1
2.98542 1
2.98545 1
2.98547 1
2.98549 1
2.98552 1
2.98554 1
2.98557 1
2.98559 1
2.98561 1
2.98564 1
2.98566 1
2.98569 1
2.98571 1
2.98573 1
2.98576 1
2.98578 1
2.98581 1
2.98583 1
2.98585 1
2.98588 1
2.9859 1
2.98593 1
2.98595 1
2.98598 1
2.986 1
2.98602 1
2.98605 1
2.98607 1
2.9861 1
2.98612 1
2.98614 1
2.98617 1
2.98619 1
2.98622 1
2.98624 1
2.98626 1
2.98629 1
2.98631 1
2.98634 1
2.98636 1
2.98638 1
2.98641 1
2.98643 1
2.98646 1
2.98648 1
2.9865 1
2.98653 1
2.98655 1
2.98658 1
2.9866 1
2.98662 1
2.98665 1
2.98667 1
2.9867 1
2.98672 1
2.98674 1
2.98677 1
2.98679 1
2.98682 1
2.98684 1
2.98686 1
2.98689 1
2.98691 1
2.98694 1
2.98696 1
2.98698 1
2.98701 1
2.98703 1
2.98706 1
2.98708 1
2.9871 1
2.98713 1
2.98715 1
2.98718 1
2.9872 1
2.98722 1
2.98725 1
2.98727 1
2.9873 1
2.98732 1
2.98734 1
2.98737 1
2.98739 1
2.98742 1
2.98744 1
2.98747 1
2.98749 1
2.98751 1
2.98754 1
2.98756 1
2.98759 1
2.98761 1
2.98763 1
2.98766 1
2.98768 1
2.98771 1
2.98773 1
2.98775 1
2.98778 1
2.9878 1
2.98783 1
2.98785 1
2.98787 1
2.9879 1
2.98792 1
2.9884 1
2.98888 1
2.98936 1
2.98984 1
2.99032 1
2.99081 1
2.99129 1
2.99177 1
2.99225 1
2.99273 1
2.99321 1
2.99369 1
2.99417 1
2.99465 1
2.99513 1
2.99561 1
2.99609 1
2.99657 1
2.99705 1
2.99753 1
2.99802 1
2.9985 1
2.99898 1
2.99946 1
2.99994 1
3.00042 1
3.0009 1
3.00138 1
3.00186 1
3.00234 1
3.00282 1
3.0033 1
3.00378 1
3.00426 1
3.00474 1
3.00522 1
3.00571 1
3.00619 1
3.00667 1
3.00715 1
3.00763 1
3.00811 1
3.00859 1
3.00907 1
3.00955 1
3.01003 1
3.01051 1
3.01099 1
3.01147 1
3.01195 1
3.01243 1
3.01292 1
3.0134 1
3.01388 1
3.01436 1
3.01484 1
3.01532 1
3.0158 1
3.01628 1
3.01676 1
3.01724 1
3.01772 1
3.0182 1
3.01868 1
3.01916 1
3.01964 1
3.02012 1
3.02061 1
3.02109 1
3.02157 1
3.02205 1
3.02253 1
3.02301 1
3.02349 1
3.02397 1
3.02445 1
3.02493 1
3.02541 1
3.02589 1
3.02637 1
3.02685 1
3.02733 1
3.02781 1
3.0283 1
3.02878 1
3.02926 1
3.02974 1
3.03022 1
3.0307 1
3.03118 1
3.03166 1
3.03214 1
3.03262 1
3.0331 1
3.03358 1
3.03406 1
3.03454 1
3.03502 1
3.03551 1
3.03599 1
3.03647 1
3.03695 1
3.03743 1
3.03791 1
3.03839 1
3.03887 1
3.03935 1
3.03983 1
3.04031 1
3.04079 1
3.04127 1
3.04175 1
3.04223 1
3.04271 1
3.0432 1
3.04368 1
3.04416 1
3.04464 1
3.04512 1
3.0456 1
3.04608 1
3.04656 1
3.04704 1
3.04752 1
3.048 1
3.04848 1
3.04896 1
3.04944 1
3.04992 1
3.0504 1
3.05089 1
3.05137 1
3.05185 1
3.05233 1
3.05281 1
3.05329 1
3.05377 1
3.05425 1
3.05473 1
3.05521 1
3.05569 1
3.05617 1
3.05665 1
3.05713 1
3.05761 1
3.0581 1
3.05858 1
3.05906 1
3.05954 1
3.06002 1
3.0605 1
3.06098 1
3.06146 1
3.06194 1
3.06242 1
3.0629 1
3.06338 1
3.06386 1
3.06434 1
3.06482 1
3.0653 1
3.06579 1
3.06627 1
3.06675 1
3.06723 1
3.06771 1
3.06819 1
3.06867 1
3.06915 1
3.06963 1
3.07011 1
3.07059 1
3.07107 1
3.07155 1
3.07203 1
3.07251 1
3.073 1
3.07348 1
3.07396 1
3.07444 1
3.07492 1
3.0754 1
3.07588 1
3.07636 1
3.07684 1
3.07732 1
3.0778 1
3.07828 1
3.07876 1
3.07924 1
3.07972 1
3.0802 1
3.08069 1
3.08117 1
3.08165 1
3.08213 1
3.08261 1
3.08309 1
3.08357 1
3.08405 1
3.08453 1
3.08501 1
3.08549 1
3.08597 1
3.08645 1
3.08693 1
3.08741 1
3.08789 1
3.08838 1
3.08886 1
3.08934 1
3.08982 1
3.0903 1
3.09078 1
3.09126 1
3.09174 1
3.09222 1
3.0927 1
3.09318 1
3.09366 1
3.09414 1
3.09462 1
3.0951 1
3.09559 1
3.09607 1
3.09655 1
3.09703 1
3.09751 1
3.09799 1
3.09847 1
3.09895 1
3.09943 1
3.09991 1
3.10039 1
3.10087 1
3.10135 1
3.10183 1
3.10231 1
3.10279 1
3.10328 1
3.10376 1
3.10424 1
3.10472 1
3.1052 1
3.10568 1
3.10616 1
3.10664 1
3.10712 1
3.1076 1
3.10808 1
3.10856 1
3.10904 1
3.10952 1
3.11 1
3.11048 1
3.11097 1
3.11145 1
3.11193 1
3.11241 1
3.11289 1
3.11337 1
3.11385 1
3.11433 1
3.11481 1
3.11529 1
3.11577 1
3.11625 1
3.11673 1
3.11721 1
3.11769 1
3.11818 1
3.11866 1
3.11914 1
3.11962 1
3.1201 1
3.12058 1
3.12106 1
3.12154 1
3.12202 1
3.1225 1
3.12298 1
3.12346 1
3.12394 1
3.12442 1
3.1249 1
3.12538 1
3.12587 1
3.12635 1
3.12683 1
3.12731 1
3.12779 1
3.12827 1
3.12875 1
3.12923 1
3.12971 1
3.13019 1
3.13067 1
3.13115 1
3.13163 1
3.13211 1
3.13259 1
3.13308 1
3.13356 1
3.13404 1
3.13452 1
3.135 1
3.13548 1
3.13596 1
3.13644 1
3.13692 1
3.1374 1
3.13788 1
3.13836 1
3.13884 1
3.13932 1
3.1398 1
3.14028 1
3.14077 1
3.14125 1
3.14173 1
3.14221 1
3.14269 1
3.14317 1
3.14365 1
3.14413 1
3.14461 1
3.14509 1
3.14557 1
3.14605 1
3.14653 1
3.14701 1
3.14749 1
3.14797 1
3.14846 1
3.14894 1
3.14942 1
3.1499 1
3.15038 1
3.15086 1
3.15134 1
3.15182 1
3.1523 1
3.15278 1
3.15326 1
3.15374 1
3.15422 1
3.1547 1
3.15518 1
3.15567 1
3.15615 1
3.15663 1
3.15711 1
3.15759 1
3.15807 1
3.15855 1
3.15903 1
3.15951 1
3.15999 1
3.16047 1
3.16095 1
3.16143 1
3.16191 1
3.16239 1
3.16287 1
3.16336 1
3.16384 1
3.16432 1
3.1648 1
3.16528 1
3.16576 1
3.16624 1
3.16672 1
3.1672 1
3.16768 1
3.16816 1
3.16864 1
3.16912 1
3.1696 1
3.17008 1
3.17056 1
3.17105 1
3.17153 1
3.17201 1
3.17249 1
3.17297 1
3.17345 1
3.17393 1
3.17441 1
3.17489 1
3.17537 1
3.17585 1
3.17633 1
3.17681 1
3.17729 1
3.17777 1
3.17826 1
3.17874 1
3.17922 1
3.1797 1
3.18018 1
3.18066 1
3.18114 1
3.18162 1
3.1821 1
3.18258 1
3.18306 1
3.18354 1
3.18402 1
3.1845 1
3.18498 1
3.18546 1
3.18595 1
3.18643 1
3.18691 1
3.18739 1
3.18787 1
3.18835 1
3.18883 1
3.18931 1
3.18979 1
3.19027 1
3.19075 1
3.19123 1
3.19171 1
3.19219 1
3.19267 1
3.19316 1
3.19364 1
3.19412 1
3.1946 1
3.19508 1
3.19556 1
3.19604 1
3.19652 1
3.197 1
3.19748 1
3.19796 1
3.19844 1
3.19892 1
3.1994 1
3.19988 1
3.20036 1
3.20085 1
3.20133 1
3.20181 1
3.20229 1
3.20277 1
3.20325 1
3.20373 1
3.20421 1
3.20469 1
3.20517 1
3.20565 1
3.20613 1
3.20661 1
3.20709 1
3.20757 1
3.20805 1
3.20854 1
3.20902 1
3.2095 1
3.20998 1
3.21046 1
3.21094 1
3.21142 1
3.2119 1
5.65535 1
5.65716 1
5.65896 1
5.66076 1
5.66256 1
5.66437 1
5.66617 1
5.66797 1
5.66977 1
5.67158 1
5.6734 1
5.67523 1
5.67705 1
5.67888 1
5.68071 1
5.68253 1
5.68436 1
5.68619 1
5.68801 1
5.68984 1
5.69167 1
5.69349 1
5.69532 1
5.69715 1
5.69897 1
5.7008 1
5.70262 1
5.70445 1
5.70628 1
5.7081 1
5.70993 1
5.71176 1
5.71358 1
5.71541 1
5.71724 1
5.71906 1
5.72089 1
5.72272 1
5.72454 1
5.72637 1
5.72819 1
5.73002 1
5.73185 1
5.73367 1
5.7355 1
5.73733 1
5.73915 1
5.74098 1
5.74281 1
5.74463 1
5.74646 1
5.74829 1
5.75011 1
5.75194 1
5.75376 1
5.75559 1
5.75742 1
5.75924 1
5.76107 1
5.7629 1
5.76472 1
5.76655 1
5.76838 1
5.7702 1
5.77203 1
5.77386 1
5.77568 1
5.77751 1
5.77933 1
5.78116 1
5.78299 1
5.78481 1
5.78664 1
5.78847 1
5.79029 1
5.79212 1
5.79395 1
5.79577 1
5.7976 1
5.79943 1
5.80125 1
5.80308 1
5.8049 1
5.80673 1
5.80856 1
5.81038 1
5.81221 1
5.81404 1
5.81586 1
5.81769 1
5.81952 1
5.82134 1
5.82317 1
5.825 1
5.82682 1
5.82865 1
5.83047 1
5.8323 1
5.83413 1
5.83595 1
5.83778 1
5.83961 1
5.84143 1
5.84328 1
5.84513 1
5.84698 1
5.84884 1
5.85069 1
5.85254 1
5.85439 1
5.85624 1
5.85809 1
5.85994 1
5.86179 1
5.86364 1
5.86549 1
5.86734 1
5.86919 1
5.87104 1
5.87289 1
5.87474 1
5.87659 1
5.87844 1
5.88029 1
5.88214 1
5.88399 1
5.88584 1
5.88769 1
5.88955 1
5.8914 1
5.89325 1
5.8951 1
5.89695 1
5.8988 1
5.90065 1
5.9025 1
5.90435 1
5.9062 1
5.90805 1
5.9099 1
5.91175 1
5.9136 1
5.91545 1
5.9173 1
5.91915 1
5.921 1
5.92285 1
5.9247 1
5.92655 1
5.92841 1
5.93026 1
5.93211 1
5.93396 1
5.93581 1
5.93766 1
5.93951 1
5.94136 1
5.94321 1
5.94506 1
5.94691 1
5.94876 1
5.95061 1
5.95246 1
5.95431 1
5.95616 1
5.95801 1
5.95986 1
5.96171 1
5.96356 1
5.96541 1
40.1218 1
40.1249 1
40.128 1
40.1311 1
40.1342 1
40.1373 1
40.1404 1
40.1435 1
40.1465 1
40.1496 1
40.1526 1
40.1557 1
40.1587 1
40.1618 1
40.1648 1
40.1679 1
40.1709 1
40.174 1
40.1771 1
40.1801 1
40.1832 1
40.1863 1
40.1894 1
40.1924 1
40.1955 1
40.1986 1
40.2017 1
40.2047 1
40.2078 1
40.2109 1
40.214 1
40.217 1
40.22 1
40.2231 1
40.2261 1
40.2291 1
40.2321 1
40.2352 1
40.2382 1
40.2412 1
40.2443 1
40.2473 1
40.2503 1
40.2533 1
40.2564 1
40.2594 1
40.2625 1
40.2655 1
40.2686 1
40.2716 1
40.2747 1
40.2778 1
40.2808 1
40.2839 1
40.2869 1
40.2899 1
40.2929 1
40.2959 1
40.2989 1
40.3019 1
40.3049 1
40.3079 1
40.3109 1
40.3139 1
40.3169 1
40.3199 1
40.3229 1
40.3259 1
40.3289 1
40.332 1
40.335 1
40.338 1
40.3411 1
40.3441 1
40.3471 1
40.3501 1
40.3532 1
40.3562 1
40.3591 1
40.3621 1
40.3651 1
40.3681 1
40.371 1
40.374 1
40.377 1
40.38 1
40.383 1
40.3859 1
40.3889 1
40.3919 1
40.3949 1
40.3979 1
40.4009 1
40.4039 1
40.4069 1
40.4099 1
40.4129 1
40.4159 1
40.4189 1
40.4219 1
40.4249 1
40.4279 1
40.4308 1
56.1335 1
56.1542 1
56.1748 1
56.1955 1
56.2162 1
56.2369 1
56.2587 1
56.2797 1
56.3019 1
56.324 1
56.3462 1
56.3684 1
56.3905 1
56.4127 1
56.4349 1
