31.3507 1
31.3531 1
31.3555 1
31.3579 1
31.3603 1
31.3627 1
31.3651 1
31.3675 1
31.3699 1
31.3723 1
31.3747 1
31.3771 1
31.3795 1
31.3819 1
31.3843 1
31.3867 1
31.3891 1
31.3915 1
31.3939 1
31.3963 1
31.3987 1
31.4011 1
31.4035 1
31.4059 1
31.4083 1
31.4107 1
31.4131 1
31.4155 1
31.4179 1
31.4203 1
31.4227 1
31.4252 1
31.4276 1
31.43 1
31.4324 1
31.4348 1
31.4372 1
31.4396 1
31.442 1
31.4444 1
31.4468 1
31.4492 1
31.4516 1
31.454 1
31.4564 1
31.4588 1
31.4612 1
31.4636 1
31.466 1
31.4684 1
31.4708 1
31.4732 1
31.4756 1
31.478 1
31.4804 1
31.4828 1
31.4852 1
31.4876 1
31.49 1
31.4924 1
31.4948 1
31.4972 1
31.4997 1
31.5021 1
31.5045 1
31.5069 1
31.5093 1
31.5117 1
31.5141 1
31.5165 1
31.5189 1
31.5213 1
31.5237 1
31.5261 1
31.5285 1
31.5309 1
31.5333 1
31.5357 1
31.5381 1
31.5405 1
31.5429 1
31.5453 1
31.5477 1
31.5501 1
31.5525 1
31.5549 1
31.5573 1
31.5597 1
31.5621 1
31.5645 1
31.5669 1
31.5693 1
31.5717 1
31.5742 1
31.5766 1
31.579 1
31.5814 1
31.5838 1
31.5862 1
31.5886 1
31.591 1
31.5934 1
31.5958 1
31.5982 1
31.6006 1
31.603 1
31.6054 1
31.6078 1
31.6102 1
31.6126 1
31.615 1
31.6174 1
31.6198 1
31.6222 1
31.6246 1
31.627 1
31.6294 1
31.6318 1
31.6342 1
31.6366 1
31.639 1
31.6414 1
31.6438 1
31.6462 1
31.6487 1
31.6511 1
31.6535 1
31.6559 1
31.6583 1
31.6607 1
31.6631 1
31.6655 1
31.6679 1
31.6703 1
31.6727 1
31.6751 1
31.6775 1
31.6799 1
31.6823 1
31.6847 1
31.6871 1
31.6895 1
31.6919 1
31.6943 1
31.6967 1
31.6991 1
31.7015 1
31.7039 1
31.7063 1
31.7087 1
31.7111 1
31.7135 1
31.7159 1
31.7183 1
31.7207 1
31.7231 1
31.7256 1
31.728 1
31.7304 1
31.7328 1
31.7352 1
31.7376 1
31.74 1
31.7424 1
31.7448 1
31.7472 1
31.7496 1
31.752 1
31.7544 1
31.7568 1
31.7592 1
31.7616 1
31.764 1
31.7664 1
31.7688 1
31.7712 1
31.7736 1
31.776 1
31.7784 1
31.7808 1
31.7832 1
31.7856 1
31.788 1
31.7904 1
31.7928 1
31.7952 1
31.7976 1
31.8001 1
31.8025 1
31.8049 1
31.8073 1
31.8097 1
31.8121 1
31.8145 1
31.8169 1
31.8193 1
31.8217 1
31.8241 1
31.8265 1
31.8289 1
31.8313 1
31.8337 1
31.8361 1
31.8385 1
31.8409 1
31.8433 1
31.8457 1
31.8481 1
31.8505 1
31.8529 1
31.8553 1
31.8577 1
31.8601 1
31.8625 1
31.8649 1
31.8673 1
31.8697 1
31.8721 1
31.8746 1
31.877 1
31.8794 1
31.8818 1
31.8842 1
31.8866 1
31.889 1
31.8914 1
31.8938 1
31.8962 1
31.8986 1
31.901 1
31.9034 1
31.9058 1
31.9082 1
31.9106 1
31.913 1
31.9154 1
31.9178 1
31.9202 1
31.9226 1
31.925 1
31.9274 1
31.9298 1
31.9322 1
31.9346 1
31.937 1
31.9394 1
31.9418 1
31.9442 1
31.9466 1
31.9491 1
31.9515 1
31.9539 1
31.9563 1
31.9587 1
31.9611 1
31.9635 1
31.9659 1
31.9683 1
31.9707 1
31.9731 1
31.9755 1
31.9779 1
31.9803 1
31.9827 1
31.9851 1
31.9875 1
31.9899 1
31.9923 1
31.9947 1
31.9971 1
31.9995 1
32.0019 1
32.0043 1
32.0067 1
32.0091 1
32.0115 1
32.0139 1
32.0163 1
32.0187 1
32.0211 1
32.0235 1
32.026 1
32.0284 1
32.0308 1
32.0332 1
32.0356 1
32.038 1
32.0404 1
32.0428 1
32.0452 1
32.0476 1
32.05 1
32.0524 1
32.0548 1
32.0572 1
32.0596 1
32.062 1
32.0644 1
32.0668 1
32.0692 1
32.0716 1
32.074 1
32.0764 1
32.0788 1
32.0812 1
32.0836 1
32.086 1
32.0884 1
32.0908 1
32.0932 1
32.0956 1
32.098 1
32.1005 1
32.1029 1
32.1053 1
32.1077 1
32.1101 1
32.1125 1
32.1149 1
32.1173 1
32.1197 1
32.1221 1
32.1245 1
32.1269 1
32.1293 1
32.1317 1
32.1341 1
32.1365 1
32.1389 1
32.1413 1
32.1437 1
32.1461 1
32.1485 1
32.1509 1
32.1533 1
32.1557 1
32.1581 1
32.1605 1
32.1629 1
32.1653 1
32.1677 1
32.1701 1
32.1725 1
32.175 1
32.1774 1
32.1798 1
32.1822 1
32.1846 1
32.187 1
32.1894 1
32.1918 1
32.1942 1
32.1966 1
32.199 1
32.2014 1
32.2038 1
32.2062 1
32.2086 1
32.211 1
32.2134 1
32.2158 1
32.2182 1
32.2206 1
32.223 1
32.2254 1
32.2278 1
32.2302 1
32.2326 1
32.235 1
32.2374 1
32.2398 1
32.2422 1
32.2446 1
32.247 1
32.2495 1
32.2519 1
32.2543 1
32.2567 1
32.2591 1
32.2615 1
32.2639 1
32.2663 1
32.2687 1
32.2711 1
32.2735 1
32.2759 1
32.2783 1
32.2807 1
32.2831 1
32.2855 1
32.2879 1
32.2903 1
32.2927 1
32.2951 1
32.2975 1
32.2999 1
32.3023 1
32.3047 1
32.3071 1
32.3095 1
32.3119 1
32.3143 1
32.3167 1
32.3191 1
32.3215 1
32.3239 1
32.3264 1
32.3288 1
32.3312 1
32.3336 1
32.336 1
32.3384 1
32.3408 1
32.3432 1
32.3456 1
32.348 1
32.3504 1
32.3528 1
32.3552 1
32.3576 1
32.36 1
32.3624 1
32.3648 1
32.3672 1
32.3696 1
32.372 1
32.3744 1
32.3768 1
32.3792 1
32.3816 1
32.384 1
32.3864 1
32.3888 1
32.3912 1
32.3936 1
32.396 1
32.3984 1
32.4009 1
32.4033 1
32.4057 1
32.4081 1
32.4105 1
32.4129 1
32.4153 1
32.4177 1
32.4201 1
32.4225 1
32.4249 1
32.4273 1
32.4297 1
32.4321 1
32.4345 1
32.4369 1
32.4393 1
32.4417 1
32.4441 1
32.4465 1
32.4489 1
32.4513 1
32.4537 1
32.4561 1
32.4585 1
32.4609 1
32.4633 1
32.4657 1
32.4681 1
32.4705 1
32.4729 1
32.4754 1
32.4778 1
32.4802 1
32.4826 1
32.485 1
32.4874 1
32.4898 1
32.4922 1
32.4946 1
32.497 1
32.4994 1
32.5018 1
32.5042 1
32.5066 1
32.509 1
32.5114 1
32.5138 1
32.5162 1
32.5186 1
32.521 1
32.5234 1
32.5258 1
32.5282 1
32.5306 1
32.533 1
32.5354 1
32.5378 1
32.5402 1
32.5426 1
32.545 1
32.5474 1
32.5499 1
32.5523 1
32.5547 1
32.5571 1
32.5595 1
32.5619 1
32.5643 1
32.5667 1
32.5691 1
32.5715 1
32.5739 1
32.5763 1
32.5787 1
32.5811 1
32.5835 1
32.5859 1
32.5883 1
32.5907 1
32.5931 1
32.5955 1
32.5979 1
32.6003 1
32.6027 1
32.6051 1
32.6075 1
32.6099 1
32.6123 1
32.6147 1
32.6171 1
32.6195 1
32.6219 1
32.6243 1
32.6268 1
32.6292 1
32.6316 1
32.634 1
32.6364 1
32.6388 1
32.6412 1
32.6436 1
32.646 1
32.6484 1
32.6508 1
32.6532 1
32.6556 1
32.658 1
32.6604 1
32.6628 1
32.6652 1
32.6676 1
32.67 1
32.6724 1
32.6748 1
32.6772 1
32.6796 1
32.682 1
32.6844 1
32.6868 1
32.6892 1
32.6916 1
32.694 1
32.6964 1
32.6988 1
32.7013 1
32.7037 1
32.7061 1
32.7085 1
32.7109 1
32.7133 1
32.7157 1
32.7181 1
32.7205 1
32.7229 1
32.7253 1
32.7277 1
32.7301 1
32.7325 1
32.7349 1
32.7373 1
32.7397 1
32.7421 1
32.7445 1
32.7469 1
32.7493 1
32.7517 1
32.7541 1
32.7565 1
32.7589 1
32.7613 1
32.7637 1
32.7661 1
32.7685 1
32.7709 1
32.7733 1
32.7758 1
32.7782 1
32.7806 1
32.783 1
32.7854 1
32.7878 1
32.7902 1
32.7926 1
32.795 1
32.7974 1
32.7998 1
32.8022 1
32.8046 1
32.807 1
32.8094 1
32.8118 1
32.8142 1
32.8166 1
32.819 1
32.8214 1
32.8238 1
32.8262 1
32.8286 1
32.831 1
32.8334 1
32.8358 1
32.8382 1
32.8406 1
32.843 1
32.8454 1
32.8478 1
32.8503 1
32.8527 1
32.8551 1
32.8575 1
32.8599 1
32.8623 1
32.8647 1
32.8671 1
32.8695 1
32.8719 1
32.8743 1
32.8767 1
32.8791 1
32.8815 1
32.8839 1
32.8863 1
32.8887 1
32.8911 1
32.8935 1
32.8959 1
32.8983 1
32.9007 1
32.9031 1
32.9055 1
32.9079 1
32.9103 1
32.9127 1
32.9151 1
32.9175 1
32.9199 1
32.9223 1
32.9247 1
32.9272 1
32.9296 1
32.932 1
32.9344 1
32.9368 1
32.9392 1
32.9416 1
32.944 1
32.9464 1
32.9488 1
32.9512 1
32.9536 1
32.956 1
32.9584 1
32.9608 1
32.9632 1
32.9656 1
32.968 1
32.9704 1
32.9728 1
32.9752 1
32.9776 1
32.98 1
32.9824 1
32.9848 1
32.9872 1
32.9896 1
32.992 1
32.9944 1
32.9968 1
32.9992 1
33.0017 1
33.0041 1
33.0065 1
33.0089 1
33.0113 1
33.0137 1
33.0161 1
33.0185 1
33.0209 1
33.0233 1
33.0257 1
33.0281 1
33.0305 1
33.0329 1
33.0353 1
33.0377 1
33.0401 1
33.0425 1
33.0449 1
33.0473 1
33.0497 1
33.0521 1
33.0545 1
33.0569 1
33.0593 1
33.0617 1
33.0641 1
33.0665 1
33.0689 1
33.0713 1
33.0737 1
33.0762 1
33.0786 1
33.081 1
33.0834 1
33.0858 1
33.0882 1
33.0906 1
33.093 1
33.0954 1
33.0978 1
33.1002 1
33.1026 1
33.105 1
33.1074 1
33.1098 1
33.1122 1
33.1146 1
33.117 1
33.1194 1
33.1218 1
33.1242 1
33.1266 1
33.129 1
33.1314 1
33.1338 1
33.1362 1
33.1386 1
33.141 1
33.1434 1
33.1458 1
33.1482 1
33.1507 1
33.1531 1
33.1555 1
33.1579 1
33.1603 1
33.1627 1
33.1651 1
33.1675 1
33.1699 1
33.1723 1
33.1747 1
33.1771 1
33.1795 1
33.1819 1
33.1843 1
33.1867 1
33.1891 1
33.1915 1
33.1939 1
33.1963 1
33.1987 1
33.2011 1
33.2035 1
33.2059 1
33.2083 1
33.2107 1
33.2131 1
33.2155 1
33.2179 1
33.2203 1
33.2227 1
33.2251 1
33.2276 1
33.23 1
33.2324 1
33.2348 1
33.2372 1
33.2396 1
33.242 1
33.2444 1
33.2468 1
33.2492 1
33.2516 1
33.254 1
33.2564 1
33.2588 1
33.2612 1
33.2636 1
33.266 1
33.2684 1
33.2708 1
33.2732 1
33.2756 1
33.278 1
33.2804 1
33.2828 1
33.2852 1
33.2876 1
33.29 1
33.2924 1
33.2948 1
33.2972 1
33.2996 1
33.3021 1
33.3045 1
33.3069 1
33.3093 1
33.3117 1
33.3141 1
33.3165 1
33.3189 1
33.3213 1
33.3237 1
33.3261 1
33.3285 1
33.3309 1
33.3333 1
33.3357 1
33.3381 1
33.3405 1
33.3429 1
33.3453 1
33.3477 1
33.3501 1
33.3525 1
33.3549 1
33.3573 1
33.3597 1
33.3621 1
33.3645 1
33.3669 1
33.3693 1
33.3717 1
33.3741 1
33.3766 1
33.379 1
33.3814 1
33.3838 1
33.3862 1
33.3886 1
33.391 1
33.3934 1
33.3958 1
33.3982 1
33.4006 1
33.403 1
33.4054 1
33.4078 1
33.4102 1
33.4126 1
33.415 1
33.4174 1
33.4198 1
33.4222 1
33.4246 1
33.427 1
33.4294 1
33.4318 1
33.4342 1
33.4366 1
33.439 1
33.4414 1
33.4438 1
33.4462 1
33.4486 1
33.4511 1
33.4535 1
33.4559 1
33.4583 1
33.4607 1
33.4631 1
33.4655 1
33.4679 1
33.4703 1
33.4727 1
33.4751 1
33.4775 1
33.4799 1
33.4823 1
33.4847 1
33.4871 1
33.4895 1
33.4919 1
33.4943 1
33.4967 1
33.4991 1
33.5015 1
33.5039 1
33.5063 1
33.5087 1
33.5111 1
33.5135 1
33.5159 1
33.5183 1
33.5207 1
33.5231 1
33.5255 1
33.528 1
33.5304 1
33.5328 1
33.5352 1
33.5376 1
33.54 1
33.5424 1
33.5448 1
33.5472 1
33.5496 1
33.552 1
33.5544 1
33.5568 1
33.5592 1
33.5616 1
33.564 1
33.5664 1
33.5688 1
33.5712 1
33.5736 1
33.576 1
33.5784 1
33.5808 1
33.5832 1
33.5856 1
33.588 1
33.5904 1
33.5928 1
33.5952 1
33.5976 1
33.6 1
33.6025 1
33.6049 1
33.6073 1
33.6097 1
33.6121 1
33.6145 1
33.6169 1
33.6193 1
33.6217 1
33.6241 1
33.6265 1
33.6289 1
33.6313 1
33.6337 1
33.6361 1
33.6385 1
33.6409 1
33.6433 1
33.6457 1
33.6481 1
33.6505 1
33.6529 1
33.6553 1
33.6577 1
33.6601 1
33.6625 1
33.6649 1
33.6673 1
33.6697 1
33.6721 1
33.6745 1
33.677 1
33.6794 1
33.6818 1
33.6842 1
33.6866 1
33.689 1
33.6914 1
33.6938 1
33.6962 1
33.6986 1
33.701 1
33.7034 1
33.7058 1
33.7082 1
33.7106 1
33.713 1
33.7154 1
33.7178 1
33.7202 1
33.7226 1
33.725 1
33.7274 1
33.7298 1
33.7322 1
33.7346 1
33.737 1
33.7394 1
33.7418 1
33.7442 1
33.7466 1
33.749 1
33.7515 1
33.7539 1
33.7563 1
33.7587 1
33.7611 1
33.7635 1
33.7659 1
33.7683 1
33.7707 1
33.7731 1
33.7755 1
33.7779 1
33.7803 1
33.7827 1
33.7851 1
33.7875 1
33.7899 1
33.7923 1
33.7947 1
33.7971 1
33.7995 1
33.8019 1
33.8043 1
33.8067 1
33.8091 1
33.8115 1
33.8139 1
33.8163 1
33.8187 1
33.8211 1
33.8235 1
33.8259 1
33.8284 1
33.8308 1
33.8332 1
33.8356 1
33.838 1
33.8404 1
33.8428 1
33.8452 1
33.8476 1
33.85 1
33.8524 1
33.8548 1
33.8572 1
33.8596 1
33.862 1
33.8644 1
33.8668 1
33.8692 1
33.8716 1
33.874 1
33.8764 1
33.8788 1
33.8812 1
33.8836 1
33.886 1
33.8884 1
33.8908 1
33.8932 1
33.8956 1
33.898 1
33.9004 1
33.9029 1
33.9053 1
33.9077 1
33.9101 1
33.9125 1
33.9149 1
33.9173 1
33.9197 1
33.9221 1
33.9245 1
33.9269 1
33.9293 1
33.9317 1
33.9341 1
33.9365 1
33.9389 1
33.9413 1
33.9437 1
33.9461 1
33.9485 1
33.9509 1
33.9533 1
33.9557 1
33.9581 1
33.9605 1
33.9629 1
33.9653 1
33.9677 1
33.9701 1
33.9725 1
33.9749 1
33.9774 1
33.9798 1
33.9822 1
33.9846 1
33.987 1
33.9894 1
33.9918 1
33.9942 1
33.9966 1
33.999 1
34.0014 1
34.0038 1
34.0062 1
34.0086 1
34.011 1
34.0134 1
34.0158 1
34.0182 1
34.0206 1
34.023 1
34.0254 1
34.0278 1
34.0302 1
34.0326 1
34.035 1
34.0374 1
34.0398 1
34.0422 1
34.0446 1
34.047 1
34.0494 1
34.0519 1
34.0543 1
34.0567 1
34.0591 1
34.0615 1
34.0639 1
34.0663 1
34.0687 1
34.0711 1
34.0735 1
34.0759 1
34.0783 1
34.0807 1
34.0831 1
34.0855 1
34.0879 1
34.0903 1
34.0927 1
34.0951 1
34.0975 1
34.0999 1
34.1023 1
34.1047 1
34.1071 1
34.1095 1
34.1119 1
34.1143 1
34.1167 1
34.1191 1
34.1215 1
34.1239 1
34.1263 1
34.1288 1
34.1312 1
34.1336 1
34.136 1
34.1384 1
34.1408 1
34.1432 1
34.1456 1
34.148 1
34.1504 1
34.1528 1
34.1552 1
34.1576 1
34.16 1
34.1624 1
34.1648 1
34.1672 1
34.1696 1
34.172 1
34.1744 1
34.1768 1
34.1792 1
34.1816 1
34.184 1
34.1864 1
34.1888 1
34.1912 1
34.1936 1
34.196 1
34.1984 1
34.2008 1
34.2033 1
34.2057 1
34.2081 1
34.2105 1
34.2129 1
34.2153 1
34.2177 1
34.2201 1
34.2225 1
34.2249 1
34.2273 1
34.2297 1
34.2321 1
34.2345 1
34.2369 1
34.2393 1
34.2417 1
34.2441 1
34.2465 1
34.2489 1
34.2513 1
34.2537 1
34.2561 1
34.2585 1
34.2609 1
34.2633 1
34.2657 1
34.2681 1
34.2705 1
34.2729 1
34.2753 1
34.2778 1
34.2802 1
34.2826 1
34.285 1
34.2874 1
34.2898 1
34.2922 1
34.2946 1
34.297 1
34.2994 1
34.3018 1
34.3042 1
34.3066 1
34.309 1
34.3114 1
34.3138 1
34.3162 1
34.3186 1
34.321 1
34.3234 1
34.3258 1
34.3282 1
34.3306 1
34.333 1
34.3354 1
34.3378 1
34.3402 1
34.3426 1
34.345 1
34.3474 1
34.3498 1
34.3523 1
34.3547 1
34.3571 1
34.3595 1
34.3619 1
34.3643 1
34.3667 1
34.3691 1
34.3715 1
34.3739 1
34.3763 1
34.3787 1
34.3811 1
34.3835 1
34.3859 1
34.3883 1
34.3907 1
34.3931 1
34.3955 1
34.3979 1
34.4003 1
34.4027 1
34.4051 1
34.4075 1
34.4099 1
34.4123 1
34.4147 1
34.4171 1
34.4195 1
34.4219 1
34.4243 1
34.4267 1
34.4292 1
34.4316 1
34.434 1
34.4364 1
34.4388 1
34.4412 1
34.4436 1
34.446 1
34.4484 1
34.4508 1
34.4532 1
34.4556 1
34.458 1
34.4604 1
34.4628 1
34.4652 1
34.4676 1
34.47 1
34.4724 1
34.4748 1
34.4772 1
34.4796 1
34.482 1
34.4844 1
34.4868 1
34.4892 1
34.4916 1
34.494 1
34.4964 1
34.4988 1
34.5012 1
34.5037 1
34.5061 1
34.5085 1
34.5109 1
34.5133 1
34.5157 1
34.5181 1
34.5205 1
34.5229 1
34.5253 1
34.5277 1
34.5301 1
34.5325 1
34.5349 1
34.5373 1
34.5397 1
34.5421 1
34.5445 1
34.5469 1
34.5493 1
34.5517 1
34.5541 1
34.5565 1
34.5589 1
34.5613 1
34.5637 1
34.5661 1
34.5685 1
34.5709 1
34.5733 1
34.5757 1
34.5782 1
34.5806 1
34.583 1
34.5854 1
34.5878 1
34.5902 1
34.5926 1
34.595 1
34.5974 1
34.5998 1
34.6022 1
34.6046 1
34.607 1
34.6094 1
34.6118 1
34.6142 1
34.6166 1
34.619 1
34.6214 1
34.6238 1
34.6262 1
34.6286 1
34.631 1
34.6334 1
34.6358 1
34.6382 1
34.6406 1
34.643 1
34.6454 1
34.6478 1
34.6502 1
34.6527 1
34.6551 1
34.6575 1
34.6599 1
34.6623 1
34.6647 1
34.6671 1
34.6695 1
34.6719 1
34.6743 1
34.6767 1
34.6791 1
34.6815 1
34.6839 1
34.6863 1
34.6887 1
34.6911 1
34.6935 1
34.6959 1
34.6983 1
34.7007 1
34.7031 1
34.7055 1
34.7079 1
34.7103 1
34.7127 1
34.7151 1
34.7175 1
34.7199 1
34.7223 1
34.7247 1
34.7271 1
34.7296 1
34.732 1
34.7344 1
34.7368 1
34.7392 1
34.7416 1
34.744 1
34.7464 1
34.7488 1
34.7512 1
34.7536 1
34.756 1
34.7584 1
34.7608 1
34.7632 1
34.7656 1
34.768 1
34.7704 1
34.7728 1
34.7752 1
34.7776 1
34.78 1
34.7824 1
34.7848 1
34.7872 1
34.7896 1
34.792 1
34.7944 1
34.7968 1
34.7992 1
34.8016 1
34.8041 1
34.8065 1
34.8089 1
34.8113 1
34.8137 1
34.8161 1
34.8185 1
34.8209 1
34.8233 1
34.8257 1
34.8281 1
34.8305 1
34.8329 1
34.8353 1
34.8377 1
34.8401 1
34.8425 1
34.8449 1
34.8473 1
34.8497 1
34.8521 1
34.8545 1
34.8569 1
34.8593 1
34.8617 1
34.8641 1
34.8665 1
34.8689 1
34.8713 1
34.8737 1
34.8761 1
34.8786 1
34.881 1
34.8834 1
34.8858 1
34.8882 1
34.8906 1
34.893 1
34.8954 1
34.8978 1
34.9002 1
34.9026 1
34.905 1
34.9074 1
34.9098 1
34.9122 1
34.9146 1
34.917 1
34.9194 1
34.9218 1
34.9242 1
34.9266 1
34.929 1
34.9314 1
34.9338 1
34.9362 1
34.9386 1
34.941 1
34.9434 1
34.9458 1
34.9482 1
34.9506 1
34.9531 1
34.9555 1
34.9579 1
34.9603 1
34.9627 1
34.9651 1
34.9675 1
34.9699 1
34.9723 1
34.9747 1
34.9771 1
34.9795 1
34.9819 1
34.9843 1
34.9867 1
34.9891 1
34.9915 1
34.9939 1
34.9963 1
34.9987 1
35.0011 1
35.0035 1
35.0059 1
35.0083 1
35.0107 1
35.0131 1
35.0155 1
35.0179 1
35.0203 1
35.0227 1
35.0251 1
35.0275 1
35.03 1
35.0324 1
35.0348 1
35.0372 1
35.0396 1
35.042 1
35.0444 1
35.0468 1
35.0492 1
35.0516 1
35.054 1
35.0564 1
35.0588 1
35.0612 1
35.0636 1
35.066 1
35.0684 1
35.0708 1
35.0732 1
35.0756 1
35.078 1
35.0804 1
35.0828 1
35.0852 1
35.0876 1
35.09 1
35.0924 1
35.0948 1
35.0972 1
35.0996 1
35.102 1
35.1045 1
35.1069 1
35.1093 1
35.1117 1
35.1141 1
35.1165 1
35.1189 1
35.1213 1
35.1237 1
35.1261 1
35.1285 1
35.1309 1
35.1333 1
35.1357 1
35.1381 1
35.1405 1
35.1429 1
35.1453 1
35.1477 1
35.1501 1
35.1525 1
35.1549 1
35.1573 1
35.1597 1
35.1621 1
35.1645 1
35.1669 1
35.1693 1
35.1717 1
35.1741 1
35.1765 1
35.179 1
35.1814 1
35.1838 1
35.1862 1
35.1886 1
35.191 1
35.1934 1
35.1958 1
35.1982 1
35.2006 1
35.203 1
35.2054 1
35.2078 1
35.2102 1
35.2126 1
35.215 1
35.2174 1
35.2198 1
35.2222 1
35.2246 1
35.227 1
35.2294 1
35.2318 1
35.2342 1
35.2366 1
35.239 1
35.2414 1
35.2438 1
35.2462 1
35.2486 1
35.251 1
35.2535 1
35.2559 1
35.2583 1
35.2607 1
35.2631 1
35.2655 1
35.2679 1
35.2703 1
35.2727 1
35.2751 1
35.2775 1
35.2799 1
35.2823 1
35.2847 1
35.2871 1
35.2895 1
35.2919 1
35.2943 1
35.2967 1
35.2991 1
35.3015 1
35.3039 1
35.3063 1
35.3087 1
35.3111 1
35.3135 1
35.3159 1
35.3183 1
35.3207 1
35.3231 1
35.3255 1
35.3279 1
35.3304 1
35.3328 1
35.3352 1
35.3376 1
35.34 1
35.3424 1
35.3448 1
35.3472 1
35.3496 1
35.352 1
35.3544 1
35.3568 1
35.3592 1
35.3616 1
35.364 1
35.3664 1
35.3688 1
35.3712 1
35.3736 1
35.376 1
35.3784 1
35.3808 1
35.3832 1
35.3856 1
35.388 1
35.3904 1
35.3928 1
35.3952 1
35.3976 1
35.4 1
35.4024 1
35.4049 1
35.4073 1
35.4097 1
35.4121 1
35.4145 1
35.4169 1
35.4193 1
35.4217 1
35.4241 1
35.4265 1
35.4289 1
35.4313 1
35.4337 1
35.4361 1
35.4385 1
35.4409 1
35.4433 1
35.4457 1
35.4481 1
35.4505 1
35.4529 1
35.4553 1
35.4577 1
35.4601 1
35.4625 1
35.4649 1
35.4673 1
35.4697 1
35.4721 1
35.4745 1
35.4769 1
35.4794 1
35.4818 1
35.4842 1
35.4866 1
35.489 1
35.4914 1
35.4938 1
35.4962 1
35.4986 1
35.501 1
35.5034 1
35.5058 1
35.5082 1
35.5106 1
35.513 1
35.5154 1
35.5178 1
35.5202 1
35.5226 1
35.525 1
35.5274 1
35.5298 1
35.5322 1
35.5346 1
35.537 1
35.5394 1
35.5418 1
35.5442 1
35.5466 1
35.549 1
35.5514 1
35.5539 1
35.5563 1
35.5587 1
35.5611 1
35.5635 1
35.5659 1
35.5683 1
35.5707 1
35.5731 1
35.5755 1
35.5779 1
35.5803 1
35.5827 1
35.5851 1
35.5875 1
35.5899 1
35.5923 1
35.5947 1
35.5971 1
35.5995 1
35.6019 1
35.6043 1
35.6067 1
35.6091 1
35.6115 1
35.6139 1
35.6163 1
35.6187 1
35.6211 1
35.6235 1
35.6259 1
35.6283 1
35.6308 1
35.6332 1
35.6356 1
35.638 1
35.6404 1
35.6428 1
35.6452 1
35.6476 1
35.65 1
35.6524 1
35.6548 1
35.6572 1
35.6596 1
35.662 1
35.6644 1
35.6668 1
35.6692 1
35.6716 1
35.674 1
35.6764 1
35.6788 1
35.6812 1
35.6836 1
35.686 1
35.6884 1
35.6908 1
35.6932 1
35.6956 1
35.698 1
35.7004 1
35.7028 1
35.7053 1
35.7077 1
35.7101 1
35.7125 1
35.7149 1
35.7173 1
35.7197 1
35.7221 1
35.7245 1
35.7269 1
35.7293 1
35.7317 1
35.7341 1
35.7365 1
35.7389 1
35.7413 1
35.7437 1
35.7461 1
35.7485 1
35.7509 1
35.7533 1
35.7557 1
35.7581 1
35.7605 1
35.7629 1
35.7653 1
35.7677 1
35.7701 1
35.7725 1
35.7749 1
35.7773 1
35.7798 1
35.7822 1
35.7846 1
35.787 1
35.7894 1
35.7918 1
35.7942 1
35.7966 1
35.799 1
35.8014 1
35.8038 1
35.8062 1
35.8086 1
35.811 1
35.8134 1
35.8158 1
35.8182 1
35.8206 1
35.823 1
35.8254 1
35.8278 1
35.8302 1
35.8326 1
35.835 1
35.8374 1
35.8398 1
35.8422 1
35.8446 1
35.847 1
35.8494 1
35.8518 1
35.8543 1
35.8567 1
35.8591 1
35.8615 1
35.8639 1
35.8663 1
35.8687 1
35.8711 1
35.8735 1
35.8759 1
35.8783 1
35.8807 1
35.8831 1
35.8855 1
35.8879 1
35.8903 1
35.8927 1
35.8951 1
35.8975 1
35.8999 1
35.9023 1
35.9047 1
35.9071 1
35.9095 1
35.9119 1
35.9143 1
35.9167 1
35.9191 1
35.9215 1
35.9239 1
35.9263 1
35.9287 1
35.9312 1
35.9336 1
35.936 1
35.9384 1
35.9408 1
35.9432 1
35.9456 1
35.948 1
35.9504 1
35.9528 1
35.9552 1
35.9576 1
35.96 1
35.9624 1
35.9648 1
35.9672 1
35.9696 1
35.972 1
35.9744 1
35.9768 1
35.9792 1
35.9816 1
35.984 1
35.9864 1
35.9888 1
35.9912 1
35.9936 1
35.996 1
35.9984 1
36.0008 1
36.0032 1
36.0057 1
36.0081 1
36.0105 1
36.0129 1
36.0153 1
36.0177 1
36.0201 1
36.0225 1
36.0249 1
36.0273 1
36.0297 1
36.0321 1
36.0345 1
36.0369 1
36.0393 1
36.0417 1
36.0441 1
36.0465 1
36.0489 1
36.0513 1
36.0537 1
36.0561 1
36.0585 1
36.0609 1
36.0633 1
36.0657 1
36.0681 1
36.0705 1
36.0729 1
36.0753 1
36.0777 1
36.0802 1
36.0826 1
36.085 1
36.0874 1
36.0898 1
36.0922 1
36.0946 1
36.097 1
36.0994 1
36.1018 1
36.1042 1
36.1066 1
36.109 1
36.1114 1
36.1138 1
36.1162 1
36.1186 1
36.121 1
36.1234 1
36.1258 1
36.1282 1
36.1306 1
36.133 1
36.1354 1
36.1378 1
36.1402 1
36.1426 1
36.145 1
36.1474 1
36.1498 1
36.1522 1
36.1547 1
36.1571 1
36.1595 1
36.1619 1
36.1643 1
36.1667 1
36.1691 1
36.1715 1
36.1739 1
36.1763 1
36.1787 1
36.1811 1
36.1835 1
36.1859 1
36.1883 1
36.1907 1
36.1931 1
36.1955 1
36.1979 1
36.2003 1
36.2027 1
36.2051 1
36.2075 1
36.2099 1
36.2123 1
36.2147 1
36.2171 1
36.2195 1
36.2219 1
36.2243 1
36.2267 1
36.2291 1
36.2316 1
36.234 1
36.2364 1
36.2388 1
36.2412 1
36.2436 1
36.246 1
36.2484 1
36.2508 1
36.2532 1
36.2556 1
36.258 1
36.2604 1
36.2628 1
36.2652 1
36.2676 1
36.27 1
36.2724 1
36.2748 1
36.2772 1
36.2796 1
36.282 1
36.2844 1
36.2868 1
36.2892 1
36.2916 1
36.294 1
36.2964 1
36.2988 1
36.3012 1
36.3036 1
36.3061 1
36.3085 1
36.3109 1
36.3133 1
36.3157 1
36.3181 1
36.3205 1
36.3229 1
36.3253 1
36.3277 1
36.3301 1
36.3325 1
36.3349 1
36.3373 1
36.3397 1
36.3421 1
36.3445 1
36.3469 1
36.3493 1
36.3517 1
36.3541 1
36.3565 1
36.3589 1
36.3613 1
36.3637 1
36.3661 1
36.3685 1
36.3709 1
36.3733 1
36.3757 1
36.3781 1
36.3806 1
36.383 1
36.3854 1
36.3878 1
36.3902 1
36.3926 1
36.395 1
36.3974 1
36.3998 1
36.4022 1
36.4046 1
36.407 1
36.4094 1
36.4118 1
36.4142 1
36.4166 1
36.419 1
36.4214 1
36.4238 1
36.4262 1
36.4286 1
36.431 1
36.4334 1
36.4358 1
36.4382 1
36.4406 1
36.443 1
36.4454 1
36.4478 1
36.4502 1
36.4526 1
36.4551 1
36.4575 1
36.4599 1
36.4623 1
36.4647 1
36.4671 1
36.4695 1
36.4719 1
36.4743 1
36.4767 1
36.4791 1
36.4815 1
36.4839 1
36.4863 1
36.4887 1
36.4911 1
36.4935 1
36.4959 1
36.4983 1
36.5007 1
36.5031 1
36.5055 1
36.5079 1
36.5103 1
36.5127 1
36.5151 1
36.5175 1
36.5199 1
36.5223 1
36.5247 1
36.5271 1
36.5295 1
36.532 1
36.5344 1
36.5368 1
36.5392 1
36.5416 1
36.544 1
36.5464 1
36.5488 1
36.5512 1
36.5536 1
36.556 1
36.5584 1
36.5608 1
36.5632 1
36.5656 1
36.568 1
36.5704 1
36.5728 1
36.5752 1
36.5776 1
36.58 1
36.5824 1
36.5848 1
36.5872 1
36.5896 1
36.592 1
36.5944 1
36.5968 1
36.5992 1
36.6016 1
36.604 1
36.6065 1
36.6089 1
36.6113 1
36.6137 1
36.6161 1
36.6185 1
36.6209 1
36.6233 1
36.6257 1
36.6281 1
36.6305 1
36.6329 1
36.6353 1
36.6377 1
36.6401 1
36.6425 1
36.6449 1
36.6473 1
36.6497 1
36.6521 1
36.6545 1
36.6569 1
36.6593 1
36.6617 1
36.6641 1
36.6665 1
36.6689 1
36.6713 1
36.6737 1
36.6761 1
36.6785 1
36.681 1
36.6834 1
36.6858 1
36.6882 1
36.6906 1
36.693 1
36.6954 1
36.6978 1
36.7002 1
36.7026 1
36.705 1
36.7074 1
36.7098 1
36.7122 1
36.7146 1
36.717 1
36.7194 1
36.7218 1
36.7242 1
36.7266 1
36.729 1
36.7314 1
36.7338 1
36.7362 1
36.7386 1
36.741 1
36.7434 1
36.7458 1
36.7482 1
36.7506 1
36.753 1
36.7555 1
36.7579 1
36.7603 1
36.7627 1
36.7651 1
36.7675 1
36.7699 1
36.7723 1
36.7747 1
36.7771 1
36.7795 1
36.7819 1
36.7843 1
36.7867 1
36.7891 1
36.7915 1
36.7939 1
36.7963 1
36.7987 1
36.8011 1
36.8035 1
36.8059 1
36.8083 1
36.8107 1
36.8131 1
36.8155 1
36.8179 1
36.8203 1
36.8227 1
36.8251 1
36.8275 1
36.8299 1
36.8324 1
36.8348 1
36.8372 1
36.8396 1
36.842 1
36.8444 1
36.8468 1
36.8492 1
36.8516 1
36.854 1
36.8564 1
36.8588 1
36.8612 1
36.8636 1
36.866 1
36.8684 1
36.8708 1
36.8732 1
36.8756 1
36.878 1
36.8804 1
36.8828 1
36.8852 1
36.8876 1
36.89 1
36.8924 1
36.8948 1
36.8972 1
36.8996 1
36.902 1
36.9044 1
36.9069 1
36.9093 1
36.9117 1
36.9141 1
36.9165 1
36.9189 1
36.9213 1
36.9237 1
36.9261 1
36.9285 1
36.9309 1
36.9333 1
36.9357 1
36.9381 1
36.9405 1
36.9429 1
36.9453 1
36.9477 1
36.9501 1
36.9525 1
36.9549 1
36.9573 1
36.9597 1
36.9621 1
36.9645 1
36.9669 1
36.9693 1
36.9717 1
36.9741 1
36.9765 1
36.9789 1
36.9814 1
36.9838 1
36.9862 1
36.9886 1
36.991 1
36.9934 1
36.9958 1
36.9982 1
37.0006 1
37.003 1
37.0054 1
37.0078 1
37.0102 1
37.0126 1
37.015 1
37.0174 1
37.0198 1
37.0222 1
37.0246 1
37.027 1
37.0294 1
37.0318 1
37.0342 1
37.0366 1
37.039 1
37.0414 1
37.0438 1
37.0462 1
37.0486 1
37.051 1
37.0534 1
37.0559 1
37.0583 1
37.0607 1
37.0631 1
37.0655 1
37.0679 1
37.0703 1
37.0727 1
37.0751 1
37.0775 1
37.0799 1
37.0823 1
37.0847 1
37.0871 1
37.0895 1
37.0919 1
37.0943 1
37.0967 1
37.0991 1
37.1015 1
37.1039 1
37.1063 1
37.1087 1
37.1111 1
37.1135 1
37.1159 1
37.1183 1
37.1207 1
37.1231 1
37.1255 1
37.1279 1
37.1303 1
37.1328 1
37.1352 1
37.1376 1
37.14 1
37.1424 1
37.1448 1
37.1472 1
37.1496 1
37.152 1
37.1544 1
37.1568 1
37.1592 1
37.1616 1
37.164 1
37.1664 1
37.1688 1
37.1712 1
37.1736 1
37.176 1
37.1784 1
37.1808 1
37.1832 1
37.1856 1
37.188 1
37.1904 1
37.1928 1
37.1952 1
37.1976 1
37.2 1
37.2024 1
37.2048 1
37.2073 1
37.2097 1
37.2121 1
37.2145 1
37.2169 1
37.2193 1
37.2217 1
37.2241 1
37.2265 1
37.2289 1
37.2313 1
37.2337 1
37.2361 1
37.2385 1
37.2409 1
37.2433 1
37.2457 1
37.2481 1
37.2505 1
37.2529 1
37.2553 1
37.2577 1
37.2601 1
37.2625 1
37.2649 1
37.2673 1
37.2697 1
37.2721 1
37.2745 1
37.2769 1
37.2793 1
37.2818 1
37.2842 1
37.2866 1
37.289 1
37.2914 1
37.2938 1
37.2962 1
37.2986 1
37.301 1
37.3034 1
37.3058 1
37.3082 1
37.3106 1
37.313 1
37.3154 1
37.3178 1
37.3202 1
37.3226 1
37.325 1
37.3274 1
37.3298 1
37.3322 1
37.3346 1
37.337 1
37.3394 1
37.3418 1
37.3442 1
37.3466 1
37.349 1
37.3514 1
37.3538 1
37.3563 1
37.3587 1
37.3611 1
37.3635 1
37.3659 1
37.3683 1
37.3707 1
37.3731 1
37.3755 1
37.3779 1
37.3803 1
37.3827 1
37.3851 1
37.3875 1
37.3899 1
37.3923 1
37.3947 1
37.3971 1
37.3995 1
37.4019 1
37.4043 1
37.4067 1
37.4091 1
37.4115 1
37.4139 1
37.4163 1
37.4187 1
37.4211 1
37.4235 1
37.4259 1
37.4283 1
37.4307 1
37.4332 1
37.4356 1
37.438 1
37.4404 1
37.4428 1
37.4452 1
37.4476 1
37.45 1
37.4524 1
37.4548 1
37.4572 1
37.4596 1
37.462 1
37.4644 1
37.4668 1
37.4692 1
37.4716 1
37.474 1
37.4764 1
37.4788 1
37.4812 1
37.4836 1
37.486 1
37.4884 1
37.4908 1
37.4932 1
37.4956 1
37.498 1
37.5004 1
37.5028 1
37.5052 1
37.5077 1
37.5101 1
37.5125 1
37.5149 1
37.5173 1
37.5197 1
37.5221 1
37.5245 1
37.5269 1
37.5293 1
37.5317 1
37.5341 1
37.5365 1
37.5389 1
37.5413 1
37.5437 1
37.5461 1
37.5485 1
37.5509 1
37.5533 1
37.5557 1
37.5581 1
37.5605 1
37.5629 1
37.5653 1
37.5677 1
37.5701 1
37.5725 1
37.5749 1
37.5773 1
37.5797 1
37.5822 1
37.5846 1
37.587 1
37.5894 1
37.5918 1
37.5942 1
37.5966 1
37.599 1
37.6014 1
37.6038 1
37.6062 1
37.6086 1
37.611 1
37.6134 1
37.6158 1
37.6182 1
37.6206 1
37.623 1
37.6254 1
37.6278 1
37.6302 1
37.6326 1
37.635 1
37.6374 1
37.6398 1
37.6422 1
37.6446 1
37.647 1
37.6494 1
37.6518 1
37.6542 1
37.6567 1
37.6591 1
37.6615 1
37.6639 1
37.6663 1
37.6687 1
37.6711 1
37.6735 1
37.6759 1
37.6783 1
37.6807 1
37.6831 1
37.6855 1
37.6879 1
37.6903 1
37.6927 1
37.6951 1
37.6975 1
37.6999 1
37.7023 1
37.7047 1
37.7071 1
37.7095 1
37.7119 1
37.7143 1
37.7167 1
37.7191 1
37.7215 1
37.7239 1
37.7263 1
37.7287 1
37.7311 1
37.7336 1
37.736 1
37.7384 1
37.7408 1
37.7432 1
37.7456 1
37.748 1
37.7504 1
37.7528 1
37.7552 1
37.7576 1
37.76 1
37.7624 1
37.7648 1
37.7672 1
37.7696 1
37.772 1
37.7744 1
37.7768 1
37.7792 1
37.7816 1
37.784 1
37.7864 1
37.7888 1
37.7912 1
37.7936 1
37.796 1
37.7984 1
37.8008 1
37.8032 1
37.8056 1
37.8081 1
37.8105 1
37.8129 1
37.8153 1
37.8177 1
37.8201 1
37.8225 1
37.8249 1
37.8273 1
37.8297 1
37.8321 1
37.8345 1
37.8369 1
37.8393 1
37.8417 1
37.8441 1
37.8465 1
37.8489 1
37.8513 1
37.8537 1
37.8561 1
37.8585 1
37.8609 1
37.8633 1
37.8657 1
37.8681 1
37.8705 1
37.8729 1
37.8753 1
37.8777 1
37.8801 1
37.8826 1
37.885 1
37.8874 1
37.8898 1
37.8922 1
37.8946 1
37.897 1
37.8994 1
37.9018 1
37.9042 1
37.9066 1
37.909 1
37.9114 1
37.9138 1
37.9162 1
37.9186 1
37.921 1
37.9234 1
37.9258 1
37.9282 1
37.9306 1
37.933 1
37.9354 1
37.9378 1
37.9402 1
37.9426 1
37.945 1
37.9474 1
37.9498 1
37.9522 1
37.9546 1
37.9571 1
37.9595 1
37.9619 1
37.9643 1
37.9667 1
37.9691 1
37.9715 1
37.9739 1
37.9763 1
37.9787 1
37.9811 1
37.9835 1
37.9859 1
37.9883 1
37.9907 1
37.9931 1
37.9955 1
37.9979 1
38.0003 1
38.0027 1
38.0051 1
38.0075 1
38.0099 1
38.0123 1
38.0147 1
38.0171 1
38.0195 1
38.0219 1
38.0243 1
38.0267 1
38.0291 1
38.0315 1
38.034 1
38.0364 1
38.0388 1
38.0412 1
38.0436 1
38.046 1
38.0484 1
38.0508 1
38.0532 1
38.0556 1
38.058 1
38.0604 1
38.0628 1
38.0652 1
38.0676 1
38.07 1
38.0724 1
38.0748 1
38.0772 1
38.0796 1
38.082 1
38.0844 1
38.0868 1
38.0892 1
38.0916 1
38.094 1
38.0964 1
38.0988 1
38.1012 1
38.1036 1
38.106 1
38.1085 1
38.1109 1
38.1133 1
38.1157 1
38.1181 1
38.1205 1
38.1229 1
38.1253 1
38.1277 1
38.1301 1
38.1325 1
38.1349 1
38.1373 1
38.1397 1
38.1421 1
38.1445 1
38.1469 1
38.1493 1
38.1517 1
38.1541 1
38.1565 1
38.1589 1
38.1613 1
38.1637 1
38.1661 1
38.1685 1
38.1709 1
38.1733 1
38.1757 1
38.1781 1
38.1805 1
38.183 1
38.1854 1
38.1878 1
38.1902 1
38.1926 1
38.195 1
38.1974 1
38.1998 1
38.2022 1
38.2046 1
38.207 1
38.2094 1
38.2118 1
38.2142 1
38.2166 1
38.219 1
38.2214 1
38.2238 1
38.2262 1
38.2286 1
38.231 1
38.2334 1
38.2358 1
38.2382 1
38.2406 1
38.243 1
38.2454 1
38.2478 1
38.2502 1
38.2526 1
38.255 1
38.2575 1
38.2599 1
38.2623 1
38.2647 1
38.2671 1
38.2695 1
38.2719 1
38.2743 1
38.2767 1
38.2791 1
38.2815 1
38.2839 1
38.2863 1
38.2887 1
38.2911 1
38.2935 1
38.2959 1
38.2983 1
38.3007 1
38.3031 1
38.3055 1
38.3079 1
38.3103 1
38.3127 1
38.3151 1
38.3175 1
38.3199 1
38.3223 1
38.3247 1
38.3271 1
38.3295 1
38.3319 1
38.3344 1
38.3368 1
38.3392 1
38.3416 1
38.344 1
38.3464 1
38.3488 1
38.3512 1
38.3536 1
38.356 1
38.3584 1
38.3608 1
38.3632 1
38.3656 1
38.368 1
38.3704 1
38.3728 1
38.3752 1
38.3776 1
38.38 1
38.3824 1
38.3848 1
38.3872 1
38.3896 1
38.392 1
38.3944 1
38.3968 1
38.3992 1
38.4016 1
38.404 1
38.4064 1
38.4089 1
38.4113 1
38.4137 1
38.4161 1
38.4185 1
38.4209 1
38.4233 1
38.4257 1
38.4281 1
38.4305 1
38.4329 1
38.4353 1
38.4377 1
38.4401 1
38.4425 1
38.4449 1
38.4473 1
38.4497 1
38.4521 1
38.4545 1
38.4569 1
38.4593 1
38.4617 1
38.4641 1
38.4665 1
38.4689 1
38.4713 1
38.4737 1
38.4761 1
38.4785 1
38.4809 1
38.4834 1
38.4858 1
38.4882 1
38.4906 1
38.493 1
38.4954 1
38.4978 1
38.5002 1
38.5026 1
38.505 1
38.5074 1
38.5098 1
38.5122 1
38.5146 1
38.517 1
38.5194 1
38.5218 1
38.5242 1
38.5266 1
38.529 1
38.5314 1
38.5338 1
38.5362 1
38.5386 1
38.541 1
38.5434 1
38.5458 1
38.5482 1
38.5506 1
38.553 1
38.5554 1
38.5579 1
38.5603 1
38.5627 1
38.5651 1
38.5675 1
38.5699 1
38.5723 1
38.5747 1
38.5771 1
38.5795 1
38.5819 1
38.5843 1
38.5867 1
38.5891 1
38.5915 1
38.5939 1
38.5963 1
38.5987 1
38.6011 1
38.6035 1
38.6059 1
38.6083 1
38.6107 1
38.6131 1
38.6155 1
38.6179 1
38.6203 1
38.6227 1
38.6251 1
38.6275 1
38.6299 1
38.6323 1
38.6348 1
38.6372 1
38.6396 1
38.642 1
38.6444 1
38.6468 1
38.6492 1
38.6516 1
38.654 1
38.6564 1
38.6588 1
38.6612 1
38.6636 1
38.666 1
38.6684 1
38.6708 1
38.6732 1
38.6756 1
38.678 1
38.6804 1
38.6828 1
38.6852 1
38.6876 1
38.69 1
38.6924 1
38.6948 1
38.6972 1
38.6996 1
38.702 1
38.7044 1
38.7068 1
38.7093 1
38.7117 1
38.7141 1
38.7165 1
38.7189 1
38.7213 1
38.7237 1
38.7261 1
38.7285 1
38.7309 1
38.7333 1
38.7357 1
38.7381 1
38.7405 1
38.7429 1
38.7453 1
38.7477 1
38.7501 1
38.7525 1
38.7549 1
38.7573 1
38.7597 1
38.7621 1
38.7645 1
38.7669 1
38.7693 1
38.7717 1
38.7741 1
38.7765 1
38.7789 1
38.7813 1
38.7838 1
38.7862 1
38.7886 1
38.791 1
38.7934 1
38.7958 1
38.7982 1
38.8006 1
38.803 1
38.8054 1
38.8078 1
38.8102 1
38.8126 1
38.815 1
38.8174 1
38.8198 1
38.8222 1
38.8246 1
38.827 1
38.8294 1
38.8318 1
38.8342 1
38.8366 1
38.839 1
38.8414 1
38.8438 1
38.8462 1
38.8486 1
38.851 1
38.8534 1
38.8558 1
38.8583 1
38.8607 1
38.8631 1
38.8655 1
38.8679 1
38.8703 1
38.8727 1
38.8751 1
38.8775 1
38.8799 1
38.8823 1
38.8847 1
38.8871 1
38.8895 1
38.8919 1
38.8943 1
38.8967 1
38.8991 1
38.9015 1
38.9039 1
38.9063 1
38.9087 1
38.9111 1
38.9135 1
38.9159 1
38.9183 1
38.9207 1
38.9231 1
38.9255 1
38.9279 1
38.9303 1
38.9327 1
38.9352 1
38.9376 1
38.94 1
38.9424 1
38.9448 1
38.9472 1
38.9496 1
38.952 1
38.9544 1
38.9568 1
38.9592 1
38.9616 1
38.964 1
38.9664 1
38.9688 1
38.9712 1
38.9736 1
38.976 1
38.9784 1
38.9808 1
38.9832 1
38.9856 1
38.988 1
38.9904 1
38.9928 1
38.9952 1
38.9976 1
39 1
39.0024 1
39.0048 1
39.0072 1
39.0097 1
39.0121 1
39.0145 1
39.0169 1
39.0193 1
39.0217 1
39.0241 1
39.0265 1
39.0289 1
39.0313 1
39.0337 1
39.0361 1
39.0385 1
39.0409 1
39.0433 1
39.0457 1
39.0481 1
39.0505 1
39.0529 1
39.0553 1
39.0577 1
39.0601 1
39.0625 1
39.0649 1
39.0673 1
39.0697 1
39.0721 1
39.0745 1
39.0769 1
39.0793 1
39.0817 1
39.0842 1
39.0866 1
39.089 1
39.0914 1
39.0938 1
39.0962 1
39.0986 1
39.101 1
39.1034 1
39.1058 1
39.1082 1
39.1106 1
39.113 1
39.1154 1
39.1178 1
39.1202 1
39.1226 1
39.125 1
39.1274 1
39.1298 1
39.1322 1
39.1346 1
39.137 1
39.1394 1
39.1418 1
39.1442 1
39.1466 1
39.149 1
39.1514 1
39.1538 1
39.1562 1
39.1587 1
39.1611 1
39.1635 1
39.1659 1
39.1683 1
39.1707 1
39.1731 1
39.1755 1
39.1779 1
39.1803 1
39.1827 1
39.1851 1
39.1875 1
39.1899 1
39.1923 1
39.1947 1
39.1971 1
39.1995 1
39.2019 1
39.2043 1
39.2067 1
39.2091 1
39.2115 1
39.2139 1
39.2163 1
39.2187 1
39.2211 1
39.2235 1
39.2259 1
39.2283 1
39.2307 1
39.2331 1
39.2356 1
39.238 1
39.2404 1
39.2428 1
39.2452 1
39.2476 1
39.25 1
39.2524 1
39.2548 1
39.2572 1
39.2596 1
39.262 1
39.2644 1
39.2668 1
39.2692 1
39.2716 1
39.274 1
39.2764 1
39.2788 1
39.2812 1
39.2836 1
39.286 1
39.2884 1
39.2908 1
39.2932 1
39.2956 1
39.298 1
39.3004 1
39.3028 1
39.3052 1
39.3076 1
39.3101 1
39.3125 1
39.3149 1
39.3173 1
39.3197 1
39.3221 1
39.3245 1
39.3269 1
39.3293 1
39.3317 1
39.3341 1
39.3365 1
39.3389 1
39.3413 1
39.3437 1
39.3461 1
39.3485 1
39.3509 1
39.3533 1
39.3557 1
39.3581 1
39.3605 1
39.3629 1
39.3653 1
39.3677 1
47.4127 1
47.4137 1
55.4157 1
57.8353 1
57.8353 1
57.8353 1
57.8353 1
57.8353 1
57.8353 1
57.8354 1
57.8354 1
57.8354 1
57.8354 1
57.8354 1
57.8354 1
57.8354 1
57.8354 1
57.8355 1
57.8355 1
57.8355 1
57.8355 1
57.8355 1
57.8355 1
57.8355 1
57.8355 1
57.8356 1
57.8356 1
57.8356 1
57.8356 1
57.8356 1
57.8356 1
57.8356 1
57.8356 1
57.8356 1
57.8357 1
57.8357 1
57.8357 1
57.8357 1
57.8357 1
57.8357 1
57.8357 1
57.8357 1
57.8358 1
57.8358 1
57.8358 1
57.8358 1
57.8358 1
57.8358 1
57.8358 1
57.8358 1
57.8359 1
57.8359 1
57.8359 1
57.8359 1
57.8359 1
57.8359 1
57.8359 1
57.8359 1
57.8359 1
57.836 1
57.836 1
57.836 1
57.836 1
57.836 1
57.836 1
57.836 1
57.836 1
57.8361 1
57.8361 1
57.8361 1
57.8361 1
57.8361 1
57.8361 1
57.8361 1
57.8362 1
57.8362 1
57.8362 1
57.8362 1
57.8362 1
57.8362 1
57.8362 1
57.8362 1
57.8362 1
57.8363 1
57.8363 1
57.8363 1
57.8363 1
57.8363 1
57.8363 1
57.8363 1
57.8363 1
57.8364 1
57.8364 1
57.8364 1
57.8364 1
57.8364 1
57.8364 1
57.8364 1
57.8364 1
57.8365 1
57.8365 1
57.8365 1
57.8365 1
57.8365 1
57.8365 1
57.8365 1
57.8365 1
57.8365 1
57.8366 1
57.8366 1
57.8366 1
57.8366 1
57.8366 1
57.8366 1
57.8366 1
57.8366 1
57.8367 1
57.8367 1
57.8367 1
57.8367 1
57.8367 1
57.8367 1
57.8367 1
57.8367 1
57.8368 1
57.8368 1
57.8368 1
57.8368 1
57.8368 1
57.8368 1
57.8368 1
57.8368 1
57.8369 1
57.8369 1
57.8369 1
57.8369 1
57.8369 1
57.8369 1
57.8369 1
57.8369 1
57.8369 1
57.837 1
57.837 1
57.837 1
57.837 1
57.837 1
57.837 1
57.837 1
57.837 1
57.8371 1
57.8371 1
57.8371 1
57.8371 1
57.8371 1
57.8371 1
57.8371 1
57.8371 1
57.8372 1
57.8372 1
57.8372 1
57.8372 1
57.8372 1
57.8372 1
57.8372 1
57.8372 1
57.8372 1
57.8373 1
57.8373 1
57.8373 1
57.8373 1
57.8373 1
57.8373 1
57.8373 1
57.8374 1
57.8374 1
57.8374 1
57.8374 1
57.8374 1
57.8374 1
57.8374 1
57.8374 1
57.8375 1
57.8375 1
57.8375 1
57.8375 1
57.8375 1
57.8375 1
57.8375 1
57.8375 1
57.8375 1
57.8376 1
57.8376 1
57.8376 1
57.8376 1
57.8376 1
57.8376 1
57.8376 1
57.8376 1
57.8377 1
57.8377 1
57.8377 1
57.8377 1
57.8377 1
57.8377 1
57.8377 1
57.8377 1
57.8378 1
57.8378 1
57.8378 1
57.8378 1
57.8378 1
57.8378 1
57.8378 1
57.8378 1
57.8378 1
57.8379 1
57.8379 1
57.8379 1
57.8379 1
57.8379 1
57.8379 1
57.8379 1
57.8379 1
57.838 1
57.838 1
57.838 1
57.838 1
57.838 1
57.838 1
57.838 1
57.838 1
57.8381 1
57.8381 1
57.8381 1
57.8381 1
57.8381 1
57.8381 1
57.8381 1
57.8381 1
57.8381 1
57.8382 1
57.8382 1
57.8382 1
57.8382 1
57.8382 1
57.8382 1
57.8382 1
57.8382 1
57.8383 1
57.8383 1
57.8383 1
57.8383 1
57.8383 1
57.8383 1
57.8383 1
57.8383 1
57.8384 1
57.8384 1
57.8384 1
57.8384 1
57.8384 1
57.8384 1
57.8384 1
57.8384 1
57.8384 1
57.8385 1
57.8385 1
57.8385 1
57.8385 1
57.8385 1
57.8385 1
57.8385 1
57.8386 1
57.8386 1
57.8386 1
57.8386 1
57.8386 1
57.8386 1
57.8386 1
57.8386 1
57.8387 1
57.8387 1
57.8387 1
57.8387 1
57.8387 1
57.8387 1
57.8387 1
57.8387 1
57.8387 1
57.8388 1
57.8388 1
57.8388 1
57.8388 1
57.8388 1
57.8388 1
57.8388 1
57.8388 1
57.8389 1
57.8389 1
57.8389 1
57.8389 1
57.8389 1
57.8389 1
57.8389 1
57.8389 1
57.839 1
57.839 1
57.839 1
57.839 1
57.839 1
57.839 1
57.839 1
57.839 1
57.839 1
57.8391 1
57.8391 1
57.8391 1
57.8391 1
57.8391 1
57.8391 1
57.8391 1
57.8391 1
57.8392 1
57.8392 1
57.8392 1
57.8392 1
57.8392 1
57.8392 1
57.8392 1
57.8392 1
57.8393 1
57.8393 1
57.8393 1
57.8393 1
57.8393 1
57.8393 1
57.8393 1
57.8393 1
57.8393 1
57.8394 1
57.8394 1
57.8394 1
57.8394 1
57.8394 1
57.8394 1
57.8394 1
57.8394 1
57.8395 1
57.8395 1
57.8395 1
57.8395 1
57.8395 1
57.8395 1
57.8395 1
57.8395 1
57.8396 1
57.8396 1
57.8396 1
57.8396 1
57.8396 1
57.8396 1
57.8396 1
57.8396 1
57.8396 1
57.8397 1
57.8397 1
57.8397 1
57.8397 1
57.8397 1
57.8397 1
57.8397 1
57.8398 1
57.8398 1
57.8398 1
57.8398 1
57.8398 1
57.8398 1
57.8398 1
57.8398 1
57.8399 1
57.8399 1
57.8399 1
57.8399 1
57.8399 1
57.8399 1
57.8399 1
57.8399 1
57.84 1
57.84 1
57.84 1
57.84 1
57.84 1
57.84 1
57.84 1
57.84 1
57.84 1
57.8401 1
57.8401 1
57.8401 1
57.8401 1
57.8401 1
57.8401 1
57.8401 1
57.8401 1
57.8402 1
57.8402 1
57.8402 1
57.8402 1
57.8402 1
57.8402 1
57.8402 1
57.8402 1
57.8403 1
57.8403 1
57.8403 1
57.8403 1
57.8403 1
57.8403 1
57.8403 1
57.8403 1
57.8403 1
57.8404 1
57.8404 1
57.8404 1
57.8404 1
57.8404 1
57.8404 1
57.8404 1
57.8404 1
57.8405 1
57.8405 1
57.8405 1
57.8405 1
57.8405 1
57.8405 1
57.8405 1
57.8405 1
57.8406 1
57.8406 1
57.8406 1
57.8406 1
57.8406 1
57.8406 1
57.8406 1
57.8406 1
57.8406 1
57.8407 1
57.8407 1
57.8407 1
57.8407 1
57.8407 1
57.8407 1
57.8407 1
57.8407 1
57.8408 1
57.8408 1
57.8408 1
57.8408 1
57.8408 1
57.8408 1
57.8408 1
57.8408 1
57.8409 1
57.8409 1
57.8409 1
57.8409 1
57.8409 1
57.8409 1
57.8409 1
57.8409 1
57.841 1
57.841 1
57.841 1
57.841 1
57.841 1
57.841 1
57.841 1
57.841 1
57.8411 1
57.8411 1
57.8411 1
57.8411 1
57.8411 1
57.8411 1
57.8411 1
57.8411 1
57.8412 1
57.8412 1
57.8412 1
57.8412 1
57.8412 1
57.8412 1
57.8412 1
57.8412 1
57.8412 1
57.8413 1
57.8413 1
57.8413 1
57.8413 1
57.8413 1
57.8413 1
57.8413 1
57.8413 1
57.8414 1
57.8414 1
57.8414 1
57.8414 1
57.8414 1
57.8414 1
57.8414 1
57.8414 1
57.8415 1
57.8415 1
57.8415 1
57.8415 1
57.8415 1
57.8415 1
57.8415 1
57.8415 1
57.8415 1
57.8416 1
57.8416 1
57.8416 1
57.8416 1
57.8416 1
57.8416 1
57.8416 1
57.8416 1
57.8417 1
57.8417 1
57.8417 1
57.8417 1
57.8417 1
57.8417 1
57.8417 1
57.8417 1
57.8418 1
57.8418 1
57.8418 1
57.8418 1
57.8418 1
57.8418 1
57.8418 1
57.8418 1
57.8418 1
57.8419 1
57.8419 1
57.8419 1
57.8419 1
57.8419 1
57.8419 1
57.8419 1
57.8419 1
57.842 1
57.842 1
57.842 1
57.842 1
57.842 1
57.842 1
57.842 1
57.842 1
57.8421 1
57.8421 1
57.8421 1
57.8421 1
57.8421 1
57.8421 1
57.8421 1
57.8421 1
57.8422 1
57.8422 1
57.8422 1
57.8422 1
57.8422 1
57.8422 1
57.8422 1
57.8422 1
57.8423 1
57.8423 1
57.8423 1
57.8423 1
57.8423 1
57.8423 1
57.8423 1
57.8423 1
57.8424 1
57.8424 1
57.8424 1
57.8424 1
57.8424 1
57.8424 1
57.8424 1
57.8424 1
57.8424 1
57.8425 1
57.8425 1
57.8425 1
57.8425 1
57.8425 1
57.8425 1
57.8425 1
57.8425 1
57.8426 1
57.8426 1
57.8426 1
57.8426 1
57.8426 1
57.8426 1
57.8426 1
57.8426 1
57.8427 1
57.8427 1
57.8427 1
57.8427 1
57.8427 1
57.8427 1
57.8427 1
57.8427 1
57.8428 1
57.8428 1
57.8428 1
57.8428 1
57.8428 1
57.8428 1
57.8428 1
57.8428 1
57.8428 1
57.8429 1
57.8429 1
57.8429 1
57.8429 1
57.8429 1
57.8429 1
57.8429 1
57.8429 1
57.843 1
57.843 1
57.843 1
57.843 1
57.843 1
57.843 1
57.843 1
57.843 1
57.8431 1
57.8431 1
57.8431 1
57.8431 1
57.8431 1
57.8431 1
57.8431 1
57.8431 1
57.8431 1
57.8432 1
57.8432 1
57.8432 1
57.8432 1
57.8432 1
57.8432 1
57.8432 1
57.8432 1
57.8433 1
57.8433 1
57.8433 1
57.8433 1
57.8433 1
57.8433 1
57.8433 1
57.8434 1
57.8434 1
57.8434 1
57.8434 1
57.8434 1
57.8434 1
57.8434 1
57.8434 1
57.8434 1
57.8435 1
57.8435 1
57.8435 1
57.8435 1
57.8435 1
57.8435 1
57.8435 1
57.8435 1
57.8436 1
57.8436 1
57.8436 1
57.8436 1
57.8436 1
57.8436 1
57.8436 1
57.8436 1
57.8437 1
57.8437 1
57.8437 1
57.8437 1
57.8437 1
57.8437 1
57.8437 1
57.8437 1
57.8437 1
57.8438 1
57.8438 1
57.8438 1
57.8438 1
57.8438 1
57.8438 1
57.8438 1
57.8438 1
57.8439 1
57.8439 1
57.8439 1
57.8439 1
57.8439 1
57.8439 1
57.8439 1
57.8439 1
57.844 1
57.844 1
57.844 1
57.844 1
57.844 1
57.844 1
57.844 1
57.844 1
57.844 1
57.8441 1
57.8441 1
57.8441 1
57.8441 1
57.8441 1
57.8441 1
57.8441 1
57.8441 1
57.8442 1
57.8442 1
57.8442 1
57.8442 1
57.8442 1
57.8442 1
57.8442 1
57.8442 1
57.8443 1
57.8443 1
57.8443 1
57.8443 1
57.8443 1
57.8443 1
57.8443 1
57.8443 1
57.8443 1
57.8444 1
57.8444 1
57.8444 1
57.8444 1
57.8444 1
57.8444 1
57.8444 1
57.8444 1
57.8445 1
57.8445 1
57.8445 1
57.8445 1
57.8445 1
57.8445 1
57.8445 1
57.8446 1
57.8446 1
57.8446 1
57.8446 1
57.8446 1
57.8446 1
57.8446 1
57.8446 1
57.8446 1
57.8447 1
57.8447 1
57.8447 1
57.8447 1
57.8447 1
57.8447 1
57.8447 1
57.8447 1
57.8448 1
57.8448 1
57.8448 1
57.8448 1
57.8448 1
57.8448 1
57.8448 1
57.8448 1
57.8449 1
57.8449 1
57.8449 1
57.8449 1
57.8449 1
57.8449 1
57.8449 1
57.8449 1
57.8449 1
57.845 1
57.845 1
57.845 1
57.845 1
57.845 1
57.845 1
57.845 1
57.845 1
57.8451 1
57.8451 1
57.8451 1
57.8451 1
57.8451 1
57.8451 1
57.8451 1
57.8451 1
57.8452 1
57.8452 1
57.8452 1
57.8452 1
57.8452 1
57.8452 1
57.8452 1
57.8452 1
57.8452 1
57.8453 1
57.8453 1
57.8453 1
57.8453 1
57.8453 1
57.8453 1
57.8453 1
57.8453 1
57.8454 1
57.8454 1
57.8454 1
57.8454 1
57.8454 1
57.8454 1
57.8454 1
57.8454 1
57.8455 1
57.8455 1
57.8455 1
57.8455 1
57.8455 1
57.8455 1
57.8455 1
57.8455 1
57.8455 1
57.8456 1
57.8456 1
57.8456 1
57.8456 1
57.8456 1
57.8456 1
57.8456 1
57.8456 1
57.8457 1
57.8457 1
57.8457 1
57.8457 1
57.8457 1
57.8457 1
57.8457 1
57.8458 1
57.8458 1
57.8458 1
57.8458 1
57.8458 1
57.8458 1
57.8458 1
57.8458 1
57.8459 1
57.8459 1
57.8459 1
57.8459 1
57.8459 1
57.8459 1
57.8459 1
57.8459 1
57.8459 1
57.846 1
57.846 1
57.846 1
57.846 1
57.846 1
57.846 1
57.846 1
57.846 1
57.8461 1
57.8461 1
57.8461 1
57.8461 1
57.8461 1
57.8461 1
57.8461 1
57.8461 1
57.8462 1
57.8462 1
57.8462 1
57.8462 1
57.8462 1
57.8462 1
57.8462 1
57.8462 1
57.8462 1
57.8463 1
57.8463 1
57.8463 1
57.8463 1
57.8463 1
57.8463 1
57.8463 1
57.8463 1
57.8464 1
57.8464 1
57.8464 1
57.8464 1
57.8464 1
57.8464 1
57.8464 1
57.8464 1
57.8465 1
57.8465 1
57.8465 1
57.8465 1
57.8465 1
57.8465 1
57.8465 1
57.8465 1
57.8465 1
57.8466 1
57.8466 1
57.8466 1
57.8466 1
57.8466 1
57.8466 1
57.8466 1
57.8466 1
57.8467 1
57.8467 1
57.8467 1
57.8467 1
57.8467 1
57.8467 1
57.8467 1
57.8467 1
57.8468 1
57.8468 1
57.8468 1
57.8468 1
57.8468 1
57.8468 1
57.8468 1
57.8468 1
57.8468 1
57.8469 1
57.8469 1
57.8469 1
57.8469 1
57.8469 1
57.8469 1
57.8469 1
57.847 1
57.847 1
57.847 1
57.847 1
57.847 1
57.847 1
57.847 1
57.847 1
57.8471 1
57.8471 1
57.8471 1
57.8471 1
57.8471 1
57.8471 1
57.8471 1
57.8471 1
57.8471 1
57.8472 1
57.8472 1
57.8472 1
57.8472 1
57.8472 1
57.8472 1
57.8472 1
57.8472 1
57.8473 1
57.8473 1
57.8473 1
57.8473 1
57.8473 1
57.8473 1
57.8473 1
57.8473 1
57.8474 1
57.8474 1
57.8474 1
57.8474 1
57.8474 1
57.8474 1
57.8474 1
57.8474 1
57.8474 1
57.8475 1
57.8475 1
57.8475 1
57.8475 1
57.8475 1
57.8475 1
57.8475 1
57.8475 1
57.8476 1
57.8476 1
57.8476 1
57.8476 1
57.8476 1
57.8476 1
57.8476 1
57.8476 1
57.8477 1
57.8477 1
57.8477 1
57.8477 1
57.8477 1
57.8477 1
57.8477 1
57.8477 1
57.8477 1
57.8478 1
57.8478 1
57.8478 1
57.8478 1
57.8478 1
57.8478 1
57.8478 1
57.8478 1
57.8479 1
57.8479 1
57.8479 1
57.8479 1
57.8479 1
57.8479 1
57.8479 1
57.8479 1
57.848 1
57.848 1
57.848 1
57.848 1
57.848 1
57.848 1
57.848 1
57.848 1
57.848 1
57.8481 1
57.8481 1
57.8481 1
57.8481 1
57.8481 1
57.8481 1
57.8481 1
57.8482 1
57.8482 1
57.8482 1
57.8482 1
57.8482 1
57.8482 1
57.8482 1
57.8482 1
57.8483 1
57.8483 1
57.8483 1
57.8483 1
57.8483 1
57.8483 1
57.8483 1
57.8483 1
57.8483 1
57.8484 1
57.8484 1
57.8484 1
57.8484 1
57.8484 1
57.8484 1
57.8484 1
57.8484 1
57.8485 1
57.8485 1
57.8485 1
57.8485 1
57.8485 1
57.8485 1
57.8485 1
57.8485 1
57.8486 1
57.8486 1
57.8486 1
57.8486 1
57.8486 1
57.8486 1
57.8486 1
57.8486 1
57.8486 1
57.8487 1
57.8487 1
57.8487 1
57.8487 1
57.8487 1
57.8487 1
57.8487 1
57.8487 1
57.8488 1
57.8488 1
57.8488 1
57.8488 1
57.8488 1
57.8488 1
57.8488 1
57.8488 1
57.8489 1
57.8489 1
57.8489 1
57.8489 1
57.8489 1
57.8489 1
57.8489 1
57.8489 1
57.849 1
57.849 1
57.849 1
57.849 1
57.849 1
57.849 1
57.849 1
57.849 1
57.849 1
57.8491 1
57.8491 1
57.8491 1
57.8491 1
57.8491 1
57.8491 1
57.8491 1
57.8491 1
57.8492 1
57.8492 1
57.8492 1
57.8492 1
57.8492 1
57.8492 1
57.8492 1
57.8492 1
57.8493 1
57.8493 1
57.8493 1
57.8493 1
57.8493 1
57.8493 1
57.8493 1
57.8493 1
57.8494 1
57.8494 1
57.8494 1
57.8494 1
57.8494 1
57.8494 1
57.8494 1
57.8494 1
57.8495 1
57.8495 1
57.8495 1
57.8495 1
57.8495 1
57.8495 1
57.8495 1
57.8495 1
57.8496 1
57.8496 1
57.8496 1
57.8496 1
57.8496 1
57.8496 1
57.8496 1
57.8496 1
57.8496 1
57.8497 1
57.8497 1
57.8497 1
57.8497 1
57.8497 1
57.8497 1
57.8497 1
57.8497 1
57.8498 1
57.8498 1
57.8498 1
57.8498 1
57.8498 1
57.8498 1
57.8498 1
57.8498 1
57.8499 1
57.8499 1
57.8499 1
57.8499 1
57.8499 1
57.8499 1
57.8499 1
57.8499 1
57.8499 1
57.85 1
57.85 1
57.85 1
57.85 1
57.85 1
57.85 1
57.85 1
57.85 1
57.8501 1
57.8501 1
57.8501 1
57.8501 1
57.8501 1
57.8501 1
57.8501 1
57.8501 1
57.8502 1
57.8502 1
57.8502 1
57.8502 1
57.8502 1
57.8502 1
57.8502 1
57.8502 1
57.8502 1
57.8503 1
57.8503 1
57.8503 1
57.8503 1
57.8503 1
57.8503 1
57.8503 1
57.8503 1
57.8504 1
57.8504 1
57.8504 1
57.8504 1
57.8504 1
57.8504 1
57.8504 1
57.8504 1
57.8505 1
57.8505 1
57.8505 1
57.8505 1
57.8505 1
57.8505 1
57.8505 1
57.8505 1
57.8506 1
57.8506 1
57.8506 1
57.8506 1
57.8506 1
57.8506 1
57.8506 1
57.8506 1
57.8507 1
57.8507 1
57.8507 1
57.8507 1
57.8507 1
57.8507 1
57.8507 1
57.8507 1
57.8508 1
57.8508 1
57.8508 1
57.8508 1
57.8508 1
57.8508 1
57.8508 1
57.8508 1
57.8508 1
57.8509 1
57.8509 1
57.8509 1
57.8509 1
57.8509 1
57.8509 1
57.8509 1
57.8509 1
57.851 1
57.851 1
57.851 1
57.851 1
57.851 1
57.851 1
57.851 1
57.851 1
57.8511 1
57.8511 1
57.8511 1
57.8511 1
57.8511 1
57.8511 1
57.8511 1
57.8511 1
57.8511 1
57.8512 1
57.8512 1
57.8512 1
57.8512 1
57.8512 1
57.8512 1
57.8512 1
57.8512 1
57.8513 1
57.8513 1
57.8513 1
57.8513 1
57.8513 1
57.8513 1
57.8513 1
57.8513 1
57.8514 1
57.8514 1
57.8514 1
57.8514 1
57.8514 1
57.8514 1
57.8514 1
57.8514 1
57.8514 1
57.8515 1
