1.4076 1
1.40775 1
1.40797 1
1.40811 1
1.40833 1
1.40848 1
1.40869 1
1.40884 1
1.40906 1
1.4092 1
1.40942 1
1.40956 1
1.40978 1
1.40992 1
1.41013 1
1.41028 1
1.41049 1
1.41063 1
1.41084 1
1.41099 1
1.41113 1
1.41134 1
1.41148 1
1.41169 1
1.41183 1
1.41204 1
1.41218 1
1.41232 1
1.41253 1
1.41267 1
1.41281 1
1.41301 1
1.41315 1
1.41329 1
1.4135 1
1.41363 1
1.41377 1
1.41398 1
1.41411 1
1.41425 1
1.41446 1
1.41459 1
1.41473 1
1.41493 1
1.41507 1
1.4152 1
1.41542 1
1.41555 1
1.41578 1
1.41593 1
1.41613 1
1.41629 1
1.41651 1
1.41664 1
1.41686 1
1.41699 1
1.41721 1
1.41736 1
1.41749 1
1.4177 1
1.41784 1
1.41805 1
1.41819 1
1.41833 1
1.41853 1
1.41867 1
1.41881 1
1.41902 1
1.41915 1
1.41929 1
1.41949 1
1.41963 1
1.41976 1
1.41989 1
1.4201 1
1.42022 1
1.42036 1
1.42049 1
1.42069 1
1.42082 1
1.42095 1
1.42108 1
1.42121 1
1.42134 1
1.42154 1
1.42167 1
1.4218 1
1.42192 1
1.42205 1
1.42218 1
1.42237 1
1.42249 1
1.42262 1
1.42275 1
1.42287 1
1.423 1
1.42313 1
1.42325 1
1.42338 1
1.42351 1
1.4237 1
1.42382 1
1.42395 1
1.42407 1
1.42419 1
1.42432 1
1.42444 1
1.42457 1
1.42469 1
1.42481 1
1.42494 1
1.42506 1
1.42519 1
1.42537 1
1.42549 1
1.42561 1
1.42574 1
1.42586 1
1.42598 1
1.42611 1
1.42623 1
1.42635 1
1.42647 1
1.42659 1
1.42671 1
1.42683 1
1.42696 1
1.42708 1
1.4272 1
1.42732 1
1.42744 1
1.42756 1
1.42768 1
1.4278 1
1.42792 1
1.42804 1
1.42816 1
1.42828 1
1.4284 1
1.42852 1
1.42864 1
1.42876 1
1.42888 1
1.429 1
1.42912 1
1.42924 1
1.42936 1
1.42948 1
1.4296 1
1.42972 1
1.42984 1
1.42996 1
1.43008 1
1.4302 1
1.43032 1
1.43044 1
1.43056 1
1.43068 1
1.4308 1
1.43092 1
1.43104 1
1.43116 1
1.43128 1
1.4314 1
1.43152 1
1.43164 1
1.43176 1
1.43188 1
1.432 1
1.43212 1
1.43224 1
1.43236 1
1.43248 1
1.4326 1
1.43272 1
1.43284 1
1.43296 1
1.43308 1
1.4332 1
1.43332 1
1.43344 1
1.43356 1
1.43368 1
1.4338 1
1.43392 1
1.43404 1
1.43416 1
1.43428 1
1.4344 1
1.43452 1
1.43464 1
1.43476 1
1.43488 1
1.435 1
1.43512 1
1.43524 1
1.43536 1
1.43548 1
1.4356 1
1.43572 1
1.43584 1
1.43596 1
1.43608 1
1.4362 1
1.43633 1
1.43645 1
1.43657 1
1.43669 1
1.43681 1
1.43693 1
1.43705 1
1.43717 1
1.43729 1
1.43741 1
1.43753 1
1.43765 1
1.43777 1
1.43789 1
1.43801 1
1.43813 1
1.43825 1
1.43837 1
1.43849 1
1.43861 1
1.43873 1
1.43885 1
1.43897 1
1.43909 1
1.43921 1
1.43933 1
1.43945 1
1.43957 1
1.43969 1
1.43981 1
1.43993 1
1.44005 1
1.44017 1
1.44029 1
1.44041 1
1.44053 1
1.44065 1
1.44077 1
1.44089 1
1.44101 1
1.44113 1
1.44125 1
1.44137 1
1.44149 1
1.44161 1
1.44173 1
1.44185 1
1.44197 1
1.44209 1
1.44221 1
1.44233 1
1.44245 1
1.44257 1
1.44269 1
1.44281 1
1.44293 1
1.44305 1
1.44317 1
1.44329 1
1.44341 1
1.44353 1
1.44365 1
1.44377 1
1.44389 1
1.44401 1
1.44413 1
1.44425 1
1.44437 1
1.44449 1
1.44461 1
1.44473 1
1.44485 1
1.44497 1
1.44509 1
1.44521 1
1.44533 1
1.44545 1
1.44557 1
1.44569 1
1.44581 1
1.44593 1
1.44605 1
1.44617 1
1.44629 1
1.44641 1
1.44654 1
1.44666 1
1.44678 1
1.4469 1
1.44702 1
1.44714 1
1.44726 1
1.44738 1
1.4475 1
1.44762 1
1.44774 1
1.44786 1
1.44798 1
1.4481 1
1.44822 1
1.44834 1
1.44846 1
1.44858 1
1.4487 1
1.44882 1
1.44894 1
1.44906 1
1.44918 1
1.4493 1
1.44942 1
1.44954 1
1.44966 1
1.44978 1
1.4499 1
1.45002 1
1.45014 1
1.45026 1
1.45038 1
1.4505 1
1.45062 1
1.45074 1
1.45086 1
1.45098 1
1.4511 1
1.45122 1
1.45134 1
1.45146 1
1.45158 1
1.4517 1
1.45182 1
1.45194 1
1.45206 1
1.45218 1
1.4523 1
1.45242 1
1.45254 1
1.45266 1
1.45278 1
1.4529 1
1.45302 1
1.45314 1
1.45326 1
1.45338 1
1.4535 1
1.45362 1
1.45374 1
1.45386 1
1.45398 1
1.4541 1
1.45422 1
1.45434 1
1.45446 1
1.45458 1
1.4547 1
1.45482 1
1.45494 1
1.45506 1
1.45518 1
1.4553 1
1.45542 1
1.45555 1
1.45567 1
1.45579 1
1.45591 1
1.45603 1
1.45615 1
1.45627 1
1.45639 1
1.45651 1
1.45663 1
1.45675 1
1.45687 1
1.45699 1
1.45711 1
1.45723 1
1.45735 1
1.45747 1
1.45759 1
1.45771 1
1.45783 1
1.45795 1
1.45807 1
1.45819 1
1.45831 1
1.45843 1
1.45855 1
1.45867 1
1.45879 1
1.45891 1
1.45903 1
1.45915 1
1.45927 1
1.45939 1
1.45951 1
1.45963 1
1.45975 1
1.45987 1
1.45999 1
1.46011 1
1.46023 1
1.46035 1
1.46047 1
1.46059 1
1.46071 1
1.46083 1
1.46095 1
1.46107 1
1.46119 1
1.46131 1
1.46143 1
1.46155 1
1.46167 1
1.46179 1
1.46191 1
1.46203 1
1.46215 1
1.46227 1
1.46239 1
1.46251 1
1.46263 1
1.46275 1
1.46287 1
1.46299 1
1.46311 1
1.46323 1
1.46335 1
1.46347 1
1.46359 1
1.46371 1
1.46383 1
1.46396 1
1.46408 1
1.4642 1
1.46432 1
1.46444 1
1.46456 1
1.46468 1
1.4648 1
1.46492 1
1.46504 1
1.46516 1
1.46528 1
1.4654 1
1.46552 1
1.46564 1
1.46576 1
1.46588 1
1.466 1
1.46612 1
1.47213 1
1.47225 1
1.47237 1
1.47249 1
1.47261 1
1.47273 1
1.47285 1
1.47297 1
1.47309 1
1.47321 1
1.47333 1
1.47345 1
1.47357 1
1.47369 1
1.47381 1
1.47393 1
1.47405 1
1.47417 1
1.47429 1
1.47441 1
1.47453 1
1.47465 1
1.47477 1
1.47489 1
1.47501 1
1.47513 1
1.47525 1
1.47537 1
1.47549 1
1.47561 1
1.47573 1
1.47585 1
1.47597 1
1.47609 1
1.47621 1
1.47633 1
1.47645 1
1.47657 1
1.47669 1
1.47681 1
1.47693 1
1.47705 1
1.47717 1
1.47729 1
1.47741 1
1.47753 1
1.47765 1
1.47777 1
1.47789 1
1.47801 1
1.47813 1
1.47825 1
1.47837 1
1.47849 1
1.47861 1
1.47873 1
1.47885 1
1.47897 1
1.47909 1
1.47921 1
1.47933 1
1.47945 1
1.47957 1
1.4797 1
1.47982 1
1.47994 1
1.48006 1
1.48018 1
1.4803 1
1.48042 1
1.48054 1
1.48066 1
1.48078 1
1.4809 1
1.48102 1
1.48114 1
1.48126 1
1.48138 1
1.4815 1
1.48162 1
1.48174 1
1.48186 1
1.48198 1
1.4821 1
1.48222 1
1.48234 1
1.48246 1
1.48258 1
1.4827 1
1.48282 1
1.48294 1
1.48306 1
1.48318 1
1.4833 1
1.48342 1
1.48354 1
1.48366 1
1.48378 1
1.4839 1
1.48402 1
1.48414 1
1.48426 1
1.48438 1
1.4845 1
1.48462 1
1.48474 1
1.48486 1
1.48498 1
1.4851 1
1.48522 1
1.48534 1
1.48546 1
1.48558 1
1.4857 1
1.48582 1
1.48594 1
1.48606 1
1.48618 1
1.4863 1
1.48642 1
1.48654 1
1.48666 1
1.48678 1
1.4869 1
1.48702 1
1.48714 1
1.48727 1
1.48739 1
1.48751 1
1.48763 1
1.48775 1
1.48787 1
1.48799 1
1.48811 1
1.48823 1
1.48835 1
1.48847 1
1.48859 1
1.48871 1
1.48883 1
1.48895 1
1.48907 1
1.48919 1
1.48931 1
1.48943 1
1.48955 1
1.48967 1
1.48979 1
1.48991 1
1.49003 1
1.49015 1
1.49027 1
1.49039 1
1.49051 1
1.49063 1
1.49075 1
1.49087 1
1.49099 1
1.49111 1
1.49123 1
1.49135 1
1.49147 1
1.49159 1
1.49171 1
1.49183 1
1.49195 1
1.49207 1
1.49219 1
1.49231 1
1.49243 1
1.49255 1
1.49267 1
1.49279 1
1.49291 1
1.49303 1
1.49315 1
1.49327 1
1.49339 1
1.49351 1
1.49363 1
1.49375 1
1.49387 1
1.49399 1
1.49411 1
1.49423 1
1.49435 1
1.49447 1
1.49459 1
1.49471 1
1.49484 1
1.49496 1
1.49508 1
1.4952 1
1.49532 1
1.49544 1
1.49556 1
1.49568 1
1.4958 1
1.49592 1
1.49604 1
1.49616 1
1.49628 1
1.4964 1
1.49652 1
1.49664 1
1.49676 1
1.49688 1
1.497 1
1.49712 1
1.49724 1
1.49736 1
1.49748 1
1.4976 1
1.49772 1
1.49784 1
1.49796 1
1.49808 1
1.4982 1
1.49832 1
1.49844 1
1.49856 1
1.49868 1
1.4988 1
1.49892 1
1.49904 1
1.49916 1
1.49928 1
1.4994 1
1.49952 1
1.49964 1
1.49976 1
1.49988 1
1.5 1
1.50012 1
1.50024 1
1.50036 1
1.50048 1
1.5006 1
1.50072 1
1.50084 1
1.50096 1
1.50108 1
1.5012 1
1.50132 1
1.50144 1
1.50156 1
1.50168 1
1.5018 1
1.50192 1
1.50204 1
1.50216 1
1.50229 1
1.50241 1
1.50253 1
1.50265 1
1.50277 1
1.50289 1
1.50301 1
1.50313 1
1.50325 1
1.50337 1
1.50349 1
1.50361 1
1.50373 1
1.50385 1
1.50397 1
1.50409 1
1.50421 1
1.50433 1
1.50445 1
1.50457 1
1.50469 1
1.50481 1
1.50493 1
1.50505 1
1.50517 1
1.50529 1
1.50541 1
1.50553 1
1.50565 1
1.50577 1
1.50589 1
1.50601 1
1.50613 1
1.50625 1
1.50637 1
1.50649 1
1.50661 1
1.50673 1
1.50685 1
1.50697 1
1.50709 1
1.50721 1
1.50733 1
1.50745 1
1.50757 1
1.50769 1
1.50781 1
1.50793 1
1.50805 1
1.50817 1
1.50829 1
1.50841 1
1.50853 1
1.50865 1
1.50877 1
1.50889 1
1.50901 1
1.50913 1
1.50925 1
1.50937 1
1.50949 1
1.50961 1
1.50973 1
1.50986 1
1.50998 1
1.5101 1
1.51022 1
1.51034 1
1.51046 1
1.51058 1
1.5107 1
1.51082 1
1.51094 1
1.51106 1
1.51118 1
1.5113 1
1.51142 1
1.51154 1
1.51166 1
1.51178 1
1.5119 1
1.51202 1
1.51214 1
1.51226 1
1.51238 1
1.5125 1
1.51262 1
1.51274 1
1.51286 1
1.51298 1
1.5131 1
1.51322 1
1.51334 1
1.51346 1
1.51358 1
1.5137 1
1.51382 1
1.51394 1
1.51406 1
1.51418 1
1.5143 1
1.51442 1
1.51454 1
1.51466 1
1.51478 1
1.5149 1
1.51502 1
1.51514 1
1.51526 1
1.51538 1
1.5155 1
1.51562 1
1.51574 1
1.51586 1
1.51598 1
1.5161 1
1.51622 1
1.51634 1
1.51646 1
1.51658 1
1.5167 1
1.51682 1
1.51694 1
1.51706 1
1.51718 1
1.51731 1
1.51743 1
1.51755 1
1.51767 1
1.51779 1
1.51791 1
1.51803 1
1.51815 1
1.51827 1
1.51839 1
1.51851 1
1.51863 1
1.51875 1
1.51887 1
1.51899 1
1.51911 1
1.51923 1
1.51935 1
1.51947 1
1.51959 1
1.51971 1
1.51983 1
1.51995 1
1.52007 1
1.52019 1
1.52031 1
1.52043 1
1.52055 1
1.52067 1
1.52079 1
1.52091 1
1.52103 1
1.52115 1
1.52127 1
1.52139 1
1.52151 1
1.52163 1
1.52175 1
1.52187 1
1.52199 1
1.52211 1
1.52223 1
1.52235 1
1.52247 1
1.52259 1
1.52271 1
1.52283 1
1.52295 1
1.52307 1
1.52319 1
1.52331 1
1.52343 1
1.52355 1
1.52367 1
1.52379 1
1.52391 1
1.52403 1
1.52415 1
1.52451 1
1.52488 1
1.52524 1
1.5256 1
1.52596 1
1.52632 1
1.52668 1
1.52704 1
1.5274 1
1.52788 1
1.52824 1
1.5286 1
1.52908 1
1.52956 1
1.53004 1
1.53052 1
1.531 1
1.53148 1
1.53196 1
1.53233 1
1.53269 1
1.53305 1
1.53341 1
1.53377 1
1.53425 1
1.53461 1
1.53509 1
1.53557 1
1.53605 1
1.53665 1
1.53725 1
1.53809 1
1.53893 1
1.54026 1
1.54194 1
1.58243 1
1.58255 1
1.58279 1
1.58291 1
1.58315 1
1.58327 1
1.58339 1
1.58344 1
1.58348 1
1.58844 1
1.58856 1
1.58868 1
1.5888 1
1.58892 1
1.58904 1
1.58916 1
1.58928 1
1.5894 1
1.58952 1
1.58988 1
1.59 1
1.60286 1
1.60298 1
1.6031 1
1.60322 1
1.60334 1
1.60346 1
1.60358 1
1.6037 1
1.60382 1
1.60394 1
1.60406 1
1.60418 1
1.6043 1
1.60442 1
1.60454 1
1.60466 1
1.60478 1
1.6049 1
1.60502 1
1.60514 1
1.60526 1
1.60538 1
1.6055 1
1.60562 1
1.60574 1
1.60586 1
1.60598 1
1.6061 1
1.60622 1
1.60634 1
1.60646 1
1.60658 1
1.6067 1
1.60682 1
1.60694 1
1.60706 1
1.60718 1
1.6073 1
1.60743 1
1.60755 1
1.60767 1
1.60779 1
1.60791 1
1.60803 1
1.60815 1
1.60827 1
1.60839 1
1.60851 1
1.60863 1
1.60875 1
1.60887 1
1.60899 1
1.60911 1
1.60923 1
1.60935 1
1.60947 1
1.60959 1
1.60971 1
1.60983 1
1.60995 1
1.61007 1
1.61019 1
1.61031 1
1.61043 1
1.61055 1
1.61067 1
1.61079 1
1.61091 1
1.61103 1
1.61115 1
1.61127 1
1.61139 1
1.61151 1
1.61163 1
1.61175 1
1.61187 1
1.61199 1
1.61211 1
1.61223 1
1.61235 1
1.61247 1
1.61259 1
1.61271 1
1.61283 1
1.61295 1
1.61307 1
1.61319 1
1.61331 1
1.61343 1
1.61355 1
1.61367 1
1.61379 1
1.61391 1
1.61403 1
1.61415 1
1.61427 1
1.61439 1
1.61451 1
1.61463 1
1.61475 1
1.61487 1
1.615 1
1.61512 1
1.61524 1
1.61536 1
1.61548 1
1.6156 1
1.61572 1
1.61584 1
1.61596 1
1.61608 1
1.6162 1
1.61632 1
1.61644 1
1.61656 1
1.61668 1
1.6168 1
1.61692 1
1.61704 1
1.61716 1
1.61728 1
1.6174 1
1.61752 1
1.61764 1
1.61776 1
1.61788 1
1.618 1
1.61812 1
1.61824 1
1.61836 1
1.61848 1
1.6186 1
1.61872 1
1.61884 1
1.61896 1
1.61908 1
1.6192 1
1.61932 1
1.61944 1
1.61956 1
1.61968 1
1.6198 1
1.61992 1
1.62004 1
1.62016 1
1.62028 1
1.6204 1
1.62052 1
1.62064 1
1.62076 1
1.62088 1
1.621 1
1.62112 1
1.62124 1
1.62136 1
1.62148 1
1.6216 1
1.62172 1
1.62184 1
1.62196 1
1.62208 1
1.6222 1
1.62232 1
1.62245 1
1.62257 1
1.62269 1
1.62281 1
1.62293 1
1.62305 1
1.62317 1
1.62329 1
1.62341 1
1.62353 1
1.62365 1
1.62377 1
1.62389 1
1.62401 1
1.62413 1
1.62425 1
1.62437 1
1.62449 1
1.62461 1
1.62473 1
1.62485 1
1.62497 1
1.62509 1
1.62521 1
1.62533 1
1.62545 1
1.62557 1
1.62569 1
1.62581 1
1.62593 1
1.62605 1
1.62617 1
1.62629 1
1.62641 1
1.62653 1
1.62665 1
1.62677 1
1.62689 1
1.62701 1
1.62713 1
1.62725 1
1.62737 1
1.62749 1
1.62761 1
1.62773 1
1.62785 1
1.62797 1
1.62809 1
1.62821 1
1.62833 1
1.62845 1
1.62857 1
1.62869 1
1.62881 1
1.62893 1
1.62905 1
1.62917 1
1.62929 1
1.62941 1
1.62953 1
1.62965 1
1.62977 1
1.62989 1
1.63002 1
1.63014 1
1.63026 1
1.63038 1
1.6305 1
1.63062 1
1.63074 1
1.63086 1
1.63098 1
1.6311 1
1.63122 1
1.63134 1
1.63146 1
1.63158 1
1.6317 1
1.63182 1
1.63194 1
1.63206 1
1.63218 1
1.6323 1
1.63242 1
1.63254 1
1.63266 1
1.63278 1
1.6329 1
1.63302 1
1.63314 1
1.63326 1
1.63338 1
1.6335 1
1.63362 1
1.63374 1
1.63386 1
1.63398 1
1.6341 1
1.63422 1
1.63434 1
1.63446 1
1.63458 1
1.6347 1
1.63482 1
1.63494 1
1.63506 1
1.63518 1
1.6353 1
1.63542 1
1.63554 1
1.63566 1
1.63578 1
1.6359 1
1.63602 1
1.63614 1
1.63626 1
1.63638 1
1.6365 1
1.63662 1
1.63674 1
1.63686 1
1.63698 1
1.6371 1
1.63722 1
1.63734 1
1.63747 1
1.63759 1
1.63771 1
1.63783 1
1.63795 1
1.63807 1
1.63819 1
1.63831 1
1.63843 1
1.63855 1
1.63867 1
1.63879 1
1.63891 1
1.63903 1
1.63915 1
1.63927 1
1.63939 1
1.63951 1
1.63963 1
1.63975 1
1.63987 1
1.63999 1
1.64011 1
1.64023 1
1.64035 1
1.64047 1
3.4529 1
3.45349 1
3.45409 1
3.45458 1
3.45517 1
3.45567 1
3.45626 1
3.45685 1
3.45734 1
3.45793 1
3.45842 1
3.45901 1
3.4595 1
3.45999 1
3.46058 1
3.46107 1
3.46166 1
3.46215 1
3.46264 1
3.46322 1
3.46371 1
3.4643 1
3.46479 1
3.46527 1
3.46586 1
3.46635 1
3.46684 1
3.46732 1
3.46791 1
3.46839 1
3.46888 1
3.46946 1
3.46995 1
3.47044 1
3.47092 1
3.47141 1
3.47199 1
3.47248 1
3.47296 1
3.47345 1
3.47403 1
3.85208 1
3.85266 1
3.85315 1
3.85363 1
3.85411 1
3.8546 1
3.85508 1
3.85567 1
3.85615 1
3.85663 1
3.85712 1
3.8576 1
3.85809 1
3.85857 1
3.85915 1
3.85964 1
3.86012 1
3.86061 1
3.86109 1
3.86157 1
3.86216 1
3.86264 1
3.86313 1
3.86361 1
3.86409 1
3.86458 1
3.86516 1
3.86564 1
3.86613 1
3.86661 1
3.8671 1
3.86758 1
3.86816 1
3.86865 1
3.86913 1
3.86962 1
3.8701 1
3.87059 1
3.87117 1
3.87165 1
3.87214 1
3.87262 1
3.8731 1
4.25095 1
4.25143 1
4.25192 1
4.2524 1
4.25288 1
4.25337 1
4.25395 1
4.25443 1
4.25492 1
4.2554 1
4.25589 1
4.25637 1
4.25695 1
4.25744 1
4.25792 1
4.25841 1
4.25889 1
4.25938 1
4.25996 1
4.26044 1
4.26093 1
4.26141 1
4.2619 1
4.26238 1
4.26296 1
4.26345 1
4.26393 1
4.26442 1
4.2649 1
4.26538 1
4.26597 1
4.26645 1
4.26693 1
4.26742 1
4.2679 1
4.26839 1
4.26897 1
4.26945 1
4.26994 1
4.27042 1
4.27091 1
4.27139 1
4.65003 1
4.65051 1
4.651 1
4.65148 1
4.65197 1
4.65245 1
4.65303 1
4.65352 1
4.654 1
4.65449 1
4.65497 1
4.65546 1
4.65604 1
4.65652 1
4.65701 1
4.65749 1
4.65798 1
4.65846 1
4.65904 1
4.65953 1
4.66001 1
4.6605 1
4.66098 1
4.66146 1
4.66205 1
4.66253 1
4.66302 1
4.6635 1
4.66398 1
4.66447 1
4.66505 1
4.66553 1
4.66602 1
4.6665 1
4.66699 1
4.66747 1
4.66805 1
4.66854 1
4.66902 1
4.66951 1
4.66999 1
4.67048 1
5.04911 1
5.0496 1
5.05008 1
5.05057 1
5.05105 1
5.05154 1
5.05212 1
5.0526 1
5.05309 1
5.05357 1
5.05406 1
5.05454 1
5.05512 1
5.05561 1
5.05609 1
5.05658 1
5.05706 1
5.05754 1
5.05813 1
5.05861 1
5.0591 1
5.05958 1
5.06006 1
5.06055 1
5.06113 1
5.06161 1
5.0621 1
5.06258 1
5.06307 1
5.06355 1
5.06413 1
5.06462 1
5.0651 1
5.06559 1
5.06607 1
5.06656 1
5.06714 1
5.06762 1
5.06811 1
5.06859 1
5.06908 1
5.06956 1
5.4482 1
5.44868 1
5.44917 1
5.44965 1
5.45014 1
5.45062 1
5.4512 1
5.45169 1
5.45217 1
5.45266 1
5.45314 1
5.45363 1
5.45421 1
5.45469 1
5.45518 1
5.45566 1
5.45614 1
5.45663 1
5.45721 1
5.4577 1
5.45818 1
5.45866 1
5.45915 1
5.45963 1
5.46021 1
5.4607 1
5.46118 1
5.46167 1
5.46215 1
5.46264 1
5.46322 1
5.4637 1
5.46419 1
5.46467 1
5.46516 1
5.46564 1
5.46622 1
5.46671 1
5.46719 1
5.46768 1
5.46816 1
5.46865 1
5.84728 1
5.84777 1
5.84825 1
5.84874 1
5.84922 1
5.84971 1
5.85029 1
5.85077 1
5.85126 1
5.85174 1
5.85222 1
5.85271 1
5.85329 1
5.85378 1
5.85426 1
5.85474 1
5.85523 1
5.85571 1
5.85629 1
5.85678 1
5.85726 1
5.85775 1
5.85823 1
5.85872 1
5.8593 1
5.85978 1
5.86027 1
5.86075 1
5.86124 1
5.86172 1
5.8623 1
5.86279 1
5.86327 1
5.86376 1
5.86424 1
5.86473 1
5.86531 1
5.86579 1
5.86628 1
5.86676 1
5.86724 1
5.86773 1
6.24637 1
6.24685 1
6.24734 1
6.24782 1
6.24831 1
6.24879 1
6.24937 1
6.24986 1
6.25034 1
6.25082 1
6.25131 1
6.25179 1
6.25238 1
6.25286 1
6.25334 1
6.25383 1
6.25431 1
6.2548 1
6.25538 1
6.25586 1
6.25635 1
6.25683 1
6.25732 1
6.2578 1
6.25838 1
6.25887 1
6.25935 1
6.25984 1
6.26032 1
6.26081 1
6.26139 1
6.26187 1
6.26236 1
6.26284 1
6.26333 1
6.26381 1
6.26439 1
6.26488 1
6.26536 1
6.26584 1
6.26633 1
6.26681 1
6.64545 1
6.64594 1
6.64642 1
6.6469 1
6.64739 1
6.64787 1
6.64846 1
6.64894 1
6.64942 1
6.64991 1
6.65039 1
6.65088 1
6.65146 1
6.65194 1
6.65243 1
6.65291 1
6.6534 1
6.65388 1
6.65446 1
6.65495 1
6.65543 1
6.65592 1
6.6564 1
6.65689 1
6.65747 1
6.65795 1
6.65844 1
6.65892 1
6.65941 1
6.65989 1
6.66047 1
6.66096 1
6.66144 1
6.66192 1
6.66241 1
6.66289 1
6.66348 1
6.66396 1
6.66444 1
6.66493 1
6.66541 1
6.6659 1
7.04454 1
7.04502 1
7.0455 1
7.04599 1
7.04647 1
7.04696 1
7.04754 1
7.04802 1
7.04851 1
7.04899 1
7.04948 1
7.04996 1
7.05054 1
7.05103 1
7.05151 1
7.052 1
7.05248 1
7.05297 1
7.05355 1
7.05403 1
7.05452 1
7.055 1
7.05549 1
7.05597 1
7.05655 1
7.05704 1
7.05752 1
7.05801 1
7.05849 1
7.05897 1
7.05956 1
7.06004 1
7.06052 1
7.06101 1
7.06149 1
7.06198 1
7.06256 1
7.06304 1
7.06353 1
7.06401 1
7.0645 1
7.06498 1
7.44362 1
7.4441 1
7.44459 1
7.44507 1
7.44556 1
7.44604 1
7.44662 1
7.44711 1
7.44759 1
7.44808 1
7.44856 1
7.44905 1
7.44963 1
7.45011 1
7.4506 1
7.45108 1
7.45157 1
7.45205 1
7.45263 1
7.45312 1
7.4536 1
7.45409 1
7.45457 1
7.45505 1
7.45564 1
7.45612 1
7.4566 1
7.45709 1
7.45757 1
7.45806 1
7.45864 1
7.45912 1
7.45961 1
7.46009 1
7.46058 1
7.46106 1
7.46164 1
7.46213 1
7.46261 1
7.4631 1
7.46358 1
7.46407 1
7.8427 1
7.84319 1
7.84367 1
7.84416 1
7.84464 1
7.84513 1
7.84571 1
7.84619 1
7.84668 1
7.84716 1
7.84765 1
7.84813 1
7.84871 1
7.8492 1
7.84968 1
7.85017 1
7.85065 1
7.85113 1
7.85172 1
7.8522 1
7.85269 1
7.85317 1
7.85365 1
7.85414 1
7.85472 1
7.8552 1
7.85569 1
7.85617 1
7.85666 1
7.85714 1
7.85772 1
7.85821 1
7.85869 1
7.85918 1
7.85966 1
7.86015 1
7.86073 1
7.86121 1
7.8617 1
7.86218 1
7.86267 1
7.86315 1
8.24179 1
8.24227 1
8.24276 1
8.24324 1
8.24373 1
8.24421 1
8.24479 1
8.24528 1
8.24576 1
8.24625 1
8.24673 1
8.24721 1
8.2478 1
8.24828 1
8.24877 1
8.24925 1
8.24973 1
8.25022 1
8.2508 1
8.25128 1
8.25177 1
8.25225 1
8.25274 1
8.25322 1
8.2538 1
8.25429 1
8.25477 1
8.25526 1
8.25574 1
8.25623 1
8.25681 1
8.25729 1
8.25778 1
8.25826 1
8.25875 1
8.25923 1
8.25981 1
8.2603 1
8.26078 1
8.26127 1
8.26175 1
8.26223 1
8.64087 1
8.64136 1
8.64184 1
8.64233 1
8.64281 1
8.6433 1
8.64388 1
8.64436 1
8.64485 1
8.64533 1
8.64581 1
8.6463 1
8.64688 1
8.64737 1
8.64785 1
8.64833 1
8.64882 1
8.6493 1
8.64988 1
8.65037 1
8.65085 1
8.65134 1
8.65182 1
8.65231 1
8.65289 1
8.65337 1
8.65386 1
8.65434 1
8.65483 1
8.65531 1
8.65589 1
8.65638 1
8.65686 1
8.65735 1
8.65783 1
8.65831 1
8.6589 1
8.65938 1
8.65987 1
8.66035 1
8.66083 1
8.66132 1
9.03996 1
9.04044 1
9.04093 1
9.04141 1
9.04189 1
9.04238 1
9.04296 1
9.04345 1
9.04393 1
9.04441 1
9.0449 1
9.04538 1
9.04596 1
9.04645 1
9.04693 1
9.04742 1
9.0479 1
9.04839 1
9.04897 1
9.04945 1
9.04994 1
9.05042 1
9.05091 1
9.05139 1
9.05197 1
9.05246 1
9.05294 1
9.05343 1
9.05391 1
9.0544 1
9.05498 1
9.05546 1
9.05595 1
9.05643 1
9.05691 1
9.0574 1
9.05798 1
9.05847 1
9.05895 1
9.05943 1
9.05992 1
9.0604 1
9.43904 1
9.43953 1
9.44001 1
9.44049 1
9.44098 1
9.44146 1
9.44205 1
9.44253 1
9.44301 1
9.4435 1
9.44398 1
9.44447 1
9.44505 1
9.44553 1
9.44602 1
9.4465 1
9.44699 1
9.44747 1
9.44805 1
9.44854 1
9.44902 1
9.44951 1
9.44999 1
9.45048 1
9.45106 1
9.45154 1
9.45203 1
9.45251 1
9.45299 1
9.45348 1
9.45406 1
9.45455 1
9.45503 1
9.45551 1
9.456 1
9.45648 1
9.45706 1
9.45755 1
9.45803 1
9.45852 1
9.459 1
9.45949 1
9.83813 1
9.83861 1
9.83909 1
9.83958 1
9.84006 1
9.84055 1
9.84113 1
9.84161 1
9.8421 1
9.84258 1
9.84307 1
9.84355 1
9.84413 1
9.84462 1
9.8451 1
9.84559 1
9.84607 1
9.84656 1
9.84714 1
9.84762 1
9.84811 1
9.84859 1
9.84908 1
9.84956 1
9.85014 1
9.85063 1
9.85111 1
9.85159 1
9.85208 1
9.85256 1
9.85315 1
9.85363 1
9.85411 1
9.8546 1
9.85508 1
9.85557 1
9.85615 1
9.85663 1
9.85712 1
9.8576 1
9.85809 1
9.85857 1
10.2372 1
10.2377 1
10.2382 1
10.2387 1
10.2391 1
10.2396 1
10.2402 1
10.2407 1
10.2412 1
10.2417 1
10.2422 1
10.2426 1
10.2432 1
10.2437 1
10.2442 1
10.2447 1
10.2452 1
10.2456 1
10.2462 1
10.2467 1
10.2472 1
10.2477 1
10.2482 1
10.2486 1
10.2492 1
10.2497 1
10.2502 1
10.2507 1
10.2512 1
10.2516 1
10.2522 1
10.2527 1
10.2532 1
10.2537 1
10.2542 1
10.2547 1
10.2552 1
10.2557 1
10.2562 1
10.2567 1
10.2572 1
10.2577 1
10.6363 1
10.6368 1
10.6373 1
10.6377 1
10.6382 1
10.6387 1
10.6393 1
10.6398 1
10.6403 1
10.6408 1
10.6412 1
10.6417 1
10.6423 1
10.6428 1
10.6433 1
10.6438 1
10.6442 1
10.6447 1
10.6453 1
10.6458 1
10.6463 1
10.6468 1
10.6472 1
10.6477 1
10.6483 1
10.6488 1
10.6493 1
10.6498 1
10.6502 1
10.6507 1
10.6513 1
10.6518 1
10.6523 1
10.6528 1
10.6533 1
10.6537 1
10.6543 1
10.6548 1
10.6553 1
10.6558 1
10.6563 1
10.6567 1
11.0354 1
11.0359 1
11.0363 1
11.0368 1
11.0373 1
11.0378 1
11.0384 1
11.0389 1
11.0394 1
11.0398 1
11.0403 1
11.0408 1
11.0414 1
11.0419 1
11.0424 1
11.0428 1
11.0433 1
11.0438 1
11.0444 1
11.0449 1
11.0454 1
11.0458 1
11.0463 1
11.0468 1
11.0474 1
11.0479 1
11.0484 1
11.0488 1
11.0493 1
11.0498 1
11.0504 1
11.0509 1
11.0514 1
11.0519 1
11.0523 1
11.0528 1
11.0534 1
11.0539 1
11.0544 1
11.0549 1
11.0553 1
11.0558 1
11.4984 1
11.4989 1
11.4993 1
11.4998 1
11.5003 1
11.5008 1
11.5014 1
11.5019 1
11.5023 1
11.5028 1
11.5033 1
11.5038 1
11.5044 1
11.5049 1
11.5053 1
11.5058 1
11.5063 1
11.5068 1
11.5074 1
11.5079 1
11.5084 1
11.5088 1
11.5093 1
11.5098 1
11.5104 1
11.5109 1
11.5114 1
11.5118 1
11.5123 1
11.5128 1
11.5134 1
11.5139 1
11.5144 1
11.5148 1
11.5153 1
11.5158 1
11.5164 1
11.5169 1
11.5174 1
11.5178 1
11.5183 1
11.5188 1
11.8979 1
11.8984 1
11.8989 1
11.8994 1
11.8999 1
11.9004 1
11.9009 1
11.9014 1
11.9019 1
11.9024 1
11.9029 1
11.9034 1
11.9039 1
11.9044 1
11.9049 1
11.9054 1
11.9059 1
11.9064 1
11.907 1
11.9074 1
11.9079 1
11.9084 1
11.9089 1
11.9094 1
11.91 1
11.9104 1
11.9109 1
11.9114 1
11.9119 1
11.9124 1
11.913 1
11.9134 1
11.9139 1
11.9144 1
11.9149 1
11.9154 1
11.916 1
11.9164 1
11.9169 1
11.9174 1
11.9179 1
11.9184 1
12.2975 1
12.298 1
12.2985 1
12.299 1
12.2994 1
12.2999 1
12.3005 1
12.301 1
12.3015 1
12.302 1
12.3024 1
12.3029 1
12.3035 1
12.304 1
12.3045 1
12.305 1
12.3055 1
12.3059 1
12.3065 1
12.307 1
12.3075 1
12.308 1
12.3085 1
12.3089 1
12.3095 1
12.31 1
12.3105 1
12.311 1
12.3115 1
12.3119 1
12.3125 1
12.313 1
12.3135 1
12.314 1
12.3145 1
12.315 1
12.3155 1
12.316 1
12.3165 1
12.317 1
12.3175 1
12.318 1
12.6971 1
12.6976 1
12.698 1
12.6985 1
12.699 1
12.6995 1
12.7001 1
12.7006 1
12.701 1
12.7015 1
12.702 1
12.7025 1
12.7031 1
12.7036 1
12.7041 1
12.7045 1
12.705 1
12.7055 1
12.7061 1
12.7066 1
12.7071 1
12.7075 1
12.708 1
12.7085 1
12.7091 1
12.7096 1
12.7101 1
12.7105 1
12.711 1
12.7115 1
12.7121 1
12.7126 1
12.7131 1
12.7135 1
12.714 1
12.7145 1
12.7151 1
12.7156 1
12.7161 1
12.7166 1
12.717 1
12.7175 1
13.0966 1
13.0971 1
13.0976 1
13.0981 1
13.0986 1
13.0991 1
13.0996 1
13.1001 1
13.1006 1
13.1011 1
13.1016 1
13.1021 1
13.1027 1
13.1031 1
13.1036 1
13.1041 1
13.1046 1
13.1051 1
13.1057 1
13.1061 1
13.1066 1
13.1071 1
13.1076 1
13.1081 1
13.1087 1
13.1091 1
13.1096 1
13.1101 1
13.1106 1
13.1111 1
13.1117 1
13.1121 1
13.1126 1
13.1131 1
13.1136 1
13.1141 1
13.1147 1
13.1152 1
13.1156 1
13.1161 1
13.1166 1
13.1171 1
13.4962 1
13.4967 1
13.4972 1
13.4977 1
13.4982 1
13.4986 1
13.4992 1
13.4997 1
13.5002 1
13.5007 1
13.5012 1
13.5016 1
13.5022 1
13.5027 1
13.5032 1
13.5037 1
13.5042 1
13.5046 1
13.5052 1
13.5057 1
13.5062 1
13.5067 1
13.5072 1
13.5076 1
13.5082 1
13.5087 1
13.5092 1
13.5097 1
13.5102 1
13.5107 1
13.5112 1
13.5117 1
13.5122 1
13.5127 1
13.5132 1
13.5137 1
13.5142 1
13.5147 1
13.5152 1
13.5157 1
13.5162 1
13.5167 1
13.8958 1
13.8963 1
13.8968 1
13.8972 1
13.8977 1
13.8982 1
13.8988 1
13.8993 1
13.8998 1
13.9002 1
13.9007 1
13.9012 1
13.9018 1
13.9023 1
13.9028 1
13.9032 1
13.9037 1
13.9042 1
13.9048 1
13.9053 1
13.9058 1
13.9062 1
13.9067 1
13.9072 1
13.9078 1
13.9083 1
13.9088 1
13.9093 1
13.9097 1
13.9102 1
13.9108 1
13.9113 1
13.9118 1
13.9123 1
13.9127 1
13.9132 1
13.9138 1
13.9143 1
13.9148 1
13.9153 1
13.9157 1
13.9162 1
14.2954 1
14.2958 1
14.2963 1
14.2968 1
14.2973 1
14.2978 1
14.2984 1
14.2988 1
14.2993 1
14.2998 1
14.3003 1
14.3008 1
14.3014 1
14.3018 1
14.3023 1
14.3028 1
14.3033 1
14.3038 1
14.3044 1
14.3048 1
14.3053 1
14.3058 1
14.3063 1
14.3068 1
14.3074 1
14.3079 1
14.3083 1
14.3088 1
14.3093 1
14.3098 1
14.3104 1
14.3109 1
14.3113 1
14.3118 1
14.3123 1
14.3128 1
14.3134 1
14.3139 1
14.3143 1
14.3148 1
14.3153 1
14.3158 1
14.6949 1
14.6954 1
14.6959 1
14.6964 1
14.6969 1
14.6973 1
14.6979 1
14.6984 1
14.6989 1
14.6994 1
14.6999 1
14.7003 1
14.7009 1
14.7014 1
14.7019 1
14.7024 1
14.7029 1
14.7034 1
14.7039 1
14.7044 1
14.7049 1
14.7054 1
14.7059 1
14.7064 1
14.7069 1
14.7074 1
14.7079 1
14.7084 1
14.7089 1
14.7094 1
14.7099 1
14.7104 1
14.7109 1
14.7114 1
14.7119 1
14.7124 1
14.7129 1
14.7134 1
14.7139 1
14.7144 1
14.7149 1
14.7154 1
15.0945 1
15.095 1
15.0955 1
15.0959 1
15.0964 1
15.0969 1
15.0975 1
15.098 1
15.0985 1
15.0989 1
15.0994 1
15.0999 1
15.1005 1
15.101 1
15.1015 1
15.102 1
15.1024 1
15.1029 1
15.1035 1
15.104 1
15.1045 1
15.105 1
15.1054 1
15.1059 1
15.1065 1
15.107 1
15.1075 1
15.108 1
15.1084 1
15.1089 1
15.1095 1
15.11 1
15.1105 1
15.111 1
15.1114 1
15.1119 1
15.1125 1
15.113 1
15.1135 1
15.114 1
15.1145 1
15.1149 1
15.4941 1
15.4945 1
15.495 1
15.4955 1
15.496 1
15.4965 1
15.4971 1
15.4975 1
15.498 1
15.4985 1
15.499 1
15.4995 1
15.5001 1
15.5006 1
15.501 1
15.5015 1
15.502 1
15.5025 1
15.5031 1
15.5036 1
15.504 1
15.5045 1
15.505 1
15.5055 1
15.5061 1
15.5066 1
15.507 1
15.5075 1
15.508 1
15.5085 1
15.5091 1
15.5096 1
15.51 1
15.5105 1
15.511 1
15.5115 1
15.5121 1
15.5126 1
15.5131 1
15.5135 1
15.514 1
15.5145 1
15.8936 1
15.8941 1
15.8946 1
15.8951 1
15.8956 1
15.896 1
15.8966 1
15.8971 1
15.8976 1
15.8981 1
15.8986 1
15.8991 1
15.8996 1
15.9001 1
15.9006 1
15.9011 1
15.9016 1
15.9021 1
15.9026 1
15.9031 1
15.9036 1
15.9041 1
15.9046 1
15.9051 1
15.9056 1
15.9061 1
15.9066 1
15.9071 1
15.9076 1
15.9081 1
15.9086 1
15.9091 1
15.9096 1
15.9101 1
15.9106 1
15.9111 1
15.9117 1
15.9121 1
15.9126 1
15.9131 1
15.9136 1
15.9141 1
16.2932 1
16.2937 1
16.2942 1
16.2946 1
16.2951 1
16.2956 1
16.2962 1
16.2967 1
16.2972 1
16.2977 1
16.2981 1
16.2986 1
16.2992 1
16.2997 1
16.3002 1
16.3007 1
16.3011 1
16.3016 1
16.3022 1
16.3027 1
16.3032 1
16.3037 1
16.3041 1
16.3046 1
16.3052 1
16.3057 1
16.3062 1
16.3067 1
16.3071 1
16.3076 1
16.3082 1
16.3087 1
16.3092 1
16.3097 1
16.3102 1
16.3106 1
16.3112 1
16.3117 1
16.3122 1
16.3127 1
16.3132 1
16.3136 1
16.6928 1
16.6932 1
16.6937 1
16.6942 1
16.6947 1
16.6952 1
16.6958 1
16.6963 1
16.6967 1
16.6972 1
16.6977 1
16.6982 1
16.6988 1
16.6993 1
16.6997 1
16.7002 1
16.7007 1
16.7012 1
16.7018 1
16.7023 1
16.7027 1
16.7032 1
16.7037 1
16.7042 1
16.7048 1
16.7053 1
16.7057 1
16.7062 1
16.7067 1
16.7072 1
16.7078 1
16.7083 1
16.7088 1
16.7092 1
16.7097 1
16.7102 1
16.7108 1
16.7113 1
16.7118 1
16.7122 1
16.7127 1
16.7132 1
17.0923 1
17.0928 1
17.0933 1
17.0938 1
17.0943 1
17.0948 1
17.0953 1
17.0958 1
17.0963 1
17.0968 1
17.0973 1
17.0978 1
17.0983 1
17.0988 1
17.0993 1
17.0998 1
17.1003 1
17.1008 1
17.1013 1
17.1018 1
17.1023 1
17.1028 1
17.1033 1
17.1038 1
17.1043 1
17.1048 1
17.1053 1
17.1058 1
17.1063 1
17.1068 1
17.1074 1
17.1078 1
17.1083 1
17.1088 1
17.1093 1
17.1098 1
17.1104 1
17.1108 1
17.1113 1
17.1118 1
17.1123 1
17.1128 1
17.4919 1
17.4924 1
17.4929 1
17.4934 1
17.4938 1
17.4943 1
17.4949 1
17.4954 1
17.4959 1
17.4964 1
17.4968 1
17.4973 1
17.4979 1
17.4984 1
17.4989 1
17.4994 1
17.4998 1
17.5003 1
17.5009 1
17.5014 1
17.5019 1
17.5024 1
17.5029 1
17.5033 1
17.5039 1
17.5044 1
17.5049 1
17.5054 1
17.5059 1
17.5063 1
17.5069 1
17.5074 1
17.5079 1
17.5084 1
17.5089 1
17.5093 1
17.5099 1
17.5104 1
17.5109 1
17.5114 1
17.5119 1
17.5123 1
17.8915 1
17.892 1
17.8924 1
17.8929 1
17.8934 1
17.8939 1
17.8945 1
17.895 1
17.8954 1
17.8959 1
17.8964 1
17.8969 1
17.8975 1
17.898 1
17.8984 1
17.8989 1
17.8994 1
17.8999 1
17.9005 1
17.901 1
17.9015 1
17.9019 1
17.9024 1
17.9029 1
17.9035 1
17.904 1
17.9045 1
17.9049 1
17.9054 1
17.9059 1
17.9065 1
17.907 1
17.9075 1
17.9079 1
17.9084 1
17.9089 1
17.9095 1
17.91 1
17.9105 1
17.9109 1
17.9114 1
17.9119 1
18.291 1
18.2915 1
18.292 1
18.2925 1
18.293 1
18.2935 1
18.294 1
18.2945 1
18.295 1
18.2955 1
18.296 1
18.2965 1
18.297 1
18.2975 1
18.298 1
18.2985 1
18.299 1
18.2995 1
18.3001 1
18.3005 1
18.301 1
18.3015 1
18.302 1
18.3025 1
18.3031 1
18.3035 1
18.304 1
18.3045 1
18.305 1
18.3055 1
18.3061 1
18.3065 1
18.307 1
18.3075 1
18.308 1
18.3085 1
18.3091 1
18.3095 1
18.31 1
18.3105 1
18.311 1
18.3115 1
18.6906 1
18.6911 1
18.6916 1
18.6921 1
18.6925 1
18.693 1
18.6936 1
18.6941 1
18.6946 1
18.6951 1
18.6955 1
18.696 1
18.6966 1
18.6971 1
18.6976 1
18.6981 1
18.6986 1
18.699 1
18.6996 1
18.7001 1
18.7006 1
18.7011 1
18.7016 1
18.702 1
18.7026 1
18.7031 1
18.7036 1
18.7041 1
18.7046 1
18.705 1
18.7056 1
18.7061 1
18.7066 1
18.7071 1
18.7076 1
18.7081 1
18.7086 1
18.7091 1
18.7096 1
18.7101 1
18.7106 1
18.7111 1
19.0902 1
19.0907 1
19.0911 1
19.0916 1
19.0921 1
19.0926 1
19.0932 1
19.0937 1
19.0941 1
19.0946 1
19.0951 1
19.0956 1
19.0962 1
19.0967 1
19.0972 1
19.0976 1
19.0981 1
19.0986 1
19.0992 1
19.0997 1
19.1002 1
19.1006 1
19.1011 1
19.1016 1
19.1022 1
19.1027 1
19.1032 1
19.1036 1
19.1041 1
19.1046 1
19.1052 1
19.1057 1
19.1062 1
19.1066 1
19.1071 1
19.1076 1
19.1082 1
19.1087 1
19.1092 1
19.1097 1
19.1101 1
19.1106 1
19.4897 1
19.4902 1
19.4907 1
19.4912 1
19.4917 1
19.4922 1
19.4927 1
19.4932 1
19.4937 1
19.4942 1
19.4947 1
19.4952 1
19.4958 1
19.4962 1
19.4967 1
19.4972 1
19.4977 1
19.4982 1
19.4988 1
19.4992 1
19.4997 1
19.5002 1
19.5007 1
19.5012 1
19.5018 1
19.5022 1
19.5027 1
19.5032 1
19.5037 1
19.5042 1
19.5048 1
19.5052 1
19.5057 1
19.5062 1
19.5067 1
19.5072 1
19.5078 1
19.5083 1
19.5087 1
19.5092 1
19.5097 1
19.5102 1
19.8893 1
19.8898 1
19.8903 1
19.8908 1
19.8913 1
19.8917 1
19.8923 1
19.8928 1
19.8933 1
19.8938 1
19.8943 1
19.8947 1
19.8953 1
19.8958 1
19.8963 1
19.8968 1
19.8973 1
19.8977 1
19.8983 1
19.8988 1
19.8993 1
19.8998 1
19.9003 1
19.9007 1
19.9013 1
19.9018 1
19.9023 1
19.9028 1
19.9033 1
19.9038 1
19.9043 1
19.9048 1
19.9053 1
19.9058 1
19.9063 1
19.9068 1
19.9073 1
19.9078 1
19.9083 1
19.9088 1
19.9093 1
19.9098 1
20.2889 1
20.2894 1
20.2899 1
20.2903 1
20.2908 1
20.2913 1
20.2919 1
20.2924 1
20.2929 1
20.2933 1
20.2938 1
20.2943 1
20.2949 1
20.2954 1
20.2959 1
20.2963 1
20.2968 1
20.2973 1
20.2979 1
20.2984 1
20.2989 1
20.2993 1
20.2998 1
20.3003 1
20.3009 1
20.3014 1
20.3019 1
20.3024 1
20.3028 1
20.3033 1
20.3039 1
20.3044 1
20.3049 1
20.3054 1
20.3058 1
20.3063 1
20.3069 1
20.3074 1
20.3079 1
20.3084 1
20.3088 1
20.3093 1
20.6885 1
20.6889 1
20.6894 1
20.6899 1
20.6904 1
20.6909 1
20.6915 1
20.6919 1
20.6924 1
20.6929 1
20.6934 1
20.6939 1
20.6945 1
20.6949 1
20.6954 1
20.6959 1
20.6964 1
20.6969 1
20.6975 1
20.6979 1
20.6984 1
20.6989 1
20.6994 1
20.6999 1
20.7005 1
20.701 1
20.7014 1
20.7019 1
20.7024 1
20.7029 1
20.7035 1
20.704 1
20.7044 1
20.7049 1
20.7054 1
20.7059 1
20.7065 1
20.707 1
20.7074 1
20.7079 1
20.7084 1
20.7089 1
21.088 1
21.0885 1
21.089 1
21.0895 1
21.09 1
21.0904 1
21.091 1
21.0915 1
21.092 1
21.0925 1
21.093 1
21.0934 1
21.094 1
21.0945 1
21.095 1
21.0955 1
21.096 1
21.0965 1
21.097 1
21.0975 1
21.098 1
21.0985 1
21.099 1
21.0995 1
21.1 1
21.1005 1
21.101 1
21.1015 1
21.102 1
21.1025 1
21.103 1
21.1035 1
21.104 1
21.1045 1
21.105 1
21.1055 1
21.106 1
21.1065 1
21.107 1
21.1075 1
21.108 1
21.1085 1
21.4876 1
21.4881 1
21.4886 1
21.489 1
21.4895 1
21.49 1
21.4906 1
21.4911 1
21.4916 1
21.492 1
21.4925 1
21.493 1
21.4936 1
21.4941 1
21.4946 1
21.4951 1
21.4955 1
21.496 1
21.4966 1
21.4971 1
21.4976 1
21.4981 1
21.4985 1
21.499 1
21.4996 1
21.5001 1
21.5006 1
21.5011 1
21.5015 1
21.502 1
21.5026 1
21.5031 1
21.5036 1
21.5041 1
21.5045 1
21.505 1
21.5056 1
21.5061 1
21.5066 1
21.5071 1
21.5076 1
21.508 1
21.8872 1
21.8876 1
21.8881 1
21.8886 1
21.8891 1
21.8896 1
21.8902 1
21.8906 1
21.8911 1
21.8916 1
21.8921 1
21.8926 1
21.8932 1
21.8937 1
21.8941 1
21.8946 1
21.8951 1
21.8956 1
21.8962 1
21.8967 1
21.8971 1
21.8976 1
21.8981 1
21.8986 1
21.8992 1
21.8997 1
21.9001 1
21.9006 1
21.9011 1
21.9016 1
21.9022 1
21.9027 1
21.9031 1
21.9036 1
21.9041 1
21.9046 1
21.9052 1
21.9057 1
21.9062 1
21.9066 1
21.9071 1
21.9076 1
22.2867 1
22.2872 1
22.2877 1
22.2882 1
22.2887 1
22.2891 1
22.2897 1
22.2902 1
22.2907 1
22.2912 1
22.2917 1
22.2922 1
22.2927 1
22.2932 1
22.2937 1
22.2942 1
22.2947 1
22.2952 1
22.2957 1
22.2962 1
22.2967 1
22.2972 1
22.2977 1
22.2982 1
22.2987 1
22.2992 1
22.2997 1
22.3002 1
22.3007 1
22.3012 1
22.3017 1
22.3022 1
22.3027 1
22.3032 1
22.3037 1
22.3042 1
22.3048 1
22.3052 1
22.3057 1
22.3062 1
22.3067 1
22.3072 1
22.6863 1
22.6868 1
22.6873 1
22.6877 1
22.6882 1
22.6887 1
22.6893 1
22.6898 1
22.6903 1
22.6908 1
22.6912 1
22.6917 1
22.6923 1
22.6928 1
22.6933 1
22.6938 1
22.6942 1
22.6947 1
22.6953 1
22.6958 1
22.6963 1
22.6968 1
22.6972 1
22.6977 1
22.6983 1
22.6988 1
22.6993 1
22.6998 1
22.7002 1
22.7007 1
22.7013 1
22.7018 1
22.7023 1
22.7028 1
22.7033 1
22.7037 1
22.7043 1
22.7048 1
22.7053 1
22.7058 1
22.7063 1
22.7067 1
23.0859 1
23.0863 1
23.0868 1
23.0873 1
23.0878 1
23.0883 1
23.0889 1
23.0894 1
23.0898 1
23.0903 1
23.0908 1
23.0913 1
23.0919 1
23.0924 1
23.0928 1
23.0933 1
23.0938 1
23.0943 1
23.0949 1
23.0954 1
23.0958 1
23.0963 1
23.0968 1
23.0973 1
23.0979 1
23.0984 1
23.0988 1
23.0993 1
23.0998 1
23.1003 1
23.1009 1
23.1014 1
23.1019 1
23.1023 1
23.1028 1
23.1033 1
23.1039 1
23.1044 1
23.1049 1
23.1053 1
23.1058 1
23.1063 1
23.4854 1
23.4859 1
23.4864 1
23.4869 1
23.4874 1
23.4879 1
23.4884 1
23.4889 1
23.4894 1
23.4899 1
23.4904 1
23.4909 1
23.4914 1
23.4919 1
23.4924 1
23.4929 1
23.4934 1
23.4939 1
23.4944 1
23.4949 1
23.4954 1
23.4959 1
23.4964 1
23.4969 1
23.4974 1
23.4979 1
23.4984 1
23.4989 1
23.4994 1
23.4999 1
23.5005 1
23.5009 1
23.5014 1
23.5019 1
23.5024 1
23.5029 1
23.5035 1
23.5039 1
23.5044 1
23.5049 1
23.5054 1
23.5059 1
23.885 1
23.8855 1
23.886 1
23.8865 1
23.8869 1
23.8874 1
23.888 1
23.8885 1
23.889 1
23.8895 1
23.8899 1
23.8904 1
23.891 1
23.8915 1
23.892 1
23.8925 1
23.8929 1
23.8934 1
23.894 1
23.8945 1
23.895 1
23.8955 1
23.896 1
23.8964 1
23.897 1
23.8975 1
23.898 1
23.8985 1
23.899 1
23.8994 1
23.9 1
23.9005 1
23.901 1
23.9015 1
23.902 1
23.9024 1
23.903 1
23.9035 1
23.904 1
23.9045 1
23.905 1
23.9054 1
24.2846 1
24.2851 1
24.2855 1
24.286 1
24.2865 1
24.287 1
24.2876 1
24.2881 1
24.2885 1
24.289 1
24.2895 1
24.29 1
24.2906 1
24.2911 1
24.2915 1
24.292 1
24.2925 1
24.293 1
24.2936 1
24.2941 1
24.2946 1
24.295 1
24.2955 1
24.296 1
24.2966 1
24.2971 1
24.2976 1
24.298 1
24.2985 1
24.299 1
24.2996 1
24.3001 1
24.3006 1
24.301 1
24.3015 1
24.302 1
24.3026 1
24.3031 1
24.3036 1
24.304 1
24.3045 1
24.305 1
24.6841 1
24.6846 1
24.6851 1
24.6856 1
24.6861 1
24.6866 1
24.6871 1
24.6876 1
24.6881 1
24.6886 1
24.6891 1
24.6896 1
24.6901 1
24.6906 1
24.6911 1
24.6916 1
24.6921 1
24.6926 1
24.6932 1
24.6936 1
24.6941 1
24.6946 1
24.6951 1
24.6956 1
24.6962 1
24.6966 1
24.6971 1
24.6976 1
24.6981 1
24.6986 1
24.6992 1
24.6996 1
24.7001 1
24.7006 1
24.7011 1
24.7016 1
24.7022 1
24.7026 1
24.7031 1
24.7036 1
24.7041 1
24.7046 1
25.0837 1
25.0842 1
25.0847 1
25.0852 1
25.0856 1
25.0861 1
25.0867 1
25.0872 1
25.0877 1
25.0882 1
25.0886 1
25.0891 1
25.0897 1
25.0902 1
25.0907 1
25.0912 1
25.0917 1
25.0921 1
25.0927 1
25.0932 1
25.0937 1
25.0942 1
25.0947 1
25.0951 1
25.0957 1
25.0962 1
25.0967 1
25.0972 1
25.0977 1
25.0981 1
25.0987 1
25.0992 1
25.0997 1
25.1002 1
25.1007 1
25.1012 1
25.1017 1
25.1022 1
25.1027 1
25.1032 1
25.1037 1
25.1042 1
25.4833 1
25.4838 1
25.4842 1
25.4847 1
25.4852 1
25.4857 1
25.4863 1
25.4868 1
25.4872 1
25.4877 1
25.4882 1
25.4887 1
25.4893 1
25.4898 1
25.4903 1
25.4907 1
25.4912 1
25.4917 1
25.4923 1
25.4928 1
25.4933 1
25.4937 1
25.4942 1
25.4947 1
25.4953 1
25.4958 1
25.4963 1
25.4967 1
25.4972 1
25.4977 1
25.4983 1
25.4988 1
25.4993 1
25.4997 1
25.5002 1
25.5007 1
25.5013 1
25.5018 1
25.5023 1
25.5028 1
25.5032 1
25.5037 1
25.8828 1
25.8833 1
25.8838 1
25.8843 1
25.8848 1
25.8853 1
25.8858 1
25.8863 1
25.8868 1
25.8873 1
25.8878 1
25.8883 1
25.8889 1
25.8893 1
25.8898 1
25.8903 1
25.8908 1
25.8913 1
25.8919 1
25.8923 1
25.8928 1
25.8933 1
25.8938 1
25.8943 1
25.8949 1
25.8953 1
25.8958 1
25.8963 1
25.8968 1
25.8973 1
25.8979 1
25.8983 1
25.8988 1
25.8993 1
25.8998 1
25.9003 1
25.9009 1
25.9014 1
25.9018 1
25.9023 1
25.9028 1
25.9033 1
26.2824 1
26.2829 1
26.2834 1
26.2839 1
26.2844 1
26.2848 1
26.2854 1
26.2859 1
26.2864 1
26.2869 1
26.2874 1
26.2878 1
26.2884 1
26.2889 1
26.2894 1
26.2899 1
26.2904 1
26.2908 1
26.2914 1
26.2919 1
26.2924 1
26.2929 1
26.2934 1
26.2938 1
26.2944 1
26.2949 1
26.2954 1
26.2959 1
26.2964 1
26.2969 1
26.2974 1
26.2979 1
26.2984 1
26.2989 1
26.2994 1
26.2999 1
26.3004 1
26.3009 1
26.3014 1
26.3019 1
26.3024 1
26.3029 1
26.682 1
26.6825 1
26.683 1
26.6834 1
26.6839 1
26.6844 1
26.685 1
26.6855 1
26.686 1
26.6864 1
26.6869 1
26.6874 1
26.688 1
26.6885 1
26.689 1
26.6894 1
26.6899 1
26.6904 1
26.691 1
26.6915 1
26.692 1
26.6924 1
26.6929 1
26.6934 1
26.694 1
26.6945 1
26.695 1
26.6955 1
26.6959 1
26.6964 1
26.697 1
26.6975 1
26.698 1
26.6985 1
26.6989 1
26.6994 1
26.7 1
26.7005 1
26.701 1
26.7015 1
26.7019 1
26.7024 1
27.0816 1
27.082 1
27.0825 1
27.083 1
27.0835 1
27.084 1
27.0846 1
27.085 1
27.0855 1
27.086 1
27.0865 1
27.087 1
27.0876 1
27.088 1
27.0885 1
27.089 1
27.0895 1
27.09 1
27.0906 1
27.091 1
27.0915 1
27.092 1
27.0925 1
27.093 1
27.0936 1
27.0941 1
27.0945 1
27.095 1
27.0955 1
27.096 1
27.0966 1
27.0971 1
27.0975 1
27.098 1
27.0985 1
27.099 1
27.0996 1
27.1001 1
27.1005 1
27.101 1
27.1015 1
27.102 1
27.4811 1
27.4816 1
27.4821 1
27.4826 1
27.4831 1
27.4835 1
27.4841 1
27.4846 1
27.4851 1
27.4856 1
27.4861 1
27.4865 1
27.4871 1
27.4876 1
27.4881 1
27.4886 1
27.4891 1
27.4896 1
27.4901 1
27.4906 1
27.4911 1
27.4916 1
27.4921 1
27.4926 1
27.4931 1
27.4936 1
27.4941 1
27.4946 1
27.4951 1
27.4956 1
27.4961 1
27.4966 1
27.4971 1
27.4976 1
27.4981 1
27.4986 1
27.4991 1
27.4996 1
27.5001 1
27.5006 1
27.5011 1
27.5016 1
27.8807 1
27.8812 1
27.8817 1
27.8821 1
27.8826 1
27.8831 1
27.8837 1
27.8842 1
27.8847 1
27.8851 1
27.8856 1
27.8861 1
27.8867 1
27.8872 1
27.8877 1
27.8882 1
27.8886 1
27.8891 1
27.8897 1
27.8902 1
27.8907 1
27.8912 1
27.8916 1
27.8921 1
27.8927 1
27.8932 1
27.8937 1
27.8942 1
27.8946 1
27.8951 1
27.8957 1
27.8962 1
27.8967 1
27.8972 1
27.8976 1
27.8981 1
27.8987 1
27.8992 1
27.8997 1
27.9002 1
27.9007 1
27.9011 1
28.2803 1
28.2807 1
28.2812 1
28.2817 1
28.2822 1
28.2827 1
28.2833 1
28.2837 1
28.2842 1
28.2847 1
28.2852 1
28.2857 1
28.2863 1
28.2868 1
28.2872 1
28.2877 1
28.2882 1
28.2887 1
28.2893 1
28.2898 1
28.2902 1
28.2907 1
28.2912 1
28.2917 1
28.2923 1
28.2928 1
28.2932 1
28.2937 1
28.2942 1
28.2947 1
28.2953 1
28.2958 1
28.2962 1
28.2967 1
28.2972 1
28.2977 1
28.2983 1
28.2988 1
28.2993 1
28.2997 1
28.3002 1
28.3007 1
28.6798 1
28.6803 1
28.6808 1
28.6813 1
28.6818 1
28.6822 1
28.6828 1
28.6833 1
28.6838 1
28.6843 1
28.6848 1
28.6853 1
28.6858 1
28.6863 1
28.6868 1
28.6873 1
28.6878 1
28.6883 1
28.6888 1
28.6893 1
28.6898 1
28.6903 1
28.6908 1
28.6913 1
28.6918 1
28.6923 1
28.6928 1
28.6933 1
28.6938 1
28.6943 1
28.6948 1
28.6953 1
28.6958 1
28.6963 1
28.6968 1
28.6973 1
28.6979 1
28.6983 1
28.6988 1
28.6993 1
28.6998 1
28.7003 1
29.0794 1
29.0799 1
29.0804 1
29.0808 1
29.0813 1
29.0818 1
29.0824 1
29.0829 1
29.0834 1
29.0839 1
29.0843 1
29.0848 1
29.0854 1
29.0859 1
29.0864 1
29.0869 1
29.0873 1
29.0878 1
29.0884 1
29.0889 1
29.0894 1
29.0899 1
29.0903 1
29.0908 1
29.0914 1
29.0919 1
29.0924 1
29.0929 1
29.0933 1
29.0938 1
29.0944 1
29.0949 1
29.0954 1
29.0959 1
29.0964 1
29.0968 1
29.0974 1
29.0979 1
29.0984 1
29.0989 1
29.0994 1
29.0998 1
29.479 1
29.4794 1
29.4799 1
29.4804 1
29.4809 1
29.4814 1
29.482 1
29.4825 1
29.4829 1
29.4834 1
29.4839 1
29.4844 1
29.485 1
29.4855 1
29.4859 1
29.4864 1
29.4869 1
29.4874 1
29.488 1
29.4885 1
29.4889 1
29.4894 1
29.4899 1
29.4904 1
29.491 1
29.4915 1
29.4919 1
29.4924 1
29.4929 1
29.4934 1
29.494 1
29.4945 1
29.495 1
29.4954 1
29.4959 1
29.4964 1
29.497 1
29.4975 1
29.498 1
29.4984 1
29.4989 1
29.4994 1
29.8785 1
29.879 1
29.8795 1
29.88 1
29.8805 1
29.881 1
29.8815 1
29.882 1
29.8825 1
29.883 1
29.8835 1
29.884 1
29.8845 1
29.885 1
29.8855 1
29.886 1
29.8865 1
29.887 1
29.8875 1
29.888 1
29.8885 1
29.889 1
29.8895 1
29.89 1
29.8905 1
29.891 1
29.8915 1
29.892 1
29.8925 1
29.893 1
29.8936 1
29.894 1
29.8945 1
29.895 1
29.8955 1
29.896 1
29.8966 1
29.897 1
29.8975 1
29.898 1
29.8985 1
29.899 1
30.2781 1
30.2786 1
30.2791 1
30.2796 1
30.28 1
30.2805 1
30.2811 1
30.2816 1
30.2821 1
30.2826 1
30.283 1
30.2835 1
30.2841 1
30.2846 1
30.2851 1
30.2856 1
30.286 1
30.2865 1
30.2871 1
30.2876 1
30.2881 1
30.2886 1
30.2891 1
30.2895 1
30.2901 1
30.2906 1
30.2911 1
30.2916 1
30.2921 1
30.2925 1
30.2931 1
30.2936 1
30.2941 1
30.2946 1
30.2951 1
30.2955 1
30.2961 1
30.2966 1
30.2971 1
30.2976 1
30.2981 1
30.2985 1
30.6777 1
30.6782 1
30.6786 1
30.6791 1
30.6796 1
30.6801 1
30.6807 1
30.6812 1
30.6816 1
30.6821 1
30.6826 1
30.6831 1
30.6837 1
30.6842 1
30.6846 1
30.6851 1
30.6856 1
30.6861 1
30.6867 1
30.6872 1
30.6877 1
30.6881 1
30.6886 1
30.6891 1
30.6897 1
30.6902 1
30.6907 1
30.6911 1
30.6916 1
30.6921 1
30.6927 1
30.6932 1
30.6937 1
30.6941 1
30.6946 1
30.6951 1
30.6957 1
30.6962 1
30.6967 1
30.6971 1
30.6976 1
30.6981 1
31.0772 1
31.0777 1
31.0782 1
31.0787 1
31.0792 1
31.0797 1
31.0802 1
31.0807 1
31.0812 1
31.0817 1
31.0822 1
31.0827 1
31.0832 1
31.0837 1
31.0842 1
31.0847 1
31.0852 1
31.0857 1
31.0863 1
31.0867 1
31.0872 1
31.0877 1
31.0882 1
31.0887 1
31.0893 1
31.0897 1
31.0902 1
31.0907 1
31.0912 1
31.0917 1
31.0923 1
31.0927 1
31.0932 1
31.0937 1
31.0942 1
31.0947 1
31.0953 1
31.0957 1
31.0962 1
31.0967 1
31.0972 1
31.0977 1
31.4768 1
31.4773 1
31.4778 1
31.4783 1
31.4787 1
31.4792 1
31.4798 1
31.4803 1
31.4808 1
31.4813 1
31.4817 1
31.4822 1
31.4828 1
31.4833 1
31.4838 1
31.4843 1
31.4848 1
31.4852 1
31.4858 1
31.4863 1
31.4868 1
31.4873 1
31.4878 1
31.4882 1
31.4888 1
31.4893 1
31.4898 1
31.4903 1
31.4908 1
31.4912 1
31.4918 1
31.4923 1
31.4928 1
31.4933 1
31.4938 1
31.4943 1
31.4948 1
31.4953 1
31.4958 1
31.4963 1
31.4968 1
31.4973 1
31.8764 1
31.8769 1
31.8773 1
31.8778 1
31.8783 1
31.8788 1
31.8794 1
31.8799 1
31.8803 1
31.8808 1
31.8813 1
31.8818 1
31.8824 1
31.8829 1
31.8834 1
31.8838 1
31.8843 1
31.8848 1
31.8854 1
31.8859 1
31.8864 1
31.8868 1
31.8873 1
31.8878 1
31.8884 1
31.8889 1
31.8894 1
31.8898 1
31.8903 1
31.8908 1
31.8914 1
31.8919 1
31.8924 1
31.8928 1
31.8933 1
31.8938 1
31.8944 1
31.8949 1
31.8954 1
31.8959 1
31.8963 1
31.8968 1
32.2759 1
32.2764 1
32.2769 1
32.2774 1
32.2779 1
32.2784 1
32.2789 1
32.2794 1
32.2799 1
32.2804 1
32.2809 1
32.2814 1
32.282 1
32.2824 1
32.2829 1
32.2834 1
32.2839 1
32.2844 1
32.285 1
32.2854 1
32.2859 1
32.2864 1
32.2869 1
32.2874 1
32.288 1
32.2884 1
32.2889 1
32.2894 1
32.2899 1
32.2904 1
32.291 1
32.2914 1
32.2919 1
32.2924 1
32.2929 1
32.2934 1
32.294 1
32.2945 1
32.2949 1
32.2954 1
32.2959 1
32.2964 1
32.6755 1
32.676 1
32.6765 1
32.677 1
32.6775 1
32.6779 1
32.6785 1
32.679 1
32.6795 1
32.68 1
32.6805 1
32.6809 1
32.6815 1
32.682 1
32.6825 1
32.683 1
32.6835 1
32.6839 1
32.6845 1
32.685 1
32.6855 1
32.686 1
32.6865 1
32.6869 1
32.6875 1
32.688 1
32.6885 1
32.689 1
32.6895 1
32.69 1
32.6905 1
32.691 1
32.6915 1
32.692 1
32.6925 1
32.693 1
32.6935 1
32.694 1
32.6945 1
32.695 1
32.6955 1
32.696 1
33.0751 1
33.0756 1
33.0761 1
33.0765 1
33.077 1
33.0775 1
33.0781 1
33.0786 1
33.0791 1
33.0795 1
33.08 1
33.0805 1
33.0811 1
33.0816 1
33.0821 1
33.0825 1
33.083 1
33.0835 1
33.0841 1
33.0846 1
33.0851 1
33.0855 1
33.086 1
33.0865 1
33.0871 1
33.0876 1
33.0881 1
33.0886 1
33.089 1
33.0895 1
33.0901 1
33.0906 1
33.0911 1
33.0916 1
33.092 1
33.0925 1
33.0931 1
33.0936 1
33.0941 1
33.0946 1
33.095 1
33.0955 1
33.4747 1
33.4751 1
33.4756 1
33.4761 1
33.4766 1
33.4771 1
33.4777 1
33.4781 1
33.4786 1
33.4791 1
33.4796 1
33.4801 1
33.4807 1
33.4811 1
33.4816 1
33.4821 1
33.4826 1
33.4831 1
33.4837 1
33.4841 1
33.4846 1
33.4851 1
33.4856 1
33.4861 1
33.4867 1
33.4872 1
33.4876 1
33.4881 1
33.4886 1
33.4891 1
33.4897 1
33.4902 1
33.4906 1
33.4911 1
33.4916 1
33.4921 1
33.4927 1
33.4932 1
33.4936 1
33.4941 1
33.4946 1
33.4951 1
33.8742 1
33.8747 1
33.8752 1
33.8757 1
33.8762 1
33.8766 1
33.8772 1
33.8777 1
33.8782 1
33.8787 1
33.8792 1
33.8796 1
33.8802 1
33.8807 1
33.8812 1
33.8817 1
33.8822 1
33.8827 1
33.8832 1
33.8837 1
33.8842 1
33.8847 1
33.8852 1
33.8857 1
33.8862 1
33.8867 1
33.8872 1
33.8877 1
33.8882 1
33.8887 1
33.8892 1
33.8897 1
33.8902 1
33.8907 1
33.8912 1
33.8917 1
33.8922 1
33.8927 1
33.8932 1
33.8937 1
33.8942 1
33.8947 1
34.2738 1
34.2743 1
34.2748 1
34.2752 1
34.2757 1
34.2762 1
34.2768 1
34.2773 1
34.2778 1
34.2782 1
34.2787 1
34.2792 1
34.2798 1
34.2803 1
34.2808 1
34.2813 1
34.2817 1
34.2822 1
34.2828 1
34.2833 1
34.2838 1
34.2843 1
34.2847 1
34.2852 1
34.2858 1
34.2863 1
34.2868 1
34.2873 1
34.2877 1
34.2882 1
34.2888 1
34.2893 1
34.2898 1
34.2903 1
34.2907 1
34.2912 1
34.2918 1
34.2923 1
34.2928 1
34.2933 1
34.2938 1
34.2942 1
34.6734 1
34.6738 1
34.6743 1
34.6748 1
34.6753 1
34.6758 1
34.6764 1
34.6768 1
34.6773 1
34.6778 1
34.6783 1
34.6788 1
34.6794 1
34.6799 1
34.6803 1
34.6808 1
34.6813 1
34.6818 1
34.6824 1
34.6829 1
34.6833 1
34.6838 1
34.6843 1
34.6848 1
34.6854 1
34.6859 1
34.6863 1
34.6868 1
34.6873 1
34.6878 1
34.6884 1
34.6889 1
34.6893 1
34.6898 1
34.6903 1
34.6908 1
34.6914 1
34.6919 1
34.6924 1
34.6928 1
34.6933 1
34.6938 1
35.0729 1
35.0734 1
35.0739 1
35.0744 1
35.0749 1
35.0753 1
35.0759 1
35.0764 1
35.0769 1
35.0774 1
35.0779 1
35.0784 1
35.0789 1
35.0794 1
35.0799 1
35.0804 1
35.0809 1
35.0814 1
35.0819 1
35.0824 1
35.0829 1
35.0834 1
35.0839 1
35.0844 1
35.0849 1
35.0854 1
35.0859 1
35.0864 1
35.0869 1
35.0874 1
35.0879 1
35.0884 1
35.0889 1
35.0894 1
35.0899 1
35.0904 1
35.091 1
35.0914 1
35.0919 1
35.0924 1
35.0929 1
35.0934 1
35.4725 1
35.473 1
35.4735 1
35.4739 1
35.4744 1
35.4749 1
35.4755 1
35.476 1
35.4765 1
35.477 1
35.4774 1
35.4779 1
35.4785 1
35.479 1
35.4795 1
35.48 1
35.4804 1
35.4809 1
35.4815 1
35.482 1
35.4825 1
35.483 1
35.4834 1
35.4839 1
35.4845 1
35.485 1
35.4855 1
35.486 1
35.4864 1
35.4869 1
35.4875 1
35.488 1
35.4885 1
35.489 1
35.4895 1
35.4899 1
35.4905 1
35.491 1
35.4915 1
35.492 1
35.4925 1
35.4929 1
35.8721 1
35.8725 1
35.873 1
35.8735 1
35.874 1
35.8745 1
35.8751 1
35.8756 1
35.876 1
35.8765 1
35.877 1
35.8775 1
35.8781 1
35.8786 1
35.879 1
35.8795 1
35.88 1
35.8805 1
35.8811 1
35.8816 1
35.882 1
35.8825 1
35.883 1
35.8835 1
35.8841 1
35.8846 1
35.885 1
35.8855 1
35.886 1
35.8865 1
35.8871 1
35.8876 1
35.8881 1
35.8885 1
35.889 1
35.8895 1
35.8901 1
35.8906 1
35.8911 1
35.8915 1
35.892 1
35.8925 1
36.2716 1
36.2721 1
36.2726 1
36.2731 1
36.2736 1
36.2741 1
36.2746 1
36.2751 1
36.2756 1
36.2761 1
36.2766 1
36.2771 1
36.2776 1
36.2781 1
36.2786 1
36.2791 1
36.2796 1
36.2801 1
36.2806 1
36.2811 1
36.2816 1
36.2821 1
36.2826 1
36.2831 1
36.2836 1
36.2841 1
36.2846 1
36.2851 1
36.2856 1
36.2861 1
36.2867 1
36.2871 1
36.2876 1
36.2881 1
36.2886 1
36.2891 1
36.2897 1
36.2901 1
36.2906 1
36.2911 1
36.2916 1
36.2921 1
36.6712 1
36.6717 1
36.6722 1
36.6727 1
36.6731 1
36.6736 1
36.6742 1
36.6747 1
36.6752 1
36.6757 1
36.6761 1
36.6766 1
36.6772 1
36.6777 1
36.6782 1
36.6787 1
36.6791 1
36.6796 1
36.6802 1
36.6807 1
36.6812 1
36.6817 1
36.6822 1
36.6826 1
36.6832 1
36.6837 1
36.6842 1
36.6847 1
36.6852 1
36.6856 1
36.6862 1
36.6867 1
36.6872 1
36.6877 1
36.6882 1
36.6886 1
36.6892 1
36.6897 1
36.6902 1
36.6907 1
36.6912 1
36.6916 1
37.0708 1
37.0713 1
37.0717 1
37.0722 1
37.0727 1
37.0732 1
37.0738 1
37.0743 1
37.0747 1
37.0752 1
37.0757 1
37.0762 1
37.0768 1
37.0773 1
37.0777 1
37.0782 1
37.0787 1
37.0792 1
37.0798 1
37.0803 1
37.0808 1
37.0812 1
37.0817 1
37.0822 1
37.0828 1
37.0833 1
37.0838 1
37.0842 1
37.0847 1
37.0852 1
37.0858 1
37.0863 1
37.0868 1
37.0872 1
37.0877 1
37.0882 1
37.0888 1
37.0893 1
37.0898 1
37.0902 1
37.0907 1
37.0912 1
37.4703 1
37.4708 1
37.4713 1
37.4718 1
37.4723 1
37.4728 1
37.4733 1
37.4738 1
37.4743 1
37.4748 1
37.4753 1
37.4758 1
37.4763 1
37.4768 1
37.4773 1
37.4778 1
37.4783 1
37.4788 1
37.4794 1
37.4798 1
37.4803 1
37.4808 1
37.4813 1
37.4818 1
37.4824 1
37.4828 1
37.4833 1
37.4838 1
37.4843 1
37.4848 1
37.4854 1
37.4858 1
37.4863 1
37.4868 1
37.4873 1
37.4878 1
37.4884 1
37.4888 1
37.4893 1
37.4898 1
37.4903 1
37.4908 1
37.8699 1
37.8704 1
37.8709 1
37.8714 1
37.8718 1
37.8723 1
37.8729 1
37.8734 1
37.8739 1
37.8744 1
37.8748 1
37.8753 1
37.8759 1
37.8764 1
37.8769 1
37.8774 1
37.8779 1
37.8783 1
37.8789 1
37.8794 1
37.8799 1
37.8804 1
37.8809 1
37.8813 1
37.8819 1
37.8824 1
37.8829 1
37.8834 1
37.8839 1
37.8843 1
37.8849 1
37.8854 1
37.8859 1
37.8864 1
37.8869 1
37.8873 1
37.8879 1
37.8884 1
37.8889 1
37.8894 1
37.8899 1
37.8904 1
38.2695 1
38.27 1
38.2704 1
38.2709 1
38.2714 1
38.2719 1
38.2725 1
38.273 1
38.2734 1
38.2739 1
38.2744 1
38.2749 1
38.2755 1
38.276 1
38.2765 1
38.2769 1
38.2774 1
38.2779 1
38.2785 1
38.279 1
38.2795 1
38.2799 1
38.2804 1
38.2809 1
38.2815 1
38.282 1
38.2825 1
38.2829 1
38.2834 1
38.2839 1
38.2845 1
38.285 1
38.2855 1
38.2859 1
38.2864 1
38.2869 1
38.2875 1
38.288 1
38.2885 1
38.289 1
38.2894 1
38.2899 1
38.669 1
38.6695 1
38.67 1
38.6705 1
38.671 1
38.6715 1
38.672 1
38.6725 1
38.673 1
38.6735 1
38.674 1
38.6745 1
38.6751 1
38.6755 1
38.676 1
38.6765 1
38.677 1
38.6775 1
38.6781 1
38.6785 1
38.679 1
38.6795 1
38.68 1
38.6805 1
38.6811 1
38.6815 1
38.682 1
38.6825 1
38.683 1
38.6835 1
38.6841 1
38.6845 1
38.685 1
38.6855 1
38.686 1
38.6865 1
38.6871 1
38.6876 1
38.688 1
38.6885 1
38.689 1
38.6895 1
39.0686 1
39.0691 1
39.0696 1
39.0701 1
39.0706 1
39.071 1
39.0716 1
39.0721 1
39.0726 1
39.0731 1
39.0736 1
39.074 1
39.0746 1
39.0751 1
39.0756 1
39.0761 1
39.0766 1
39.077 1
39.0776 1
39.0781 1
39.0786 1
39.0791 1
39.0796 1
39.08 1
39.0806 1
39.0811 1
39.0816 1
39.0821 1
39.0826 1
39.0831 1
39.0836 1
39.0841 1
39.0846 1
39.0851 1
39.0856 1
39.0861 1
39.0866 1
39.0871 1
39.0876 1
39.0881 1
39.0886 1
39.0891 1
39.4682 1
39.4687 1
39.4692 1
39.4696 1
39.4701 1
39.4706 1
39.4712 1
39.4717 1
39.4722 1
39.4726 1
39.4731 1
39.4736 1
39.4742 1
39.4747 1
39.4752 1
39.4756 1
39.4761 1
39.4766 1
39.4772 1
39.4777 1
39.4782 1
39.4786 1
39.4791 1
39.4796 1
39.4802 1
39.4807 1
39.4812 1
39.4817 1
39.4821 1
39.4826 1
39.4832 1
39.4837 1
39.4842 1
39.4847 1
39.4851 1
39.4856 1
39.4862 1
39.4867 1
39.4872 1
39.4877 1
39.4881 1
39.4886 1
39.8678 1
39.8682 1
39.8687 1
39.8692 1
39.8697 1
39.8702 1
39.8708 1
39.8712 1
39.8717 1
39.8722 1
39.8727 1
39.8732 1
39.8738 1
39.8742 1
39.8747 1
39.8752 1
39.8757 1
39.8762 1
39.8768 1
39.8772 1
39.8777 1
39.8782 1
39.8787 1
39.8792 1
39.8798 1
39.8803 1
39.8807 1
39.8812 1
39.8817 1
39.8822 1
39.8828 1
39.8833 1
39.8837 1
39.8842 1
39.8847 1
39.8852 1
39.8858 1
39.8863 1
39.8867 1
39.8872 1
39.8877 1
39.8882 1
40.2673 1
40.2678 1
40.2683 1
40.2688 1
40.2693 1
40.2697 1
40.2703 1
40.2708 1
40.2713 1
40.2718 1
40.2723 1
40.2727 1
40.2733 1
40.2738 1
40.2743 1
40.2748 1
40.2753 1
40.2758 1
40.2763 1
40.2768 1
40.2773 1
40.2778 1
40.2783 1
40.2788 1
40.2793 1
40.2798 1
40.2803 1
40.2808 1
40.2813 1
40.2818 1
40.2823 1
40.2828 1
40.2833 1
40.2838 1
40.2843 1
40.2848 1
40.2853 1
40.2858 1
40.2863 1
40.2868 1
40.2873 1
40.2878 1
40.6669 1
40.6674 1
40.6679 1
40.6683 1
40.6688 1
40.6693 1
40.6699 1
40.6704 1
40.6709 1
40.6713 1
40.6718 1
40.6723 1
40.6729 1
40.6734 1
40.6739 1
40.6744 1
40.6748 1
40.6753 1
40.6759 1
40.6764 1
40.6769 1
40.6774 1
40.6778 1
40.6783 1
40.6789 1
40.6794 1
40.6799 1
40.6804 1
40.6808 1
40.6813 1
40.6819 1
40.6824 1
40.6829 1
40.6834 1
40.6838 1
40.6843 1
40.6849 1
40.6854 1
40.6859 1
40.6864 1
40.6869 1
40.6873 1
41.0665 1
41.0669 1
41.0674 1
41.0679 1
41.0684 1
41.0689 1
41.0695 1
41.0699 1
41.0704 1
41.0709 1
41.0714 1
41.0719 1
41.0725 1
41.0729 1
41.0734 1
41.0739 1
41.0744 1
41.0749 1
41.0755 1
41.076 1
41.0764 1
41.0769 1
41.0774 1
41.0779 1
41.0785 1
41.079 1
41.0794 1
41.0799 1
41.0804 1
41.0809 1
41.0815 1
41.082 1
41.0824 1
41.0829 1
41.0834 1
41.0839 1
41.0845 1
41.085 1
41.0855 1
41.0859 1
41.0864 1
41.0869 1
41.466 1
41.4665 1
41.467 1
41.4675 1
41.468 1
41.4684 1
41.469 1
41.4695 1
41.47 1
41.4705 1
41.471 1
41.4715 1
41.472 1
41.4725 1
41.473 1
41.4735 1
41.474 1
41.4745 1
41.475 1
41.4755 1
41.476 1
41.4765 1
41.477 1
41.4775 1
41.478 1
41.4785 1
41.479 1
41.4795 1
41.48 1
41.4805 1
41.481 1
41.4815 1
41.482 1
41.4825 1
41.483 1
41.4835 1
41.4841 1
41.4845 1
41.485 1
41.4855 1
41.486 1
41.4865 1
41.8656 1
41.8661 1
41.8666 1
41.867 1
41.8675 1
41.868 1
41.8686 1
41.8691 1
41.8696 1
41.8701 1
41.8705 1
41.871 1
41.8716 1
41.8721 1
41.8726 1
41.8731 1
41.8735 1
41.874 1
41.8746 1
41.8751 1
41.8756 1
41.8761 1
41.8765 1
41.877 1
41.8776 1
41.8781 1
41.8786 1
41.8791 1
41.8795 1
41.88 1
41.8806 1
41.8811 1
41.8816 1
41.8821 1
41.8826 1
41.883 1
41.8836 1
41.8841 1
41.8846 1
41.8851 1
41.8856 1
41.886 1
42.2652 1
42.2656 1
42.2661 1
42.2666 1
42.2671 1
42.2676 1
42.2682 1
42.2687 1
42.2691 1
42.2696 1
42.2701 1
42.2706 1
42.2712 1
42.2717 1
42.2721 1
42.2726 1
42.2731 1
42.2736 1
42.2742 1
42.2747 1
42.2751 1
42.2756 1
42.2761 1
42.2766 1
42.2772 1
42.2777 1
42.2781 1
42.2786 1
42.2791 1
42.2796 1
42.2802 1
42.2807 1
42.2812 1
42.2816 1
42.2821 1
42.2826 1
42.2832 1
42.2837 1
42.2842 1
42.2846 1
42.2851 1
42.2856 1
42.6647 1
42.6652 1
42.6657 1
42.6662 1
42.6667 1
42.6672 1
42.6677 1
42.6682 1
42.6687 1
42.6692 1
42.6697 1
42.6702 1
42.6707 1
42.6712 1
42.6717 1
42.6722 1
42.6727 1
42.6732 1
42.6737 1
42.6742 1
42.6747 1
42.6752 1
42.6757 1
42.6762 1
42.6767 1
42.6772 1
42.6777 1
42.6782 1
42.6787 1
42.6792 1
42.6798 1
42.6802 1
42.6807 1
42.6812 1
42.6817 1
42.6822 1
42.6828 1
42.6832 1
42.6837 1
42.6842 1
42.6847 1
42.6852 1
43.0643 1
43.0648 1
43.0653 1
43.0658 1
43.0662 1
43.0667 1
43.0673 1
43.0678 1
43.0683 1
43.0688 1
43.0692 1
43.0697 1
43.0703 1
43.0708 1
43.0713 1
43.0718 1
43.0722 1
43.0727 1
43.0733 1
43.0738 1
43.0743 1
43.0748 1
43.0753 1
43.0757 1
43.0763 1
43.0768 1
43.0773 1
43.0778 1
43.0783 1
43.0787 1
43.0793 1
43.0798 1
43.0803 1
43.0808 1
43.0813 1
43.0817 1
43.0823 1
43.0828 1
43.0833 1
43.0838 1
43.0843 1
43.0847 1
43.4639 1
43.4644 1
43.4648 1
43.4653 1
43.4658 1
43.4663 1
43.4669 1
43.4674 1
43.4678 1
43.4683 1
43.4688 1
43.4693 1
43.4699 1
43.4704 1
43.4708 1
43.4713 1
43.4718 1
43.4723 1
43.4729 1
43.4734 1
43.4739 1
43.4743 1
43.4748 1
43.4753 1
43.4759 1
43.4764 1
43.4769 1
43.4773 1
43.4778 1
43.4783 1
43.4789 1
43.4794 1
43.4799 1
43.4803 1
43.4808 1
43.4813 1
43.4819 1
43.4824 1
43.4829 1
43.4833 1
43.4838 1
43.4843 1
43.8634 1
43.8639 1
43.8644 1
43.8649 1
43.8654 1
43.8659 1
43.8664 1
43.8669 1
43.8674 1
43.8679 1
43.8684 1
43.8689 1
43.8694 1
43.8699 1
43.8704 1
43.8709 1
43.8714 1
43.8719 1
43.8725 1
43.8729 1
43.8734 1
43.8739 1
43.8744 1
43.8749 1
43.8755 1
43.8759 1
43.8764 1
43.8769 1
43.8774 1
43.8779 1
43.8785 1
43.8789 1
43.8794 1
43.8799 1
43.8804 1
43.8809 1
43.8815 1
43.8819 1
43.8824 1
43.8829 1
43.8834 1
43.8839 1
44.263 1
44.2635 1
44.264 1
44.2645 1
44.2649 1
44.2654 1
44.266 1
44.2665 1
44.267 1
44.2675 1
44.2679 1
44.2684 1
44.269 1
44.2695 1
44.27 1
44.2705 1
44.271 1
44.2714 1
44.272 1
44.2725 1
44.273 1
44.2735 1
44.274 1
44.2744 1
44.275 1
44.2755 1
44.276 1
44.2765 1
44.277 1
44.2774 1
44.278 1
44.2785 1
44.279 1
44.2795 1
44.28 1
44.2804 1
44.281 1
44.2815 1
44.282 1
44.2825 1
44.283 1
44.2835 1
44.6626 1
44.6631 1
44.6635 1
44.664 1
44.6645 1
44.665 1
44.6656 1
44.6661 1
44.6665 1
44.667 1
44.6675 1
44.668 1
44.6686 1
44.6691 1
44.6696 1
44.67 1
44.6705 1
44.671 1
44.6716 1
44.6721 1
44.6726 1
44.673 1
44.6735 1
44.674 1
44.6746 1
44.6751 1
44.6756 1
44.676 1
44.6765 1
44.677 1
44.6776 1
44.6781 1
44.6786 1
44.679 1
44.6795 1
44.68 1
44.6806 1
44.6811 1
44.6816 1
44.6821 1
44.6825 1
44.683 1
45.0621 1
45.0626 1
45.0631 1
45.0636 1
45.0641 1
45.0646 1
45.0651 1
45.0656 1
45.0661 1
45.0666 1
45.0671 1
45.0676 1
45.0682 1
45.0686 1
45.0691 1
45.0696 1
45.0701 1
45.0706 1
45.0712 1
45.0716 1
45.0721 1
45.0726 1
45.0731 1
45.0736 1
45.0742 1
45.0746 1
45.0751 1
45.0756 1
45.0761 1
45.0766 1
45.0772 1
45.0776 1
45.0781 1
45.0786 1
45.0791 1
45.0796 1
45.0802 1
45.0807 1
45.0811 1
45.0816 1
45.0821 1
45.0826 1
45.4617 1
45.4622 1
45.4627 1
45.4632 1
45.4637 1
45.4641 1
45.4647 1
45.4652 1
45.4657 1
45.4662 1
45.4667 1
45.4671 1
45.4677 1
45.4682 1
45.4687 1
45.4692 1
45.4697 1
45.4701 1
45.4707 1
45.4712 1
45.4717 1
45.4722 1
45.4727 1
45.4731 1
45.4737 1
45.4742 1
45.4747 1
45.4752 1
45.4757 1
45.4762 1
45.4767 1
45.4772 1
45.4777 1
45.4782 1
45.4787 1
45.4792 1
45.4797 1
45.4802 1
45.4807 1
45.4812 1
45.4817 1
45.4822 1
45.8613 1
45.8618 1
45.8623 1
45.8627 1
45.8632 1
45.8637 1
45.8643 1
45.8648 1
45.8653 1
45.8657 1
45.8662 1
45.8667 1
45.8673 1
45.8678 1
45.8683 1
45.8687 1
45.8692 1
45.8697 1
45.8703 1
45.8708 1
45.8713 1
45.8717 1
45.8722 1
45.8727 1
45.8733 1
45.8738 1
45.8743 1
45.8748 1
45.8752 1
45.8757 1
45.8763 1
45.8768 1
45.8773 1
45.8778 1
45.8782 1
45.8787 1
45.8793 1
45.8798 1
45.8803 1
45.8808 1
45.8812 1
45.8817 1
46.2609 1
46.2613 1
46.2618 1
46.2623 1
46.2628 1
46.2633 1
46.2639 1
46.2643 1
46.2648 1
46.2653 1
46.2658 1
46.2663 1
46.2669 1
46.2673 1
46.2678 1
46.2683 1
46.2688 1
46.2693 1
46.2699 1
46.2703 1
46.2708 1
46.2713 1
46.2718 1
46.2723 1
46.2729 1
46.2734 1
46.2738 1
46.2743 1
46.2748 1
46.2753 1
46.2759 1
46.2764 1
46.2768 1
46.2773 1
46.2778 1
46.2783 1
46.2789 1
46.2794 1
46.2798 1
46.2803 1
46.2808 1
46.2813 1
46.6604 1
46.6609 1
46.6614 1
46.6619 1
46.6624 1
46.6628 1
46.6634 1
46.6639 1
46.6644 1
46.6649 1
46.6654 1
46.6658 1
46.6664 1
46.6669 1
46.6674 1
46.6679 1
46.6684 1
46.6689 1
46.6694 1
46.6699 1
46.6704 1
46.6709 1
46.6714 1
46.6719 1
46.6724 1
46.6729 1
46.6734 1
46.6739 1
46.6744 1
46.6749 1
46.6754 1
46.6759 1
46.6764 1
46.6769 1
46.6774 1
46.6779 1
46.6784 1
46.6789 1
46.6794 1
46.6799 1
46.6804 1
46.6809 1
47.06 1
47.0605 1
47.061 1
47.0614 1
47.0619 1
47.0624 1
47.063 1
47.0635 1
47.064 1
47.0644 1
47.0649 1
47.0654 1
47.066 1
47.0665 1
47.067 1
47.0675 1
47.0679 1
47.0684 1
47.069 1
47.0695 1
47.07 1
47.0705 1
47.0709 1
47.0714 1
47.072 1
47.0725 1
47.073 1
47.0735 1
47.0739 1
47.0744 1
47.075 1
47.0755 1
47.076 1
47.0765 1
47.0769 1
47.0774 1
47.078 1
47.0785 1
47.079 1
47.0795 1
47.08 1
47.0804 1
47.4596 1
47.46 1
47.4605 1
47.461 1
47.4615 1
47.462 1
47.4626 1
47.463 1
47.4635 1
47.464 1
47.4645 1
47.465 1
47.4656 1
47.466 1
47.4665 1
47.467 1
47.4675 1
47.468 1
47.4686 1
47.4691 1
47.4695 1
47.47 1
47.4705 1
47.471 1
47.4716 1
47.4721 1
47.4725 1
47.473 1
47.4735 1
47.474 1
47.4746 1
47.4751 1
47.4755 1
47.476 1
47.4765 1
47.477 1
47.4776 1
47.4781 1
47.4786 1
47.479 1
47.4795 1
47.48 1
47.8591 1
47.8596 1
47.8601 1
47.8606 1
47.8611 1
47.8615 1
47.8621 1
47.8626 1
47.8631 1
47.8636 1
47.8641 1
47.8646 1
47.8651 1
47.8656 1
47.8661 1
47.8666 1
47.8671 1
47.8676 1
47.8681 1
47.8686 1
47.8691 1
47.8696 1
47.8701 1
47.8706 1
47.8711 1
47.8716 1
47.8721 1
47.8726 1
47.8731 1
47.8736 1
47.8741 1
47.8746 1
47.8751 1
47.8756 1
47.8761 1
47.8766 1
47.8772 1
47.8776 1
47.8781 1
47.8786 1
47.8791 1
47.8796 1
48.2587 1
48.2592 1
48.2597 1
48.2601 1
48.2606 1
48.2611 1
48.2617 1
48.2622 1
48.2627 1
48.2632 1
48.2636 1
48.2641 1
48.2647 1
48.2652 1
48.2657 1
48.2662 1
48.2666 1
48.2671 1
48.2677 1
48.2682 1
48.2687 1
48.2692 1
48.2696 1
48.2701 1
48.2707 1
48.2712 1
48.2717 1
48.2722 1
48.2726 1
48.2731 1
48.2737 1
48.2742 1
48.2747 1
48.2752 1
48.2757 1
48.2761 1
48.2767 1
48.2772 1
48.2777 1
48.2782 1
48.2787 1
48.2791 1
48.6583 1
48.6587 1
48.6592 1
48.6597 1
48.6602 1
48.6607 1
48.6613 1
48.6618 1
48.6622 1
48.6627 1
48.6632 1
48.6637 1
48.6643 1
48.6648 1
48.6652 1
48.6657 1
48.6662 1
48.6667 1
48.6673 1
48.6678 1
48.6682 1
48.6687 1
48.6692 1
48.6697 1
48.6703 1
48.6708 1
48.6712 1
48.6717 1
48.6722 1
48.6727 1
48.6733 1
48.6738 1
48.6743 1
48.6747 1
48.6752 1
48.6757 1
48.6763 1
48.6768 1
48.6773 1
48.6777 1
48.6782 1
48.6787 1
49.0578 1
49.0583 1
49.0588 1
49.0593 1
49.0598 1
49.0603 1
49.0608 1
49.0613 1
49.0618 1
49.0623 1
49.0628 1
49.0633 1
49.0638 1
49.0643 1
49.0648 1
49.0653 1
49.0658 1
49.0663 1
49.0668 1
49.0673 1
49.0678 1
49.0683 1
49.0688 1
49.0693 1
49.0698 1
49.0703 1
49.0708 1
49.0713 1
49.0718 1
49.0723 1
49.0729 1
49.0733 1
49.0738 1
49.0743 1
49.0748 1
49.0753 1
49.0759 1
49.0763 1
49.0768 1
49.0773 1
49.0778 1
49.0783 1
49.4574 1
49.4579 1
49.4584 1
49.4589 1
49.4593 1
49.4598 1
49.4604 1
49.4609 1
49.4614 1
49.4619 1
49.4623 1
49.4628 1
49.4634 1
49.4639 1
49.4644 1
49.4649 1
49.4653 1
49.4658 1
49.4664 1
49.4669 1
49.4674 1
49.4679 1
49.4684 1
49.4688 1
49.4694 1
49.4699 1
49.4704 1
49.4709 1
49.4714 1
49.4718 1
49.4724 1
49.4729 1
49.4734 1
49.4739 1
49.4744 1
49.4748 1
49.4754 1
49.4759 1
49.4764 1
49.4769 1
49.4774 1
49.4778 1
49.857 1
49.8575 1
49.8579 1
49.8584 1
49.8589 1
49.8594 1
49.86 1
49.8605 1
49.8609 1
49.8614 1
49.8619 1
49.8624 1
49.863 1
49.8635 1
49.8639 1
49.8644 1
49.8649 1
49.8654 1
49.866 1
49.8665 1
49.867 1
49.8674 1
49.8679 1
49.8684 1
49.869 1
49.8695 1
49.87 1
49.8704 1
49.8709 1
49.8714 1
49.872 1
49.8725 1
49.873 1
49.8734 1
49.8739 1
49.8744 1
49.875 1
49.8755 1
49.876 1
49.8764 1
49.8769 1
49.8774 1
50.2565 1
50.257 1
50.2575 1
50.258 1
50.2585 1
50.259 1
50.2595 1
50.26 1
50.2605 1
50.261 1
50.2615 1
50.262 1
50.2625 1
50.263 1
50.2635 1
50.264 1
50.2645 1
50.265 1
50.2656 1
50.266 1
50.2665 1
50.267 1
50.2675 1
50.268 1
50.2686 1
50.269 1
50.2695 1
50.27 1
50.2705 1
50.271 1
50.2716 1
50.272 1
50.2725 1
50.273 1
50.2735 1
50.274 1
50.2746 1
50.275 1
50.2755 1
50.276 1
50.2765 1
50.277 1
50.6561 1
50.6566 1
50.6571 1
50.6576 1
50.658 1
50.6585 1
50.6591 1
50.6596 1
50.6601 1
50.6606 1
50.661 1
50.6615 1
50.6621 1
50.6626 1
50.6631 1
50.6636 1
50.6641 1
50.6645 1
50.6651 1
50.6656 1
50.6661 1
50.6666 1
50.6671 1
50.6675 1
50.6681 1
50.6686 1
50.6691 1
50.6696 1
50.6701 1
50.6705 1
50.6711 1
50.6716 1
50.6721 1
50.6726 1
50.6731 1
50.6735 1
50.6741 1
50.6746 1
50.6751 1
50.6756 1
50.6761 1
50.6766 1
51.0557 1
51.0562 1
51.0566 1
51.0571 1
51.0576 1
51.0581 1
51.0587 1
51.0592 1
51.0596 1
51.0601 1
51.0606 1
51.0611 1
51.0617 1
51.0622 1
51.0627 1
51.0631 1
51.0636 1
51.0641 1
51.0647 1
51.0652 1
51.0657 1
51.0661 1
51.0666 1
51.0671 1
51.0677 1
51.0682 1
51.0687 1
51.0691 1
51.0696 1
51.0701 1
51.0707 1
51.0712 1
51.0717 1
51.0721 1
51.0726 1
51.0731 1
51.0737 1
51.0742 1
51.0747 1
51.0752 1
51.0756 1
51.0761 1
51.4552 1
51.4557 1
51.4562 1
51.4567 1
51.4572 1
51.4577 1
51.4582 1
51.4587 1
51.4592 1
51.4597 1
51.4602 1
51.4607 1
51.4613 1
51.4617 1
51.4622 1
51.4627 1
51.4632 1
51.4637 1
51.4643 1
51.4647 1
51.4652 1
51.4657 1
51.4662 1
51.4667 1
51.4673 1
51.4677 1
51.4682 1
51.4687 1
51.4692 1
51.4697 1
51.4703 1
51.4707 1
51.4712 1
51.4717 1
51.4722 1
51.4727 1
51.4733 1
51.4738 1
51.4742 1
51.4747 1
51.4752 1
51.4757 1
51.8548 1
51.8553 1
51.8558 1
51.8563 1
51.8568 1
51.8572 1
51.8578 1
51.8583 1
51.8588 1
51.8593 1
51.8598 1
51.8602 1
51.8608 1
51.8613 1
51.8618 1
51.8623 1
51.8628 1
51.8632 1
51.8638 1
51.8643 1
51.8648 1
51.8653 1
51.8658 1
51.8662 1
51.8668 1
51.8673 1
51.8678 1
51.8683 1
51.8688 1
51.8693 1
51.8698 1
51.8703 1
51.8708 1
51.8713 1
51.8718 1
51.8723 1
51.8728 1
51.8733 1
51.8738 1
51.8743 1
51.8748 1
51.8753 1
52.2544 1
52.2549 1
52.2554 1
52.2558 1
52.2563 1
52.2568 1
52.2574 1
52.2579 1
52.2584 1
52.2588 1
52.2593 1
52.2598 1
52.2604 1
52.2609 1
52.2614 1
52.2618 1
52.2623 1
52.2628 1
52.2634 1
52.2639 1
52.2644 1
52.2648 1
52.2653 1
52.2658 1
52.2664 1
52.2669 1
52.2674 1
52.2679 1
52.2683 1
52.2688 1
52.2694 1
52.2699 1
52.2704 1
52.2709 1
52.2713 1
52.2718 1
52.2724 1
52.2729 1
52.2734 1
52.2739 1
52.2743 1
52.2748 1
52.654 1
52.6544 1
52.6549 1
52.6554 1
52.6559 1
52.6564 1
52.657 1
52.6574 1
52.6579 1
52.6584 1
52.6589 1
52.6594 1
52.66 1
52.6604 1
52.6609 1
52.6614 1
52.6619 1
52.6624 1
52.663 1
52.6634 1
52.6639 1
52.6644 1
52.6649 1
52.6654 1
52.666 1
52.6665 1
52.6669 1
52.6674 1
52.6679 1
52.6684 1
52.669 1
52.6695 1
52.6699 1
52.6704 1
52.6709 1
52.6714 1
52.672 1
52.6725 1
52.6729 1
52.6734 1
52.6739 1
52.6744 1
53.0535 1
53.054 1
53.0545 1
53.055 1
53.0555 1
53.0559 1
53.0565 1
53.057 1
53.0575 1
53.058 1
53.0585 1
53.0589 1
53.0595 1
53.06 1
53.0605 1
53.061 1
53.0615 1
53.062 1
53.0625 1
53.063 1
53.0635 1
53.064 1
53.0645 1
53.065 1
53.0655 1
53.066 1
53.0665 1
53.067 1
53.0675 1
53.068 1
53.0685 1
53.069 1
53.0695 1
53.07 1
53.0705 1
53.071 1
53.0715 1
53.072 1
53.0725 1
53.073 1
53.0735 1
53.074 1
53.4531 1
53.4536 1
53.4541 1
53.4545 1
53.455 1
53.4555 1
53.4561 1
53.4566 1
53.4571 1
53.4575 1
53.458 1
53.4585 1
53.4591 1
53.4596 1
53.4601 1
53.4606 1
53.461 1
53.4615 1
53.4621 1
53.4626 1
53.4631 1
53.4636 1
53.464 1
53.4645 1
53.4651 1
53.4656 1
53.4661 1
53.4666 1
53.467 1
53.4675 1
53.4681 1
53.4686 1
53.4691 1
53.4696 1
53.47 1
53.4705 1
53.4711 1
53.4716 1
53.4721 1
53.4726 1
53.4731 1
53.4735 1
53.8527 1
53.8531 1
53.8536 1
53.8541 1
53.8546 1
53.8551 1
53.8557 1
53.8561 1
53.8566 1
53.8571 1
53.8576 1
53.8581 1
53.8587 1
53.8591 1
53.8596 1
53.8601 1
53.8606 1
53.8611 1
53.8617 1
53.8622 1
53.8626 1
53.8631 1
53.8636 1
53.8641 1
53.8647 1
53.8652 1
53.8656 1
53.8661 1
53.8666 1
53.8671 1
53.8677 1
53.8682 1
53.8686 1
53.8691 1
53.8696 1
53.8701 1
53.8707 1
53.8712 1
53.8717 1
53.8721 1
53.8726 1
53.8731 1
54.2522 1
54.2527 1
54.2532 1
54.2537 1
54.2542 1
54.2546 1
54.2552 1
54.2557 1
54.2562 1
54.2567 1
54.2572 1
54.2577 1
54.2582 1
54.2587 1
54.2592 1
54.2597 1
54.2602 1
54.2607 1
54.2612 1
54.2617 1
54.2622 1
54.2627 1
54.2632 1
54.2637 1
54.2642 1
54.2647 1
54.2652 1
54.2657 1
54.2662 1
54.2667 1
54.2672 1
54.2677 1
54.2682 1
54.2687 1
54.2692 1
54.2697 1
54.2702 1
54.2707 1
54.2712 1
54.2717 1
54.2722 1
54.2727 1
54.6518 1
54.6523 1
54.6528 1
54.6532 1
54.6537 1
54.6542 1
54.6548 1
54.6553 1
54.6558 1
54.6563 1
54.6567 1
54.6572 1
54.6578 1
54.6583 1
54.6588 1
54.6593 1
54.6597 1
54.6602 1
54.6608 1
54.6613 1
54.6618 1
54.6623 1
54.6627 1
54.6632 1
54.6638 1
54.6643 1
54.6648 1
54.6653 1
54.6657 1
54.6662 1
54.6668 1
54.6673 1
54.6678 1
54.6683 1
54.6688 1
54.6692 1
54.6698 1
54.6703 1
54.6708 1
54.6713 1
54.6718 1
54.6722 1
55.0514 1
55.0518 1
55.0523 1
55.0528 1
55.0533 1
55.0538 1
55.0544 1
55.0549 1
55.0553 1
55.0558 1
55.0563 1
55.0568 1
55.0574 1
55.0579 1
55.0583 1
55.0588 1
55.0593 1
55.0598 1
55.0604 1
55.0609 1
55.0613 1
55.0618 1
55.0623 1
55.0628 1
55.0634 1
55.0639 1
55.0643 1
55.0648 1
55.0653 1
55.0658 1
55.0664 1
55.0669 1
55.0674 1
55.0678 1
55.0683 1
55.0688 1
55.0694 1
55.0699 1
55.0704 1
55.0708 1
55.0713 1
55.0718 1
55.4509 1
55.4514 1
55.4519 1
55.4524 1
55.4529 1
55.4534 1
55.4539 1
55.4544 1
55.4549 1
55.4554 1
55.4559 1
55.4564 1
55.4569 1
55.4574 1
55.4579 1
55.4584 1
55.4589 1
55.4594 1
55.4599 1
55.4604 1
55.4609 1
55.4614 1
55.4619 1
55.4624 1
55.4629 1
55.4634 1
55.4639 1
55.4644 1
55.4649 1
55.4654 1
55.466 1
55.4664 1
55.4669 1
55.4674 1
55.4679 1
55.4684 1
55.469 1
55.4694 1
55.4699 1
55.4704 1
55.4709 1
55.4714 1
55.8505 1
55.851 1
55.8515 1
55.852 1
55.8524 1
55.8529 1
55.8535 1
55.854 1
55.8545 1
55.855 1
55.8554 1
55.8559 1
55.8565 1
55.857 1
55.8575 1
55.858 1
55.8584 1
55.8589 1
55.8595 1
55.86 1
55.8605 1
55.861 1
55.8615 1
55.8619 1
55.8625 1
55.863 1
55.8635 1
55.864 1
55.8645 1
55.8649 1
55.8655 1
55.866 1
55.8665 1
55.867 1
55.8675 1
55.8679 1
55.8685 1
55.869 1
55.8695 1
55.87 1
55.8705 1
55.8709 1
56.2501 1
56.2506 1
56.251 1
56.2515 1
56.252 1
56.2525 1
56.2531 1
56.2536 1
56.254 1
56.2545 1
56.255 1
56.2555 1
56.2561 1
56.2566 1
56.257 1
56.2575 1
56.258 1
56.2585 1
56.2591 1
56.2596 1
56.2601 1
56.2605 1
56.261 1
56.2615 1
56.2621 1
56.2626 1
56.2631 1
56.2635 1
56.264 1
56.2645 1
56.2651 1
56.2656 1
56.2661 1
56.2665 1
56.267 1
56.2675 1
56.2681 1
56.2686 1
56.2691 1
56.2695 1
56.27 1
56.2705 1
56.6496 1
56.6501 1
56.6506 1
56.6511 1
56.6516 1
56.6521 1
56.6526 1
56.6531 1
56.6536 1
56.6541 1
56.6546 1
56.6551 1
56.6556 1
56.6561 1
56.6566 1
56.6571 1
56.6576 1
56.6581 1
56.6587 1
56.6591 1
56.6596 1
56.6601 1
56.6606 1
56.6611 1
56.6617 1
56.6621 1
56.6626 1
56.6631 1
56.6636 1
56.6641 1
56.6647 1
56.6651 1
56.6656 1
56.6661 1
56.6666 1
56.6671 1
56.6677 1
56.6681 1
56.6686 1
56.6691 1
56.6696 1
56.6701 1
57.0492 1
57.0497 1
57.0502 1
57.0507 1
57.0511 1
57.0516 1
57.0522 1
57.0527 1
57.0532 1
57.0537 1
57.0541 1
57.0546 1
57.0552 1
57.0557 1
57.0562 1
57.0567 1
57.0572 1
57.0576 1
57.0582 1
57.0587 1
57.0592 1
57.0597 1
57.0602 1
57.0606 1
57.0612 1
57.0617 1
57.0622 1
57.0627 1
57.0632 1
57.0636 1
57.0642 1
57.0647 1
57.0652 1
57.0657 1
57.0662 1
57.0666 1
57.0672 1
57.0677 1
57.0682 1
57.0687 1
57.0692 1
57.0697 1
57.4488 1
57.4493 1
57.4497 1
57.4502 1
57.4507 1
57.4512 1
57.4518 1
57.4523 1
57.4527 1
57.4532 1
57.4537 1
57.4542 1
57.4548 1
57.4553 1
57.4558 1
57.4562 1
57.4567 1
57.4572 1
57.4578 1
57.4583 1
57.4588 1
57.4592 1
57.4597 1
57.4602 1
57.4608 1
57.4613 1
57.4618 1
57.4622 1
57.4627 1
57.4632 1
57.4638 1
57.4643 1
57.4648 1
57.4652 1
57.4657 1
57.4662 1
57.4668 1
57.4673 1
57.4678 1
57.4683 1
57.4687 1
57.4692 1
57.8483 1
57.8488 1
57.8493 1
57.8498 1
57.8503 1
57.8508 1
57.8513 1
57.8518 1
57.8523 1
57.8528 1
57.8533 1
57.8538 1
57.8544 1
57.8548 1
57.8553 1
57.8558 1
57.8563 1
57.8568 1
57.8574 1
57.8578 1
57.8583 1
57.8588 1
57.8593 1
57.8598 1
57.8604 1
57.8608 1
57.8613 1
57.8618 1
57.8623 1
57.8628 1
57.8634 1
57.8638 1
57.8643 1
57.8648 1
57.8653 1
57.8658 1
57.8664 1
57.8669 1
57.8673 1
57.8678 1
57.8683 1
57.8688 1
58.2479 1
58.2484 1
58.2489 1
58.2494 1
58.2499 1
58.2503 1
58.2509 1
58.2514 1
58.2519 1
58.2524 1
58.2529 1
58.2533 1
58.2539 1
58.2544 1
58.2549 1
58.2554 1
58.2559 1
58.2563 1
58.2569 1
58.2574 1
58.2579 1
58.2584 1
58.2589 1
58.2593 1
58.2599 1
58.2604 1
58.2609 1
58.2614 1
58.2619 1
58.2624 1
58.2629 1
58.2634 1
58.2639 1
58.2644 1
58.2649 1
58.2654 1
58.2659 1
58.2664 1
58.2669 1
58.2674 1
58.2679 1
58.2684 1
58.6475 1
58.648 1
58.6485 1
58.6489 1
58.6494 1
58.6499 1
58.6505 1
58.651 1
58.6515 1
58.6519 1
58.6524 1
58.6529 1
58.6535 1
58.654 1
58.6545 1
58.6549 1
58.6554 1
58.6559 1
58.6565 1
58.657 1
58.6575 1
58.6579 1
58.6584 1
58.6589 1
58.6595 1
58.66 1
58.6605 1
58.661 1
58.6614 1
58.6619 1
58.6625 1
58.663 1
58.6635 1
58.664 1
58.6644 1
58.6649 1
58.6655 1
58.666 1
58.6665 1
58.667 1
58.6674 1
58.6679 1
59.0471 1
59.0475 1
59.048 1
59.0485 1
59.049 1
59.0495 1
59.0501 1
59.0505 1
59.051 1
59.0515 1
59.052 1
59.0525 1
59.0531 1
59.0535 1
59.054 1
59.0545 1
59.055 1
59.0555 1
59.0561 1
59.0565 1
59.057 1
59.0575 1
59.058 1
59.0585 1
59.0591 1
59.0596 1
59.06 1
59.0605 1
59.061 1
59.0615 1
59.0621 1
59.0626 1
59.063 1
59.0635 1
59.064 1
59.0645 1
59.0651 1
59.0656 1
59.066 1
59.0665 1
59.067 1
59.0675 1
59.4466 1
59.4471 1
59.4476 1
59.4481 1
59.4486 1
59.449 1
59.4496 1
59.4501 1
59.4506 1
59.4511 1
59.4516 1
59.452 1
59.4526 1
59.4531 1
59.4536 1
59.4541 1
59.4546 1
59.4551 1
59.4556 1
59.4561 1
59.4566 1
59.4571 1
59.4576 1
59.4581 1
59.4586 1
59.4591 1
59.4596 1
59.4601 1
59.4606 1
59.4611 1
59.4616 1
59.4621 1
59.4626 1
59.4631 1
59.4636 1
59.4641 1
59.4646 1
59.4651 1
59.4656 1
59.4661 1
59.4666 1
59.4671 1
59.8462 1
59.8467 1
59.8472 1
59.8476 1
59.8481 1
59.8486 1
59.8492 1
59.8497 1
59.8502 1
59.8506 1
59.8511 1
59.8516 1
59.8522 1
59.8527 1
59.8532 1
59.8537 1
59.8541 1
59.8546 1
59.8552 1
59.8557 1
59.8562 1
59.8567 1
59.8571 1
59.8576 1
59.8582 1
59.8587 1
59.8592 1
59.8597 1
59.8601 1
59.8606 1
59.8612 1
59.8617 1
59.8622 1
59.8627 1
59.8631 1
59.8636 1
59.8642 1
59.8647 1
59.8652 1
59.8657 1
59.8662 1
59.8666 1
