3.5646 1
3.56463 1
3.56465 1
3.56467 1
3.5647 1
3.56472 1
3.56475 1
3.56477 1
3.56479 1
3.56482 1
3.56484 1
3.56487 1
3.56489 1
3.56491 1
3.56494 1
3.56496 1
3.56499 1
3.56501 1
3.56503 1
3.56506 1
3.56508 1
3.56511 1
3.56513 1
3.56515 1
3.56518 1
3.5652 1
3.56523 1
3.56525 1
3.56527 1
3.5653 1
3.56532 1
3.56535 1
3.56537 1
3.5654 1
3.56542 1
3.56544 1
3.56547 1
3.56549 1
3.56552 1
3.56554 1
3.56556 1
3.56559 1
3.56561 1
3.56564 1
3.56566 1
3.56568 1
3.56571 1
3.56573 1
3.56576 1
3.56578 1
3.5658 1
3.56583 1
3.56585 1
3.56588 1
3.5659 1
3.56592 1
3.56595 1
3.56597 1
3.566 1
3.56602 1
3.56604 1
3.56607 1
3.56609 1
3.56612 1
3.56614 1
3.56616 1
3.56619 1
3.56621 1
3.56624 1
3.56626 1
3.56628 1
3.56631 1
3.56633 1
3.56636 1
3.56638 1
3.5664 1
3.56643 1
3.56645 1
3.56648 1
3.5665 1
3.56652 1
3.56655 1
3.56657 1
3.5666 1
3.56662 1
3.56664 1
3.56667 1
3.56669 1
3.56672 1
3.56674 1
3.56676 1
3.56679 1
3.56681 1
3.56684 1
3.56686 1
3.56689 1
3.56691 1
3.56693 1
3.56696 1
3.56698 1
3.56701 1
3.56703 1
3.56705 1
3.56708 1
3.5671 1
3.56713 1
3.56715 1
3.56717 1
3.5672 1
3.56722 1
3.56725 1
3.56727 1
3.56729 1
3.56732 1
3.56734 1
3.56737 1
3.56739 1
3.56741 1
3.56744 1
3.56746 1
3.56749 1
3.56751 1
3.56753 1
3.56756 1
3.56758 1
3.56761 1
3.56763 1
3.56765 1
3.56768 1
3.5677 1
3.56773 1
3.56775 1
3.56777 1
3.5678 1
3.56782 1
3.56785 1
3.56787 1
3.56789 1
3.56792 1
3.56794 1
3.56797 1
3.56799 1
3.56801 1
3.56804 1
3.56806 1
3.56809 1
3.56811 1
3.56813 1
3.56816 1
3.56818 1
3.56821 1
3.56823 1
3.56825 1
3.56828 1
3.5683 1
3.56833 1
3.56835 1
3.56838 1
3.5684 1
3.56842 1
3.56845 1
3.56847 1
3.5685 1
3.56852 1
3.56854 1
3.56857 1
3.56859 1
3.56862 1
3.56864 1
3.56866 1
3.56869 1
3.56871 1
3.56874 1
3.56876 1
3.56878 1
3.56881 1
3.56883 1
3.56886 1
3.56888 1
3.5689 1
3.56893 1
3.56895 1
3.56898 1
3.569 1
3.56902 1
3.56905 1
3.56907 1
3.5691 1
3.56912 1
3.56914 1
3.56917 1
3.56919 1
3.56922 1
3.56924 1
3.56926 1
3.56929 1
3.56931 1
3.56934 1
3.56936 1
3.56938 1
3.56941 1
3.56943 1
3.56946 1
3.56948 1
3.5695 1
3.56953 1
3.56955 1
3.56958 1
3.5696 1
3.56962 1
3.56965 1
3.56967 1
3.5697 1
3.56972 1
3.56974 1
3.56977 1
3.56979 1
3.56982 1
3.56984 1
3.56987 1
3.56989 1
3.56991 1
3.56994 1
3.56996 1
3.56999 1
3.57001 1
3.57003 1
3.57006 1
3.57008 1
3.57011 1
3.57013 1
3.57015 1
3.57018 1
3.5702 1
3.57023 1
3.57025 1
3.57027 1
3.5703 1
3.57032 1
3.57035 1
3.57037 1
3.57039 1
3.57042 1
3.57044 1
3.57047 1
3.57049 1
3.57051 1
3.57054 1
3.57056 1
3.57059 1
3.57061 1
3.57063 1
3.57066 1
3.57068 1
3.57071 1
3.57073 1
3.57075 1
3.57078 1
3.5708 1
3.57083 1
3.57085 1
3.57087 1
3.5709 1
3.57092 1
3.57095 1
3.57097 1
3.57099 1
3.57102 1
3.57104 1
3.57107 1
3.57109 1
3.57111 1
3.57114 1
3.57116 1
3.57119 1
3.57121 1
3.57123 1
3.57126 1
3.57128 1
3.57131 1
3.57133 1
3.57136 1
3.57138 1
3.5714 1
3.57143 1
3.57145 1
3.57148 1
3.5715 1
3.57152 1
3.57155 1
3.57157 1
3.5716 1
3.57162 1
3.57164 1
3.57167 1
3.57169 1
3.57172 1
3.57174 1
3.57176 1
3.57179 1
3.57181 1
3.57184 1
3.57186 1
3.57188 1
3.57191 1
3.57193 1
3.57196 1
3.57198 1
3.572 1
3.57203 1
3.57205 1
3.57208 1
3.5721 1
3.57212 1
3.57215 1
3.57217 1
3.5722 1
3.57222 1
3.57224 1
3.57227 1
3.57229 1
3.57232 1
3.57234 1
3.57236 1
3.57239 1
3.57241 1
3.57244 1
3.57246 1
3.57248 1
3.57251 1
3.57253 1
3.57256 1
3.57258 1
3.5726 1
3.57263 1
3.57265 1
3.57268 1
3.5727 1
3.57272 1
3.57275 1
3.57277 1
3.5728 1
3.57282 1
3.57285 1
3.57287 1
3.57289 1
3.57292 1
3.57294 1
3.57297 1
3.57299 1
3.57301 1
3.57304 1
3.57306 1
3.57309 1
3.57311 1
3.57313 1
3.57316 1
3.57318 1
3.57321 1
3.57323 1
3.57325 1
3.57328 1
3.5733 1
3.57333 1
3.57335 1
3.57337 1
3.5734 1
3.57342 1
3.57345 1
3.57347 1
3.57349 1
3.57352 1
3.57354 1
3.57357 1
3.57359 1
3.57361 1
3.57364 1
3.57366 1
3.57369 1
3.57371 1
3.57373 1
3.57376 1
3.57378 1
3.57381 1
3.57383 1
3.57385 1
3.57388 1
3.5739 1
3.57393 1
3.57395 1
3.57397 1
3.574 1
3.57402 1
3.57405 1
3.57407 1
3.57409 1
3.57412 1
3.57414 1
3.57417 1
3.57419 1
3.57421 1
3.57424 1
3.57426 1
3.57429 1
3.57431 1
3.57434 1
3.57436 1
3.57438 1
3.57441 1
3.57443 1
3.57446 1
3.57448 1
3.5745 1
3.57453 1
3.57455 1
3.57458 1
3.5746 1
3.57462 1
3.57465 1
3.57467 1
3.5747 1
3.57472 1
3.57474 1
3.57477 1
3.57479 1
3.57482 1
3.57484 1
3.57486 1
3.57489 1
3.57491 1
3.57494 1
3.57496 1
3.57498 1
3.57501 1
3.57503 1
3.57506 1
3.57508 1
3.5751 1
3.57513 1
3.57515 1
3.57518 1
3.5752 1
3.57522 1
3.57525 1
3.57527 1
3.5753 1
3.57532 1
3.57534 1
3.57537 1
3.57539 1
3.57542 1
3.57544 1
3.57546 1
3.57549 1
3.57551 1
3.57554 1
3.57556 1
3.57558 1
3.57561 1
3.57563 1
3.57566 1
3.57568 1
3.5757 1
3.57573 1
3.57575 1
3.57578 1
3.5758 1
3.57582 1
3.57585 1
3.57587 1
3.5759 1
3.57592 1
3.57595 1
3.57597 1
3.57599 1
3.57602 1
3.57604 1
3.57607 1
3.57609 1
3.57611 1
3.57614 1
3.57616 1
3.57619 1
3.57621 1
3.57623 1
3.57626 1
3.57628 1
3.57631 1
3.57633 1
3.57635 1
3.57638 1
3.5764 1
3.57643 1
3.57645 1
3.57647 1
3.5765 1
3.57652 1
3.57655 1
3.57657 1
3.57659 1
3.57662 1
3.57664 1
3.57667 1
3.57669 1
3.57671 1
3.57674 1
3.57676 1
3.57679 1
3.57681 1
3.57683 1
3.57686 1
3.57688 1
3.57691 1
3.57693 1
3.57695 1
3.57698 1
3.577 1
3.57703 1
3.57705 1
3.57707 1
3.5771 1
3.57712 1
3.57715 1
3.57717 1
3.57719 1
3.57722 1
3.57724 1
3.57727 1
3.57729 1
3.57731 1
3.57734 1
3.57736 1
3.57739 1
3.57741 1
3.57744 1
3.57746 1
3.57748 1
3.57751 1
3.57753 1
3.57756 1
3.57758 1
3.5776 1
3.57763 1
3.57765 1
3.57768 1
3.5777 1
3.57772 1
3.57775 1
3.57777 1
3.5778 1
3.57782 1
3.57784 1
3.57787 1
3.57789 1
3.57792 1
3.57794 1
3.57796 1
3.57799 1
3.57801 1
3.57804 1
3.57806 1
3.57808 1
3.57811 1
3.57813 1
3.57816 1
3.57818 1
3.5782 1
3.57823 1
3.57825 1
3.57828 1
3.5783 1
3.57832 1
3.57835 1
3.57837 1
3.5784 1
3.57842 1
3.57844 1
3.57847 1
3.57849 1
3.57852 1
3.57854 1
3.57856 1
3.57859 1
3.57861 1
3.57864 1
3.57866 1
3.57868 1
3.57871 1
3.57873 1
3.57876 1
3.57878 1
3.5788 1
3.57883 1
3.57885 1
3.57888 1
3.5789 1
3.57893 1
3.57895 1
3.57897 1
3.579 1
3.57902 1
3.57905 1
3.57907 1
3.57909 1
3.57912 1
3.57914 1
3.57917 1
3.57919 1
3.57921 1
3.57924 1
3.57926 1
3.57929 1
3.57931 1
3.57933 1
3.57936 1
3.57938 1
3.57941 1
3.57943 1
3.57945 1
3.57948 1
3.5795 1
3.57953 1
3.57955 1
3.57957 1
3.5796 1
3.57962 1
3.57965 1
3.57967 1
3.57969 1
3.57972 1
3.57974 1
3.57977 1
3.57979 1
3.57981 1
3.57984 1
3.57986 1
3.57989 1
3.57991 1
3.57993 1
3.57996 1
3.57998 1
3.58001 1
3.58003 1
3.58005 1
3.58008 1
3.5801 1
3.58013 1
3.58015 1
3.58017 1
3.5802 1
3.58022 1
3.58025 1
3.58027 1
3.58029 1
3.58032 1
3.58034 1
3.58037 1
3.58039 1
3.58042 1
3.58044 1
3.58046 1
3.58049 1
3.58051 1
3.58054 1
3.58056 1
3.58058 1
3.58061 1
3.58063 1
3.58066 1
3.58068 1
3.5807 1
3.58073 1
3.58075 1
3.58078 1
3.5808 1
3.58082 1
3.58085 1
3.58087 1
3.5809 1
3.58092 1
3.58094 1
3.58097 1
3.58099 1
3.58102 1
3.58104 1
3.58106 1
3.58109 1
3.58111 1
3.58114 1
3.58116 1
3.58118 1
3.58121 1
3.58123 1
3.58126 1
3.58128 1
3.5813 1
3.58133 1
3.58135 1
3.58138 1
3.5814 1
3.58142 1
3.58145 1
3.58147 1
3.5815 1
3.58152 1
3.58154 1
3.58157 1
3.58159 1
3.58162 1
3.58164 1
3.58166 1
3.58169 1
3.58171 1
3.58174 1
3.58176 1
3.58178 1
3.58181 1
3.58183 1
3.58186 1
3.58188 1
3.58191 1
3.58193 1
3.58195 1
3.58198 1
3.582 1
3.58203 1
3.58205 1
3.58207 1
3.5821 1
3.58212 1
3.58215 1
3.58217 1
3.58219 1
3.58222 1
3.58224 1
3.58227 1
3.58229 1
3.58231 1
3.58234 1
3.58236 1
3.58239 1
3.58241 1
3.58243 1
3.58246 1
3.58248 1
3.58251 1
3.58253 1
3.58255 1
3.58258 1
3.5826 1
3.58263 1
3.58265 1
3.58267 1
3.5827 1
3.58272 1
3.58275 1
3.58277 1
3.58279 1
3.58282 1
3.58284 1
3.58287 1
3.58289 1
3.58291 1
3.58294 1
3.58296 1
3.58299 1
3.58301 1
3.58303 1
3.58306 1
3.58308 1
3.58311 1
3.58313 1
3.58315 1
3.58318 1
3.5832 1
3.58323 1
3.58325 1
3.58327 1
3.5833 1
3.58332 1
3.58335 1
3.58337 1
3.5834 1
3.58342 1
3.58344 1
3.58347 1
3.58349 1
3.58352 1
3.58354 1
3.58356 1
3.58359 1
3.58361 1
3.58364 1
3.58366 1
3.58368 1
3.58371 1
3.58373 1
3.58376 1
3.58378 1
3.5838 1
3.58383 1
3.58385 1
3.58388 1
3.5839 1
3.58392 1
3.58395 1
3.58397 1
3.584 1
3.58402 1
3.58404 1
3.58407 1
3.58409 1
3.58412 1
3.58414 1
3.58416 1
3.58419 1
3.58421 1
3.58424 1
3.58426 1
3.58428 1
3.58431 1
3.58433 1
3.58436 1
3.58438 1
3.5844 1
3.58443 1
3.58445 1
3.58448 1
3.5845 1
3.58452 1
3.58455 1
3.58457 1
3.5846 1
3.58462 1
3.58464 1
3.58467 1
3.58469 1
3.58472 1
3.58474 1
3.58476 1
3.58479 1
3.58481 1
3.58484 1
3.58486 1
3.58489 1
3.58491 1
3.58493 1
3.58496 1
3.58498 1
3.58501 1
3.58503 1
3.58505 1
3.58508 1
3.5851 1
3.58513 1
3.58515 1
3.58517 1
3.5852 1
3.58522 1
3.58525 1
3.58527 1
3.58529 1
3.58532 1
3.58534 1
3.58537 1
3.58539 1
3.58541 1
3.58544 1
3.58546 1
3.58549 1
3.58551 1
3.58553 1
3.58556 1
3.58558 1
3.58561 1
3.58563 1
3.58565 1
3.58568 1
3.5857 1
3.58573 1
3.58575 1
3.58577 1
3.5858 1
3.58582 1
3.58585 1
3.58587 1
3.58589 1
3.58592 1
3.58594 1
3.58597 1
3.58599 1
3.58601 1
3.58604 1
3.58606 1
3.58609 1
3.58611 1
3.58613 1
3.58616 1
3.58618 1
3.58621 1
3.58623 1
3.58625 1
3.58628 1
3.5863 1
3.58633 1
3.58635 1
3.58638 1
3.5864 1
3.58642 1
3.58645 1
3.58647 1
3.5865 1
3.58652 1
3.58654 1
3.58657 1
3.58659 1
3.58662 1
3.58664 1
3.58666 1
3.58669 1
3.58671 1
3.58674 1
3.58676 1
3.58678 1
3.58681 1
3.58683 1
3.58686 1
3.58688 1
3.5869 1
3.58693 1
3.58695 1
3.58698 1
3.587 1
3.58702 1
3.58705 1
3.58707 1
3.5871 1
3.58712 1
3.58714 1
3.58717 1
3.58719 1
3.58722 1
3.58724 1
3.58726 1
3.58729 1
3.58731 1
3.58734 1
3.58736 1
3.58738 1
3.58741 1
3.58743 1
3.58746 1
3.58748 1
3.5875 1
3.58753 1
3.58755 1
3.58758 1
3.5876 1
3.58762 1
3.58765 1
3.58767 1
3.5877 1
3.58772 1
3.58774 1
3.58777 1
3.58779 1
3.58782 1
3.58784 1
3.58787 1
3.58789 1
3.58791 1
3.58794 1
3.58796 1
3.58799 1
3.58801 1
3.58803 1
3.58806 1
3.58808 1
3.58811 1
3.58813 1
3.58815 1
3.58818 1
3.5882 1
3.58823 1
3.58825 1
3.58827 1
3.5883 1
3.58832 1
3.58835 1
3.58837 1
3.58839 1
3.58842 1
3.58844 1
3.58847 1
3.58849 1
3.58851 1
3.58854 1
3.58856 1
3.58859 1
3.58861 1
3.58863 1
3.58866 1
3.58868 1
3.58871 1
3.58873 1
3.58875 1
3.58878 1
3.5888 1
3.58883 1
3.58885 1
3.58887 1
3.5889 1
3.58892 1
3.58895 1
3.58897 1
3.58899 1
3.58902 1
3.58904 1
3.58907 1
3.58909 1
3.58911 1
3.58914 1
3.58916 1
3.58919 1
3.58921 1
3.58923 1
3.58926 1
3.58928 1
3.58931 1
3.58933 1
3.58936 1
3.58938 1
3.5894 1
3.58943 1
3.58945 1
3.58948 1
3.5895 1
3.58952 1
3.58955 1
3.58957 1
3.5896 1
3.58962 1
3.58964 1
3.58967 1
3.58969 1
3.58972 1
3.58974 1
3.58976 1
3.58979 1
3.58981 1
3.58984 1
3.58986 1
3.58988 1
3.58991 1
3.58993 1
3.58996 1
3.58998 1
3.59 1
3.59003 1
3.59005 1
3.59008 1
3.5901 1
3.59012 1
3.59015 1
3.59017 1
3.5902 1
3.59022 1
3.59024 1
3.59027 1
3.59029 1
3.59032 1
3.59034 1
3.59036 1
3.59039 1
3.59041 1
3.59044 1
3.59046 1
3.59048 1
3.59051 1
3.59053 1
3.59056 1
3.59058 1
3.5906 1
3.59063 1
3.59065 1
3.59068 1
3.5907 1
3.59072 1
3.59075 1
3.59077 1
3.5908 1
3.59082 1
3.59084 1
3.59087 1
3.59089 1
3.59092 1
3.59094 1
3.59097 1
3.59099 1
3.59101 1
3.59104 1
3.59106 1
3.59109 1
3.59111 1
3.59113 1
3.59116 1
3.59118 1
3.59121 1
3.59123 1
3.59125 1
3.59128 1
3.5913 1
3.59133 1
3.59135 1
3.59137 1
3.5914 1
3.59142 1
3.59145 1
3.59147 1
3.59149 1
3.59152 1
3.59154 1
3.59157 1
3.59159 1
3.59161 1
3.59164 1
3.59166 1
3.59169 1
3.59171 1
3.59173 1
3.59176 1
3.59178 1
3.59181 1
3.59183 1
3.59185 1
3.59188 1
3.5919 1
3.59193 1
3.59195 1
3.59197 1
3.592 1
3.59202 1
3.59205 1
3.59207 1
3.59209 1
3.59212 1
3.59214 1
3.59217 1
3.59219 1
3.59221 1
3.59224 1
3.59226 1
3.59229 1
3.59231 1
3.59233 1
3.59236 1
3.59238 1
3.59241 1
3.59243 1
3.59246 1
3.59248 1
3.5925 1
3.59253 1
3.59255 1
3.59258 1
3.5926 1
3.59262 1
3.59265 1
3.59267 1
3.5927 1
3.59272 1
3.59274 1
3.59277 1
3.59279 1
3.59282 1
3.59284 1
3.59286 1
3.59289 1
3.59291 1
3.59294 1
3.59296 1
3.59298 1
3.59301 1
3.59303 1
3.59306 1
3.59308 1
3.5931 1
3.59313 1
3.59315 1
3.59318 1
3.5932 1
3.59322 1
3.59325 1
3.59327 1
3.5933 1
3.59332 1
3.59334 1
3.59337 1
3.59339 1
3.59342 1
3.59344 1
3.59346 1
3.59349 1
3.59351 1
3.59354 1
3.59356 1
3.59358 1
3.59361 1
3.59363 1
3.59366 1
3.59368 1
3.5937 1
3.59373 1
3.59375 1
3.59378 1
3.5938 1
3.59382 1
3.59385 1
3.59387 1
3.5939 1
3.59392 1
3.59395 1
3.59397 1
3.59399 1
3.59402 1
3.59404 1
3.59407 1
3.59409 1
3.59411 1
3.59414 1
3.59416 1
3.59419 1
3.59421 1
3.59423 1
3.59426 1
3.59428 1
3.59431 1
3.59433 1
3.59435 1
3.59438 1
3.5944 1
3.59443 1
3.59445 1
3.59447 1
3.5945 1
3.59452 1
3.59455 1
3.59457 1
3.59459 1
3.59462 1
3.59464 1
3.59467 1
3.59469 1
3.59471 1
3.59474 1
3.59476 1
3.59479 1
3.59481 1
3.59483 1
3.59486 1
3.59488 1
3.59491 1
3.59493 1
3.59495 1
3.59498 1
3.595 1
3.59503 1
3.59505 1
3.59507 1
3.5951 1
3.59512 1
3.59515 1
3.59517 1
3.59519 1
3.59522 1
3.59524 1
3.59527 1
3.59529 1
3.59531 1
3.59534 1
3.59536 1
3.59539 1
3.59541 1
3.59544 1
3.59546 1
3.59548 1
3.59551 1
3.59553 1
3.59556 1
3.59558 1
3.5956 1
3.59563 1
3.59565 1
3.59568 1
3.5957 1
3.59572 1
3.59575 1
3.59577 1
3.5958 1
3.59582 1
3.59584 1
3.59587 1
3.59589 1
3.59592 1
3.59594 1
3.59596 1
3.59599 1
3.59601 1
3.59604 1
3.59606 1
3.59608 1
3.59611 1
3.59613 1
3.59616 1
3.59618 1
3.5962 1
3.59623 1
3.59625 1
3.59628 1
3.5963 1
3.59632 1
3.59635 1
3.59637 1
3.5964 1
3.59642 1
3.59644 1
3.59647 1
3.59649 1
3.59652 1
3.59654 1
3.59656 1
3.59659 1
3.59661 1
3.59664 1
3.59666 1
3.59668 1
3.59671 1
3.59673 1
3.59676 1
3.59678 1
3.5968 1
3.59683 1
3.59685 1
3.59688 1
3.5969 1
3.59693 1
3.59695 1
3.59697 1
3.597 1
3.59702 1
3.59705 1
3.59707 1
3.59709 1
3.59712 1
3.59714 1
3.59717 1
3.59719 1
3.59721 1
3.59724 1
3.59726 1
3.59729 1
3.59731 1
3.59733 1
3.59736 1
3.59738 1
3.59741 1
3.59743 1
3.59745 1
3.59748 1
3.5975 1
3.59753 1
3.59755 1
3.59757 1
3.5976 1
3.59762 1
3.59765 1
3.59767 1
3.59769 1
3.59772 1
3.59774 1
3.59777 1
3.59779 1
3.59781 1
3.59784 1
3.59786 1
3.59789 1
3.59791 1
3.59793 1
3.59796 1
3.59798 1
3.59801 1
3.59803 1
3.59805 1
3.59808 1
3.5981 1
3.59813 1
3.59815 1
3.59817 1
3.5982 1
3.59822 1
3.59825 1
3.59827 1
3.59829 1
3.59832 1
3.59834 1
3.59837 1
3.59839 1
3.59842 1
3.59844 1
3.59846 1
3.59849 1
3.59851 1
3.59854 1
3.59856 1
3.59858 1
3.59861 1
3.59863 1
3.59866 1
3.59868 1
3.5987 1
3.59873 1
3.59875 1
3.59878 1
3.5988 1
3.59882 1
3.59885 1
3.59887 1
3.5989 1
3.59892 1
3.59894 1
3.59897 1
3.59899 1
3.59902 1
3.59904 1
3.59906 1
3.59909 1
3.59911 1
3.59914 1
3.59916 1
3.59918 1
3.59921 1
3.59923 1
3.59926 1
3.59928 1
3.5993 1
3.59933 1
3.59935 1
3.59938 1
3.5994 1
3.59942 1
3.59945 1
3.59947 1
3.5995 1
3.59952 1
3.59954 1
3.59957 1
3.59959 1
3.59962 1
3.59964 1
3.59966 1
3.59969 1
3.59971 1
3.59974 1
3.59976 1
3.59978 1
3.59981 1
3.59983 1
3.59986 1
3.59988 1
3.59991 1
3.59993 1
3.59995 1
3.59998 1
3.6 1
3.60003 1
3.60005 1
3.60007 1
3.6001 1
3.60012 1
3.60015 1
3.60017 1
3.60019 1
3.60022 1
3.60024 1
3.60027 1
3.60029 1
3.60031 1
3.60034 1
3.60036 1
3.60039 1
3.60041 1
3.60043 1
3.60046 1
3.60048 1
3.60051 1
3.60053 1
3.60055 1
3.60058 1
3.6006 1
3.60063 1
3.60065 1
3.60067 1
3.6007 1
3.60072 1
3.60075 1
3.60077 1
3.60079 1
3.60082 1
3.60084 1
3.60087 1
3.60089 1
3.60091 1
3.60094 1
3.60096 1
3.60099 1
3.60101 1
3.60103 1
3.60106 1
3.60108 1
3.60111 1
3.60113 1
3.60115 1
3.60118 1
3.6012 1
3.60123 1
3.60125 1
3.60127 1
3.6013 1
3.60132 1
3.60135 1
3.60137 1
3.6014 1
3.60142 1
3.60144 1
3.60147 1
3.60149 1
3.60152 1
3.60154 1
3.60156 1
3.60159 1
3.60161 1
3.60164 1
3.60166 1
3.60168 1
3.60171 1
3.60173 1
3.60176 1
3.60178 1
3.6018 1
3.60183 1
3.60185 1
3.60188 1
3.6019 1
3.60192 1
3.60195 1
3.60197 1
3.602 1
3.60202 1
3.60204 1
3.60207 1
3.60209 1
3.60212 1
3.60214 1
3.60216 1
3.60219 1
3.60221 1
3.60224 1
3.60226 1
3.60228 1
3.60231 1
3.60233 1
3.60236 1
3.60238 1
3.6024 1
3.60243 1
3.60245 1
3.60248 1
3.6025 1
3.60252 1
3.60255 1
3.60257 1
3.6026 1
3.60262 1
3.60264 1
3.60267 1
3.60269 1
3.60272 1
3.60274 1
3.60276 1
3.60279 1
3.60281 1
3.60284 1
3.60286 1
3.60289 1
3.60291 1
3.60293 1
3.60296 1
3.60298 1
3.60301 1
3.60303 1
3.60305 1
3.60308 1
3.6031 1
3.60313 1
3.60315 1
3.60317 1
3.6032 1
3.60322 1
3.60325 1
3.60327 1
3.60329 1
3.60332 1
3.60334 1
3.60337 1
3.60339 1
3.60341 1
3.60344 1
3.60346 1
3.60349 1
3.60351 1
3.60353 1
3.60356 1
3.60358 1
3.60361 1
3.60363 1
3.60365 1
3.60368 1
3.6037 1
3.60373 1
3.60375 1
3.60377 1
3.6038 1
3.60382 1
3.60385 1
3.60387 1
3.60389 1
3.60392 1
3.60394 1
3.60397 1
3.60399 1
3.60401 1
3.60404 1
3.60406 1
3.60409 1
3.60411 1
3.60413 1
3.60416 1
3.60418 1
3.60421 1
3.60423 1
3.60425 1
3.60428 1
3.6043 1
3.60433 1
3.60435 1
3.60438 1
3.6044 1
3.60442 1
3.60445 1
3.60447 1
3.6045 1
3.60452 1
3.60454 1
3.60457 1
3.60459 1
3.60462 1
3.60464 1
3.60466 1
3.60469 1
3.60471 1
3.60474 1
3.60476 1
3.60478 1
3.60481 1
3.60483 1
3.60486 1
3.60488 1
3.6049 1
3.60493 1
3.60495 1
3.60498 1
3.605 1
3.60502 1
3.60505 1
3.60507 1
3.6051 1
3.60512 1
3.60514 1
3.60517 1
3.60519 1
3.60522 1
3.60524 1
3.60526 1
3.60529 1
3.60531 1
3.60534 1
3.60536 1
3.60538 1
3.60541 1
3.60543 1
3.60546 1
3.60548 1
3.6055 1
3.60553 1
3.60555 1
3.60558 1
3.6056 1
3.60562 1
3.60565 1
3.60567 1
3.6057 1
3.60572 1
3.60574 1
3.60577 1
3.60579 1
3.60582 1
3.60584 1
3.60586 1
3.60589 1
3.60591 1
3.60594 1
3.60596 1
3.60599 1
3.60601 1
3.60603 1
3.60606 1
3.60608 1
3.60611 1
3.60613 1
3.60615 1
3.60618 1
3.6062 1
3.60623 1
3.60625 1
3.60627 1
3.6063 1
3.60632 1
3.60635 1
3.60637 1
3.60639 1
3.60642 1
3.60644 1
3.60647 1
3.60649 1
3.60651 1
3.60654 1
3.60656 1
3.60659 1
3.60661 1
3.60663 1
3.60666 1
3.60668 1
3.60671 1
3.60673 1
3.60675 1
3.60678 1
3.6068 1
3.60683 1
3.60685 1
3.60687 1
3.6069 1
3.60692 1
3.60695 1
3.60697 1
3.60699 1
3.60702 1
3.60704 1
3.60707 1
3.60709 1
3.60711 1
3.60714 1
3.60716 1
3.60719 1
3.60721 1
3.60723 1
3.60726 1
3.60728 1
3.60731 1
3.60733 1
3.60735 1
3.60738 1
3.6074 1
3.60743 1
3.60745 1
3.60748 1
3.6075 1
3.60752 1
3.60755 1
3.60757 1
3.6076 1
3.60762 1
3.60764 1
3.60767 1
3.60769 1
3.60772 1
3.60774 1
3.60776 1
3.60779 1
3.60781 1
3.60784 1
3.60786 1
3.60788 1
3.60791 1
3.60793 1
3.60796 1
3.60798 1
3.608 1
3.60803 1
3.60805 1
3.60808 1
3.6081 1
3.60812 1
3.60815 1
3.60817 1
3.6082 1
3.60822 1
3.60824 1
3.60827 1
3.60829 1
3.60832 1
3.60834 1
3.60836 1
3.60839 1
3.60841 1
3.60844 1
3.60846 1
3.60848 1
3.60851 1
3.60853 1
3.60856 1
3.60858 1
3.6086 1
3.60863 1
3.60865 1
3.60868 1
3.6087 1
3.60872 1
3.60875 1
3.60877 1
3.6088 1
3.60882 1
3.60884 1
3.60887 1
3.60889 1
3.60892 1
3.60894 1
3.60897 1
3.60899 1
3.60901 1
3.60904 1
3.60906 1
3.60909 1
3.60911 1
3.60913 1
3.60916 1
3.60918 1
3.60921 1
3.60923 1
3.60925 1
3.60928 1
3.6093 1
3.60933 1
3.60935 1
3.60937 1
3.6094 1
3.60942 1
3.60945 1
3.60947 1
3.60949 1
3.60952 1
3.60954 1
3.60957 1
3.60959 1
3.60961 1
3.60964 1
3.60966 1
3.60969 1
3.60971 1
3.60973 1
3.60976 1
3.60978 1
3.60981 1
3.60983 1
3.60985 1
3.60988 1
3.6099 1
3.60993 1
3.60995 1
3.60997 1
3.61 1
3.61002 1
3.61005 1
3.61007 1
3.61009 1
3.61012 1
3.61014 1
3.61017 1
3.61019 1
3.61021 1
3.61024 1
3.61026 1
3.61029 1
3.61031 1
3.61033 1
3.61036 1
3.61038 1
3.61041 1
3.61043 1
3.61046 1
3.61048 1
3.6105 1
3.61053 1
3.61055 1
3.61058 1
3.6106 1
3.61062 1
3.61065 1
3.61067 1
3.6107 1
3.61072 1
3.61074 1
3.61077 1
3.61079 1
3.61082 1
3.61084 1
3.61086 1
3.61089 1
3.61091 1
3.61094 1
3.61096 1
3.61098 1
3.61101 1
3.61103 1
3.61106 1
3.61108 1
3.6111 1
3.61113 1
3.61115 1
3.61118 1
3.6112 1
3.61122 1
3.61125 1
3.61127 1
3.6113 1
3.61132 1
3.61134 1
3.61137 1
3.61139 1
3.61142 1
3.61144 1
3.61146 1
3.61149 1
3.61151 1
3.61154 1
3.61156 1
3.61158 1
3.61161 1
3.61163 1
3.61166 1
3.61168 1
3.6117 1
3.61173 1
3.61175 1
3.61178 1
3.6118 1
3.61182 1
3.61185 1
3.61187 1
3.6119 1
3.61192 1
3.61195 1
3.61197 1
3.61199 1
3.61202 1
3.61204 1
3.61207 1
3.61209 1
3.61211 1
3.61214 1
3.61216 1
3.61219 1
3.61221 1
3.61223 1
3.61226 1
3.61228 1
3.61231 1
3.61233 1
3.61235 1
3.61238 1
3.6124 1
3.61243 1
3.61245 1
3.61247 1
3.6125 1
3.61252 1
3.61255 1
3.61257 1
3.61259 1
3.61262 1
3.61264 1
3.61267 1
3.61269 1
3.61271 1
3.61274 1
3.61276 1
3.61279 1
3.61281 1
3.61283 1
3.61286 1
3.61288 1
3.61291 1
3.61293 1
3.61295 1
3.61298 1
3.613 1
3.61303 1
3.61305 1
3.61307 1
3.6131 1
3.61312 1
3.61315 1
3.61317 1
3.61319 1
3.61322 1
3.61324 1
3.61327 1
3.61329 1
3.61331 1
3.61334 1
3.61336 1
3.61339 1
3.61341 1
3.61344 1
3.61346 1
3.61348 1
3.61351 1
3.61353 1
3.61356 1
3.61358 1
3.6136 1
3.61363 1
3.61365 1
3.61368 1
3.6137 1
3.61372 1
3.61375 1
3.61377 1
3.6138 1
3.61382 1
3.61384 1
3.61387 1
3.61389 1
3.61392 1
3.61394 1
3.61396 1
3.61399 1
3.61401 1
3.61404 1
3.61406 1
3.61408 1
3.61411 1
3.61413 1
3.61416 1
3.61418 1
3.6142 1
3.61423 1
3.61425 1
3.61428 1
3.6143 1
3.61432 1
3.61435 1
3.61437 1
3.6144 1
3.61442 1
3.61444 1
3.61447 1
3.61449 1
3.61452 1
3.61454 1
3.61456 1
3.61459 1
3.61461 1
3.61464 1
3.61466 1
3.61468 1
3.61471 1
3.61473 1
3.61476 1
3.61478 1
3.6148 1
3.61483 1
3.61485 1
3.61488 1
3.6149 1
3.61493 1
3.61495 1
3.61497 1
3.615 1
3.61502 1
3.61505 1
3.61507 1
3.61509 1
3.61512 1
3.61514 1
3.61517 1
3.61519 1
3.61521 1
3.61524 1
3.61526 1
3.61529 1
3.61531 1
3.61533 1
3.61536 1
3.61538 1
3.61541 1
3.61543 1
3.61545 1
3.61548 1
3.6155 1
3.61553 1
3.61555 1
3.61557 1
3.6156 1
3.61562 1
3.61565 1
3.61567 1
3.61569 1
3.61572 1
3.61574 1
3.61577 1
3.61579 1
3.61581 1
3.61584 1
3.61586 1
3.61589 1
3.61591 1
3.61593 1
3.61596 1
3.61598 1
3.61601 1
3.61603 1
3.61605 1
3.61608 1
3.6161 1
3.61613 1
3.61615 1
3.61617 1
3.6162 1
3.61622 1
3.61625 1
3.61627 1
3.61629 1
3.61632 1
3.61634 1
3.61637 1
3.61639 1
3.61642 1
3.61644 1
3.61646 1
3.61649 1
3.61651 1
3.61654 1
3.61656 1
3.61658 1
3.61661 1
3.61663 1
3.61666 1
3.61668 1
3.6167 1
3.61673 1
3.61675 1
3.61678 1
3.6168 1
3.61682 1
3.61685 1
3.61687 1
3.6169 1
3.61692 1
3.61694 1
3.61697 1
3.61699 1
3.61702 1
3.61704 1
3.61706 1
3.61709 1
3.61711 1
3.61714 1
3.61716 1
3.61718 1
3.61721 1
3.61723 1
3.61726 1
3.61728 1
3.6173 1
3.61733 1
3.61735 1
3.61738 1
3.6174 1
3.61742 1
3.61745 1
3.61747 1
3.6175 1
3.61752 1
3.61754 1
3.61757 1
3.61759 1
3.61762 1
3.61764 1
3.61766 1
3.61769 1
3.61771 1
3.61774 1
3.61776 1
3.61778 1
3.61781 1
3.61783 1
3.61786 1
3.61788 1
3.61791 1
3.61793 1
3.61795 1
3.61798 1
3.618 1
3.61803 1
3.61805 1
3.61807 1
3.6181 1
3.61812 1
3.61815 1
3.61817 1
3.61819 1
3.61822 1
3.61824 1
3.61827 1
3.61829 1
3.61831 1
3.61834 1
3.61836 1
3.61839 1
3.61841 1
3.61843 1
3.61846 1
3.61848 1
3.61851 1
3.61853 1
3.61855 1
3.61858 1
3.6186 1
3.61863 1
3.61865 1
3.61867 1
3.6187 1
3.61872 1
3.61875 1
3.61877 1
3.61879 1
3.61882 1
3.61884 1
3.61887 1
3.61889 1
3.61891 1
3.61894 1
3.61896 1
3.61899 1
3.61901 1
3.61903 1
3.61906 1
3.61908 1
3.61911 1
3.61913 1
3.61915 1
3.61918 1
3.6192 1
3.61923 1
3.61925 1
3.61927 1
3.6193 1
3.61932 1
3.61935 1
3.61937 1
3.6194 1
3.61942 1
3.61944 1
3.61947 1
3.61949 1
3.61952 1
3.61954 1
3.61956 1
3.61959 1
3.61961 1
3.61964 1
3.61966 1
3.61968 1
3.61971 1
3.61973 1
3.61976 1
3.61978 1
3.6198 1
3.61983 1
3.61985 1
3.61988 1
3.6199 1
3.61992 1
3.61995 1
3.61997 1
3.62 1
3.62002 1
3.62004 1
3.62007 1
3.62009 1
3.62012 1
3.62014 1
3.62016 1
3.62019 1
3.62021 1
3.62024 1
3.62026 1
3.62028 1
3.62031 1
3.62033 1
3.62036 1
3.62038 1
3.6204 1
3.62043 1
3.62045 1
3.62048 1
3.6205 1
3.62052 1
3.62055 1
3.62057 1
3.6206 1
3.62062 1
3.62064 1
3.62067 1
3.62069 1
3.62072 1
3.62074 1
3.62076 1
3.62079 1
3.62081 1
3.62084 1
3.62086 1
3.62088 1
3.62091 1
3.62093 1
3.62096 1
3.62098 1
3.62101 1
3.62103 1
3.62105 1
3.62108 1
3.6211 1
3.62113 1
3.62115 1
3.62117 1
3.6212 1
3.62122 1
3.62125 1
3.62127 1
3.62129 1
3.62132 1
3.62134 1
3.62137 1
3.62139 1
3.62141 1
3.62144 1
3.62146 1
3.62149 1
3.62151 1
3.62153 1
3.62156 1
3.62158 1
3.62161 1
3.62163 1
3.62165 1
3.62168 1
3.6217 1
3.62173 1
3.62175 1
3.62177 1
3.6218 1
3.62182 1
3.62185 1
3.62187 1
3.62189 1
3.62192 1
3.62194 1
3.62197 1
3.62199 1
3.62201 1
3.62204 1
3.62206 1
3.62209 1
3.62211 1
3.62213 1
3.62216 1
3.62218 1
3.62221 1
3.62223 1
3.62225 1
3.62228 1
3.6223 1
3.62233 1
3.62235 1
3.62237 1
3.6224 1
3.62242 1
3.62245 1
3.62247 1
3.6225 1
3.62252 1
3.62254 1
3.62257 1
3.62259 1
3.62262 1
3.62264 1
3.62266 1
3.62269 1
3.62271 1
3.62274 1
3.62276 1
3.62278 1
3.62281 1
3.62283 1
3.62286 1
3.62288 1
3.6229 1
3.62293 1
3.62295 1
3.62298 1
3.623 1
3.62302 1
3.62305 1
3.62307 1
3.6231 1
3.62312 1
3.62314 1
3.62317 1
3.62319 1
3.62322 1
3.62324 1
3.62326 1
3.62329 1
3.62331 1
3.62334 1
3.62336 1
3.62338 1
3.62341 1
3.62343 1
3.62346 1
3.62348 1
3.6235 1
3.62353 1
3.62355 1
3.62358 1
3.6236 1
3.62362 1
3.62365 1
3.62367 1
3.6237 1
3.62372 1
3.62374 1
3.62377 1
3.62379 1
3.62382 1
3.62384 1
3.62386 1
3.62389 1
3.62391 1
3.62394 1
3.62396 1
3.62399 1
3.62401 1
3.62403 1
3.62406 1
3.62408 1
3.62411 1
3.62413 1
3.62415 1
3.62418 1
3.6242 1
3.62423 1
3.62425 1
3.62427 1
3.6243 1
3.62432 1
3.62435 1
3.62437 1
3.62439 1
3.62442 1
3.62444 1
3.62447 1
3.62449 1
3.62451 1
3.62454 1
3.62456 1
3.62459 1
3.62461 1
3.62463 1
3.62466 1
3.62468 1
3.62471 1
3.62473 1
3.62475 1
3.62478 1
3.6248 1
3.62483 1
3.62485 1
3.62487 1
3.6249 1
3.62492 1
3.62495 1
3.62497 1
3.62499 1
3.62502 1
3.62504 1
3.62507 1
3.62509 1
3.62511 1
3.62514 1
3.62516 1
3.62519 1
3.62521 1
3.62523 1
3.62526 1
3.62528 1
3.62531 1
3.62533 1
3.62535 1
3.62538 1
3.6254 1
3.62543 1
3.62545 1
3.62548 1
3.6255 1
3.62552 1
3.62555 1
3.62557 1
3.6256 1
3.62562 1
3.62564 1
3.62567 1
3.62569 1
3.62572 1
3.62574 1
3.62576 1
3.62579 1
3.62581 1
3.62584 1
3.62586 1
3.62588 1
3.62591 1
3.62593 1
3.62596 1
3.62598 1
3.626 1
3.62603 1
3.62605 1
3.62608 1
3.6261 1
3.62612 1
3.62615 1
3.62617 1
3.6262 1
3.62622 1
3.62624 1
3.62627 1
3.62629 1
3.62632 1
3.62634 1
3.62636 1
3.62639 1
3.62641 1
3.62644 1
3.62646 1
3.62648 1
3.62651 1
3.62653 1
3.62656 1
3.62658 1
3.6266 1
3.62663 1
3.62665 1
3.62668 1
3.6267 1
3.62672 1
3.62675 1
3.62677 1
3.6268 1
3.62682 1
3.62684 1
3.62687 1
3.62689 1
3.62692 1
3.62694 1
3.62697 1
3.62699 1
3.62701 1
3.62704 1
3.62706 1
3.62709 1
3.62711 1
3.62713 1
3.62716 1
3.62718 1
3.62721 1
3.62723 1
3.62725 1
3.62728 1
3.6273 1
3.62733 1
3.62735 1
3.62737 1
3.6274 1
3.62742 1
3.62745 1
3.62747 1
3.62749 1
3.62752 1
3.62754 1
3.62757 1
3.62759 1
3.62761 1
3.62764 1
3.62766 1
3.62769 1
3.62771 1
3.62773 1
3.62776 1
3.62778 1
3.62781 1
3.62783 1
3.62785 1
3.62788 1
3.6279 1
3.62793 1
3.62795 1
3.62797 1
3.628 1
3.62802 1
3.62805 1
3.62807 1
3.62809 1
3.62812 1
3.62814 1
3.62817 1
3.62819 1
3.62821 1
3.62824 1
3.62826 1
3.62829 1
3.62831 1
3.62833 1
3.62836 1
3.62838 1
3.62841 1
3.62843 1
3.62846 1
3.62848 1
3.6285 1
3.62853 1
3.62855 1
3.62858 1
3.6286 1
3.62862 1
3.62865 1
3.62867 1
3.6287 1
3.62872 1
3.62874 1
3.62877 1
3.62879 1
3.62882 1
3.62884 1
3.62886 1
3.62889 1
3.62891 1
3.62894 1
3.62896 1
3.62898 1
3.62901 1
3.62903 1
3.62906 1
3.62908 1
3.6291 1
3.62913 1
3.62915 1
3.62918 1
3.6292 1
3.62922 1
3.62925 1
3.62927 1
3.6293 1
3.62932 1
3.62934 1
3.62937 1
3.62939 1
3.62942 1
3.62944 1
3.62946 1
3.62949 1
3.62951 1
3.62954 1
3.62956 1
3.62958 1
3.62961 1
3.62963 1
3.62966 1
3.62968 1
3.6297 1
3.62973 1
3.62975 1
3.62978 1
3.6298 1
3.62982 1
3.62985 1
3.62987 1
3.6299 1
3.62992 1
3.62995 1
3.62997 1
3.62999 1
3.63002 1
3.63004 1
3.63007 1
3.63009 1
3.63011 1
3.63014 1
3.63016 1
3.63019 1
3.63021 1
3.63023 1
3.63026 1
3.63028 1
3.63031 1
3.63033 1
3.63035 1
3.63038 1
3.6304 1
3.63043 1
3.63045 1
3.63047 1
3.6305 1
3.63052 1
3.63055 1
3.63057 1
3.63059 1
3.63062 1
3.63064 1
3.63067 1
3.63069 1
3.63071 1
3.63074 1
3.63076 1
3.63079 1
3.63081 1
3.63083 1
3.63086 1
3.63088 1
3.63091 1
3.63093 1
3.63095 1
3.63098 1
3.631 1
3.63103 1
3.63105 1
3.63107 1
3.6311 1
3.63112 1
3.63115 1
3.63117 1
3.63119 1
3.63122 1
3.63124 1
3.63127 1
3.63129 1
3.63131 1
3.63134 1
3.63136 1
3.63139 1
3.63141 1
3.63144 1
3.63146 1
3.63148 1
3.63151 1
3.63153 1
3.63156 1
3.63158 1
3.6316 1
3.63163 1
3.63165 1
3.63168 1
3.6317 1
3.63172 1
3.63175 1
3.63177 1
3.6318 1
3.63182 1
3.63184 1
3.63187 1
3.63189 1
3.63192 1
3.63194 1
3.63196 1
3.63199 1
3.63201 1
3.63204 1
3.63206 1
3.63208 1
3.63211 1
3.63213 1
3.63216 1
3.63218 1
3.6322 1
3.63223 1
3.63225 1
3.63228 1
3.6323 1
3.63232 1
3.63235 1
3.63237 1
3.6324 1
3.63242 1
3.63244 1
3.63247 1
3.63249 1
3.63252 1
3.63254 1
3.63256 1
3.63259 1
3.63261 1
3.63264 1
3.63266 1
3.63268 1
3.63271 1
3.63273 1
3.63276 1
3.63278 1
3.6328 1
3.63283 1
3.63285 1
3.63288 1
3.6329 1
3.63293 1
3.63295 1
3.63297 1
3.633 1
3.63302 1
3.63305 1
3.63307 1
3.63309 1
3.63312 1
3.63314 1
3.63317 1
3.63319 1
3.63321 1
3.63324 1
3.63326 1
3.63329 1
3.63331 1
3.63333 1
3.63336 1
3.63338 1
3.63341 1
3.63343 1
3.63345 1
3.63348 1
3.6335 1
3.63353 1
3.63355 1
3.63357 1
3.6336 1
3.63362 1
3.63365 1
3.63367 1
3.63369 1
3.63372 1
3.63374 1
3.63377 1
3.63379 1
3.63381 1
3.63384 1
3.63386 1
3.63389 1
3.63391 1
3.63393 1
3.63396 1
3.63398 1
3.63401 1
3.63403 1
3.63405 1
3.63408 1
3.6341 1
3.63413 1
3.63415 1
3.63417 1
3.6342 1
3.63422 1
3.63425 1
3.63427 1
3.63429 1
3.63432 1
3.63434 1
3.63437 1
3.63439 1
3.63442 1
3.63444 1
3.63446 1
3.63449 1
3.63451 1
3.63454 1
3.63456 1
3.63458 1
3.63461 1
3.63463 1
3.63466 1
3.63468 1
3.6347 1
3.63473 1
3.63475 1
3.63478 1
3.6348 1
3.63482 1
3.63485 1
3.63487 1
3.6349 1
3.63492 1
3.63494 1
3.63497 1
3.63499 1
3.63502 1
3.63504 1
3.63506 1
3.63509 1
3.63511 1
3.63514 1
3.63516 1
3.63518 1
3.63521 1
3.63523 1
3.63526 1
3.63528 1
3.6353 1
3.63533 1
3.63535 1
3.63538 1
3.6354 1
3.63542 1
3.63545 1
3.63547 1
3.6355 1
3.63552 1
3.63554 1
3.63557 1
3.63559 1
3.63562 1
3.63564 1
3.63566 1
3.63569 1
3.63571 1
3.63574 1
3.63576 1
3.63578 1
3.63581 1
3.63583 1
3.63586 1
3.63588 1
3.6359 1
3.63593 1
3.63595 1
3.63598 1
3.636 1
3.63603 1
3.63605 1
3.63607 1
3.6361 1
3.63612 1
3.63615 1
3.63617 1
3.63619 1
3.63622 1
3.63624 1
3.63627 1
3.63629 1
3.63631 1
3.63634 1
3.63636 1
3.63639 1
3.63641 1
3.63643 1
3.63646 1
3.63648 1
3.63651 1
3.63653 1
3.63655 1
3.63658 1
3.6366 1
3.63663 1
3.63665 1
3.63667 1
3.6367 1
3.63672 1
3.63675 1
3.63677 1
3.63679 1
3.63682 1
3.63684 1
3.63687 1
3.63689 1
3.63691 1
3.63694 1
3.63696 1
3.63699 1
3.63701 1
3.63703 1
3.63706 1
3.63708 1
3.63711 1
3.63713 1
3.63715 1
3.63718 1
3.6372 1
3.63723 1
3.63725 1
3.63727 1
3.6373 1
3.63732 1
3.63735 1
3.63737 1
3.63739 1
3.63742 1
3.63744 1
3.63747 1
3.63749 1
3.63752 1
3.63754 1
3.63756 1
3.63759 1
3.63761 1
3.63764 1
3.63766 1
3.63768 1
3.63771 1
3.63773 1
3.63776 1
3.63778 1
3.6378 1
3.63783 1
3.63785 1
3.63788 1
3.6379 1
3.63792 1
3.63795 1
3.63797 1
3.638 1
3.63802 1
3.63804 1
3.63807 1
3.63809 1
3.63812 1
3.63814 1
3.63816 1
3.63819 1
3.63821 1
3.63824 1
3.63826 1
3.63828 1
3.63831 1
3.63833 1
3.63836 1
3.63838 1
3.6384 1
3.63843 1
3.63845 1
3.63848 1
3.6385 1
3.63852 1
3.63855 1
3.63857 1
3.6386 1
3.63862 1
3.63864 1
3.63867 1
3.63869 1
3.63872 1
3.63874 1
3.63876 1
3.63879 1
3.63881 1
3.63884 1
3.63886 1
3.63888 1
3.63891 1
3.63893 1
3.63896 1
3.63898 1
3.63901 1
3.63903 1
3.63905 1
3.63908 1
3.6391 1
3.63913 1
3.63915 1
3.63917 1
3.6392 1
3.63922 1
3.63925 1
3.63927 1
3.63929 1
3.63932 1
3.63934 1
3.63937 1
3.63939 1
3.63941 1
3.63944 1
3.63946 1
3.63949 1
3.63951 1
3.63953 1
3.63956 1
3.63958 1
3.63961 1
3.63963 1
3.63965 1
3.63968 1
3.6397 1
3.63973 1
3.63975 1
3.63977 1
3.6398 1
3.63982 1
3.63985 1
3.63987 1
3.63989 1
3.63992 1
3.63994 1
3.63997 1
3.63999 1
3.64001 1
3.64004 1
3.64006 1
3.64009 1
3.64011 1
3.64013 1
3.64016 1
3.64018 1
3.64021 1
3.64023 1
3.64025 1
3.64028 1
3.6403 1
3.64033 1
3.64035 1
3.64037 1
3.6404 1
3.64042 1
3.64045 1
3.64047 1
3.6405 1
3.64052 1
3.64054 1
3.64057 1
3.64059 1
3.64062 1
3.64064 1
3.64066 1
3.64069 1
3.64071 1
3.64074 1
3.64076 1
3.64078 1
3.64081 1
3.64083 1
3.64086 1
3.64088 1
3.6409 1
3.64093 1
3.64095 1
3.64098 1
3.641 1
3.64102 1
3.64105 1
3.64107 1
3.6411 1
3.64112 1
3.64114 1
3.64117 1
3.64119 1
3.64122 1
3.64124 1
3.64126 1
3.64129 1
3.64131 1
3.64134 1
3.64136 1
3.64138 1
3.64141 1
3.64143 1
3.64146 1
3.64148 1
3.6415 1
3.64153 1
3.64155 1
3.64158 1
3.6416 1
3.64162 1
3.64165 1
3.64167 1
3.6417 1
3.64172 1
3.64174 1
3.64177 1
3.64179 1
3.64182 1
3.64184 1
3.64186 1
3.64189 1
3.64191 1
3.64194 1
3.64196 1
3.64199 1
3.64201 1
3.64203 1
3.64206 1
3.64208 1
3.64211 1
3.64213 1
3.64215 1
3.64218 1
3.6422 1
3.64223 1
3.64225 1
3.64227 1
3.6423 1
3.64232 1
3.64235 1
3.64237 1
3.64239 1
3.64242 1
3.64244 1
3.64247 1
3.64249 1
3.64251 1
3.64254 1
3.64256 1
3.64259 1
3.64261 1
3.64263 1
3.64266 1
3.64268 1
3.64271 1
3.64273 1
3.64275 1
3.64278 1
3.6428 1
3.64283 1
3.64285 1
3.64287 1
3.6429 1
3.64292 1
3.64295 1
3.64297 1
3.64299 1
3.64302 1
3.64304 1
3.64307 1
3.64309 1
3.64311 1
3.64314 1
3.64316 1
3.64319 1
3.64321 1
3.64323 1
3.64326 1
3.64328 1
3.64331 1
3.64333 1
3.64335 1
3.64338 1
3.6434 1
3.64343 1
3.64345 1
3.64348 1
3.6435 1
3.64352 1
3.64355 1
3.64357 1
3.6436 1
3.64362 1
3.64364 1
3.64367 1
3.64369 1
3.64372 1
3.64374 1
3.64376 1
3.64379 1
3.64381 1
3.64384 1
3.64386 1
3.64388 1
3.64391 1
3.64393 1
3.64396 1
3.64398 1
3.644 1
3.64403 1
3.64405 1
3.64408 1
3.6441 1
3.64412 1
3.64415 1
3.64417 1
3.6442 1
3.64422 1
3.64424 1
3.64427 1
3.64429 1
3.64432 1
3.64434 1
3.64436 1
3.64439 1
3.64441 1
3.64444 1
3.64446 1
3.64448 1
3.64451 1
3.64453 1
3.64456 1
3.64458 1
3.6446 1
3.64463 1
3.64465 1
3.64468 1
3.6447 1
3.64472 1
3.64475 1
3.64477 1
3.6448 1
3.64482 1
3.64484 1
3.64487 1
3.64489 1
3.64492 1
3.64494 1
3.64497 1
3.64499 1
3.64501 1
3.64504 1
3.64506 1
3.64509 1
3.64511 1
3.64513 1
3.64516 1
3.64518 1
3.64521 1
3.64523 1
3.64525 1
3.64528 1
3.6453 1
3.64533 1
3.64535 1
3.64537 1
3.6454 1
3.64542 1
3.64545 1
3.64547 1
3.64549 1
3.64552 1
3.64554 1
3.64557 1
3.64559 1
3.64561 1
3.64564 1
3.64566 1
3.64569 1
3.64571 1
3.64573 1
3.64576 1
3.64578 1
3.64581 1
3.64583 1
3.64585 1
3.64588 1
3.6459 1
3.64593 1
3.64595 1
3.64597 1
3.646 1
3.64602 1
3.64605 1
3.64607 1
3.64609 1
3.64612 1
3.64614 1
3.64617 1
3.64619 1
3.64621 1
3.64624 1
3.64626 1
3.64629 1
3.64631 1
3.64633 1
3.64636 1
3.64638 1
3.64641 1
3.64643 1
3.64646 1
3.64648 1
3.6465 1
3.64653 1
3.64655 1
3.64658 1
3.6466 1
3.64662 1
3.64665 1
3.64667 1
3.6467 1
3.64672 1
3.64674 1
3.64677 1
3.64679 1
3.64682 1
3.64684 1
3.64686 1
3.64689 1
3.64691 1
3.64694 1
3.64696 1
3.64698 1
3.64701 1
3.64703 1
3.64706 1
3.64708 1
3.6471 1
3.64713 1
3.64715 1
3.64718 1
3.6472 1
3.64722 1
3.64725 1
3.64727 1
3.6473 1
3.64732 1
3.64734 1
3.64737 1
3.64739 1
3.64742 1
3.64744 1
3.64746 1
3.64749 1
3.64751 1
3.64754 1
3.64756 1
3.64758 1
3.64761 1
3.64763 1
3.64766 1
3.64768 1
3.6477 1
3.64773 1
3.64775 1
3.64778 1
3.6478 1
3.64782 1
3.64785 1
3.64787 1
3.6479 1
3.64792 1
3.64795 1
3.64797 1
3.64799 1
3.64802 1
3.64804 1
3.64807 1
3.64809 1
3.64811 1
3.64814 1
3.64816 1
3.64819 1
3.64821 1
3.64823 1
3.64826 1
3.64828 1
3.64831 1
3.64833 1
3.64835 1
3.64838 1
3.6484 1
3.64843 1
3.64845 1
3.64847 1
3.6485 1
3.64852 1
3.64855 1
3.64857 1
3.64859 1
3.64862 1
3.64864 1
3.64867 1
3.64869 1
3.64871 1
3.64874 1
3.64876 1
3.64879 1
3.64881 1
3.64883 1
3.64886 1
3.64888 1
3.64891 1
3.64893 1
3.64895 1
3.64898 1
3.649 1
3.64903 1
3.64905 1
3.64907 1
3.6491 1
3.64912 1
3.64915 1
3.64917 1
3.64919 1
3.64922 1
3.64924 1
3.64927 1
3.64929 1
3.64931 1
3.64934 1
3.64936 1
3.64939 1
3.64941 1
3.64944 1
3.64946 1
3.64948 1
3.64951 1
3.64953 1
3.64956 1
3.64958 1
3.6496 1
3.64963 1
3.64965 1
3.64968 1
3.6497 1
3.64972 1
3.64975 1
3.64977 1
3.6498 1
3.64982 1
3.64984 1
3.64987 1
3.64989 1
3.64992 1
3.64994 1
3.64996 1
3.64999 1
3.65001 1
3.65004 1
3.65006 1
3.65008 1
3.65011 1
3.65013 1
3.65016 1
3.65018 1
3.6502 1
3.65023 1
3.65025 1
3.65028 1
3.6503 1
3.65032 1
3.65035 1
3.65037 1
3.6504 1
3.65042 1
3.65044 1
3.65092 1
3.65141 1
3.65189 1
3.65237 1
3.65285 1
3.65333 1
3.65381 1
3.65429 1
3.65477 1
3.65525 1
3.65573 1
3.65621 1
3.65669 1
3.65717 1
3.65765 1
3.65813 1
3.65862 1
3.6591 1
3.65958 1
3.66006 1
3.66054 1
3.66102 1
3.6615 1
3.66198 1
3.66246 1
3.66294 1
3.66342 1
3.6639 1
3.66438 1
3.66486 1
3.66534 1
3.66582 1
3.66631 1
3.66679 1
3.66727 1
3.66775 1
3.66823 1
3.66871 1
3.66919 1
3.66967 1
3.67015 1
3.67063 1
3.67111 1
3.67159 1
3.67207 1
3.67255 1
3.67303 1
3.67352 1
3.674 1
3.67448 1
3.67496 1
3.67544 1
3.67592 1
3.6764 1
3.67688 1
3.67736 1
3.67784 1
3.67832 1
3.6788 1
3.67928 1
3.67976 1
3.68024 1
3.68072 1
3.68121 1
3.68169 1
3.68217 1
3.68265 1
3.68313 1
3.68361 1
3.68409 1
3.68457 1
3.68505 1
3.68553 1
3.68601 1
3.68649 1
3.68697 1
3.68745 1
3.68793 1
3.68841 1
3.6889 1
3.68938 1
3.68986 1
3.69034 1
3.69082 1
3.6913 1
3.69178 1
3.69226 1
3.69274 1
3.69322 1
3.6937 1
3.69418 1
3.69466 1
3.69514 1
3.69562 1
3.69611 1
3.69659 1
3.69707 1
3.69755 1
3.69803 1
3.69851 1
3.69899 1
3.69947 1
3.69995 1
3.70043 1
3.70091 1
3.70139 1
3.70187 1
3.70235 1
3.70283 1
3.70331 1
3.7038 1
3.70428 1
3.70476 1
3.70524 1
3.70572 1
3.7062 1
3.70668 1
3.70716 1
3.70764 1
3.70812 1
3.7086 1
3.70908 1
3.70956 1
3.71004 1
3.71052 1
3.711 1
3.71149 1
3.71197 1
3.71245 1
3.71293 1
3.71341 1
3.71389 1
3.71437 1
3.71485 1
3.71533 1
3.71581 1
3.71629 1
3.71677 1
3.71725 1
3.71773 1
3.71821 1
3.7187 1
3.71918 1
3.71966 1
3.72014 1
3.72062 1
3.7211 1
3.72158 1
3.72206 1
3.72254 1
3.72302 1
3.7235 1
3.72398 1
3.72446 1
3.72494 1
3.72542 1
3.7259 1
3.72639 1
3.72687 1
3.72735 1
3.72783 1
3.72831 1
3.72879 1
3.72927 1
3.72975 1
3.73023 1
3.73071 1
3.73119 1
3.73167 1
3.73215 1
3.73263 1
3.73311 1
3.7336 1
3.73408 1
3.73456 1
3.73504 1
3.73552 1
3.736 1
3.73648 1
3.73696 1
3.73744 1
3.73792 1
3.7384 1
3.73888 1
3.73936 1
3.73984 1
3.74032 1
3.7408 1
3.74129 1
3.74177 1
3.74225 1
3.74273 1
3.74321 1
3.74369 1
3.74417 1
3.74465 1
3.74513 1
3.74561 1
3.74609 1
3.74657 1
3.74705 1
3.74753 1
3.74801 1
3.74849 1
3.74898 1
3.74946 1
3.74994 1
3.75042 1
3.7509 1
3.75138 1
3.75186 1
3.75234 1
3.75282 1
3.7533 1
3.75378 1
3.75426 1
3.75474 1
3.75522 1
3.7557 1
3.75619 1
3.75667 1
3.75715 1
3.75763 1
3.75811 1
3.75859 1
3.75907 1
3.75955 1
3.76003 1
3.76051 1
3.76099 1
3.76147 1
3.76195 1
3.76243 1
3.76291 1
3.76339 1
3.76388 1
3.76436 1
3.76484 1
3.76532 1
3.7658 1
3.76628 1
3.76676 1
3.76724 1
3.76772 1
3.7682 1
3.76868 1
3.76916 1
3.76964 1
3.77012 1
3.7706 1
3.77108 1
3.77157 1
3.77205 1
3.77253 1
3.77301 1
3.77349 1
3.77397 1
3.77445 1
3.77493 1
3.77541 1
3.77589 1
3.77637 1
3.77685 1
3.77733 1
3.77781 1
3.77829 1
3.77878 1
3.77926 1
3.77974 1
3.78022 1
3.7807 1
3.78118 1
3.78166 1
3.78214 1
3.78262 1
3.7831 1
3.78358 1
3.78406 1
3.78454 1
3.78502 1
3.7855 1
3.78598 1
3.78647 1
3.78695 1
3.78743 1
3.78791 1
3.78839 1
3.78887 1
3.78935 1
3.78983 1
3.79031 1
3.79079 1
3.79127 1
3.79175 1
3.79223 1
3.79271 1
3.79319 1
3.79368 1
3.79416 1
3.79464 1
3.79512 1
3.7956 1
3.79608 1
3.79656 1
3.79704 1
3.79752 1
3.798 1
3.79848 1
3.79896 1
3.79944 1
3.79992 1
3.8004 1
3.80088 1
3.80137 1
3.80185 1
3.80233 1
3.80281 1
3.80329 1
3.80377 1
3.80425 1
3.80473 1
3.80521 1
3.80569 1
3.80617 1
3.80665 1
3.80713 1
3.80761 1
3.80809 1
3.80857 1
3.80906 1
3.80954 1
3.81002 1
3.8105 1
3.81098 1
3.81146 1
3.81194 1
3.81242 1
3.8129 1
3.81338 1
3.81386 1
3.81434 1
3.81482 1
3.8153 1
3.81578 1
3.81627 1
3.81675 1
3.81723 1
3.81771 1
3.81819 1
3.81867 1
3.81915 1
3.81963 1
3.82011 1
3.82059 1
3.82107 1
3.82155 1
3.82203 1
3.82251 1
3.82299 1
3.82347 1
3.82396 1
3.82444 1
3.82492 1
3.8254 1
3.82588 1
3.82636 1
3.82684 1
3.82732 1
3.8278 1
3.82828 1
3.82876 1
3.82924 1
3.82972 1
3.8302 1
3.83068 1
3.83116 1
3.83165 1
3.83213 1
3.83261 1
3.83309 1
3.83357 1
3.83405 1
3.83453 1
3.83501 1
3.83549 1
3.83597 1
3.83645 1
3.83693 1
3.83741 1
3.83789 1
3.83837 1
3.83886 1
3.83934 1
3.83982 1
3.8403 1
3.84078 1
3.84126 1
3.84174 1
3.84222 1
3.8427 1
3.84318 1
3.84366 1
3.84414 1
3.84462 1
3.8451 1
3.84558 1
3.84606 1
3.84655 1
3.84703 1
3.84751 1
3.84799 1
3.84847 1
3.84895 1
3.84943 1
3.84991 1
3.85039 1
3.85087 1
3.85135 1
3.85183 1
3.85231 1
3.85279 1
3.85327 1
3.85376 1
3.85424 1
3.85472 1
3.8552 1
3.85568 1
3.85616 1
3.85664 1
3.85712 1
3.8576 1
3.85808 1
3.85856 1
3.85904 1
3.85952 1
3.86 1
3.86048 1
3.86096 1
3.86145 1
3.86193 1
3.86241 1
3.86289 1
3.86337 1
3.86385 1
3.86433 1
3.86481 1
3.86529 1
3.86577 1
3.86625 1
3.86673 1
3.86721 1
3.86769 1
3.86817 1
3.86865 1
3.86914 1
3.86962 1
3.8701 1
3.87058 1
3.87106 1
3.87154 1
3.87202 1
3.8725 1
3.87298 1
3.87346 1
3.87394 1
3.87442 1
3.8749 1
3.87538 1
3.87586 1
3.87635 1
3.87683 1
3.87731 1
3.87779 1
3.87827 1
3.87875 1
3.87923 1
3.87971 1
3.88019 1
3.88067 1
3.88115 1
3.88163 1
3.88211 1
3.88259 1
3.88307 1
3.88355 1
3.88404 1
3.88452 1
3.885 1
3.88548 1
3.88596 1
3.88644 1
3.88692 1
3.8874 1
3.88788 1
3.88836 1
3.88884 1
3.88932 1
3.8898 1
3.89028 1
3.89076 1
3.89124 1
3.89173 1
3.89221 1
3.89269 1
3.89317 1
3.89365 1
3.89413 1
3.89461 1
3.89509 1
3.89557 1
3.89605 1
3.89653 1
3.89701 1
3.89749 1
3.89797 1
3.89845 1
3.89894 1
3.89942 1
3.8999 1
3.90038 1
3.90086 1
3.90134 1
3.90182 1
3.9023 1
3.90278 1
3.90326 1
3.90374 1
3.90422 1
3.9047 1
3.90518 1
3.90566 1
3.90614 1
3.90663 1
3.90711 1
3.90759 1
3.90807 1
3.90855 1
3.90903 1
3.90951 1
3.90999 1
3.91047 1
3.91095 1
3.91143 1
3.91191 1
3.91239 1
3.91287 1
3.91335 1
3.91384 1
3.91432 1
3.9148 1
3.91528 1
3.91576 1
3.91624 1
3.91672 1
3.9172 1
3.91768 1
3.91816 1
3.91864 1
3.91912 1
3.9196 1
3.92008 1
3.92056 1
3.92104 1
3.92153 1
3.92201 1
3.92249 1
3.92297 1
3.92345 1
3.92393 1
3.92441 1
7.23628 1
7.23806 1
7.23984 1
7.24162 1
7.2434 1
7.24517 1
7.24695 1
7.24873 1
7.25051 1
7.25229 1
7.25407 1
7.25585 1
7.25762 1
7.2594 1
7.26118 1
7.26296 1
7.26474 1
7.26652 1
7.26829 1
7.27007 1
7.27185 1
7.27363 1
7.27541 1
7.27719 1
7.27896 1
7.28074 1
7.28252 1
7.2843 1
7.28608 1
7.28786 1
7.28966 1
7.29144 1
7.29324 1
7.29504 1
7.29684 1
7.29865 1
7.30045 1
7.30225 1
7.30405 1
7.30586 1
7.30766 1
7.30946 1
7.31126 1
7.31307 1
7.31487 1
7.31667 1
7.31847 1
7.32027 1
7.32208 1
7.32388 1
7.32568 1
7.32748 1
7.32929 1
7.33109 1
7.33289 1
7.33469 1
7.3365 1
7.3383 1
7.3401 1
7.3419 1
7.34371 1
7.34551 1
7.34731 1
7.34911 1
7.35092 1
7.35272 1
7.35452 1
7.35632 1
7.35813 1
7.35993 1
7.36173 1
7.36353 1
7.36533 1
7.36714 1
7.36894 1
7.37074 1
7.37254 1
7.37435 1
7.37615 1
7.37795 1
7.37975 1
7.38156 1
7.38336 1
7.38516 1
7.38696 1
7.38877 1
7.39057 1
7.39237 1
7.39417 1
7.39598 1
7.39778 1
7.39958 1
7.40138 1
7.40319 1
7.40499 1
7.40679 1
7.40859 1
7.41039 1
7.4122 1
7.414 1
7.4158 1
7.4176 1
7.41941 1
7.42121 1
7.42301 1
7.42481 1
7.42662 1
7.42842 1
7.43022 1
7.43202 1
7.43383 1
7.43563 1
7.43743 1
7.43923 1
7.44104 1
7.44284 1
7.44464 1
7.44644 1
7.44825 1
7.45005 1
7.45185 1
7.45365 1
7.45545 1
7.45726 1
7.45906 1
7.46086 1
7.46266 1
7.46447 1
7.46627 1
7.46807 1
7.46987 1
7.47168 1
7.47348 1
7.47528 1
7.47711 1
7.47893 1
7.48076 1
7.48259 1
7.48441 1
7.48624 1
7.48807 1
7.48989 1
7.49172 1
7.49355 1
7.49537 1
7.4972 1
7.49902 1
7.50085 1
7.50268 1
7.5045 1
7.50633 1
7.50816 1
7.50998 1
7.51181 1
7.51364 1
7.51546 1
7.51729 1
7.51912 1
7.52094 1
7.52277 1
7.5246 1
7.52642 1
7.52825 1
7.53007 1
7.5319 1
7.53373 1
7.53555 1
7.53738 1
7.53921 1
7.54103 1
7.54286 1
7.54469 1
7.54651 1
7.54834 1
7.55017 1
7.55199 1
7.55382 1
7.55564 1
7.55747 1
7.5593 1
7.56112 1
7.56295 1
7.56478 1
7.5666 1
7.56843 1
7.57026 1
7.57211 1
7.57396 1
7.57581 1
7.57766 1
7.57951 1
7.58136 1
7.58321 1
7.58506 1
7.58691 1
7.58876 1
7.59061 1
7.59246 1
7.59431 1
7.59616 1
43.5387 1
43.5415 1
43.5443 1
43.5471 1
43.5499 1
43.5527 1
43.5555 1
43.5583 1
43.5611 1
43.5639 1
43.5667 1
43.5695 1
43.5723 1
43.5751 1
43.5779 1
43.5806 1
43.5834 1
43.5862 1
43.589 1
43.5918 1
43.5946 1
43.5974 1
43.6002 1
43.6029 1
43.6057 1
43.6085 1
43.6113 1
43.6141 1
43.6169 1
43.6196 1
43.6224 1
43.6252 1
43.6279 1
43.6307 1
43.6334 1
43.6362 1
43.639 1
43.6417 1
43.6445 1
43.6473 1
43.65 1
43.6528 1
43.6556 1
43.6583 1
43.6611 1
43.6638 1
43.6666 1
43.6694 1
43.6721 1
43.6749 1
43.6776 1
43.6804 1
43.6831 1
43.6858 1
43.6886 1
43.6913 1
43.6941 1
43.6968 1
43.6995 1
43.7023 1
43.705 1
43.7078 1
43.7105 1
43.7132 1
43.716 1
43.7187 1
43.7214 1
43.7242 1
43.7269 1
43.7297 1
43.7324 1
43.7351 1
43.7379 1
43.7406 1
43.7434 1
43.7461 1
43.7488 1
43.7516 1
43.7543 1
43.7571 1
43.7598 1
43.7625 1
43.7653 1
43.768 1
43.7708 1
43.7735 1
43.7762 1
43.779 1
43.7817 1
43.7845 1
43.7872 1
43.7899 1
43.7926 1
43.7953 1
43.798 1
43.8007 1
43.8034 1
43.8062 1
43.8089 1
43.8116 1
43.8143 1
43.817 1
43.8197 1
43.8225 1
43.8252 1
43.8279 1
43.8306 1
43.8333 1
43.836 1
43.8387 1
43.8414 1
43.8441 1
43.8468 1
43.8495 1
43.8522 1
43.8549 1
43.8576 1
43.8603 1
43.863 1
43.8657 1
43.8684 1
43.871 1
43.8737 1
43.8764 1
43.8791 1
43.8818 1
43.8845 1
43.8872 1
43.8899 1
43.8926 1
43.8953 1
43.898 1
