27.9383 1
27.9397 1
27.9411 1
27.9426 1
27.944 1
27.9455 1
27.9469 1
27.9484 1
27.9498 1
27.9512 1
27.9527 1
27.9541 1
27.9556 1
27.957 1
27.9585 1
27.9599 1
27.9613 1
27.9628 1
27.9642 1
27.9657 1
27.9671 1
27.9685 1
27.97 1
27.9714 1
27.9729 1
27.9743 1
27.9758 1
27.9772 1
27.9786 1
27.9801 1
27.9815 1
27.983 1
27.9844 1
27.9858 1
27.9873 1
27.9887 1
27.9902 1
27.9916 1
27.9931 1
27.9945 1
27.9959 1
27.9974 1
27.9988 1
28.0003 1
28.0017 1
28.0032 1
28.0046 1
28.006 1
28.0075 1
28.0089 1
28.0104 1
28.0118 1
28.0132 1
28.0147 1
28.0161 1
28.0176 1
28.019 1
28.0205 1
28.0219 1
28.0233 1
28.0248 1
28.0262 1
28.0277 1
28.0291 1
28.0305 1
28.032 1
28.0334 1
28.0349 1
28.0363 1
28.0378 1
28.0392 1
28.0406 1
28.0421 1
28.0435 1
28.045 1
28.0464 1
28.0479 1
28.0493 1
28.0507 1
28.0522 1
28.0536 1
28.0551 1
28.0565 1
28.0579 1
28.0594 1
28.0608 1
28.0623 1
28.0637 1
28.0652 1
28.0666 1
28.068 1
28.0695 1
28.0709 1
28.0724 1
28.0738 1
28.0752 1
28.0767 1
28.0781 1
28.0796 1
28.081 1
28.0825 1
28.0839 1
28.0853 1
28.0868 1
28.0882 1
28.0897 1
28.0911 1
28.0926 1
28.094 1
28.0954 1
28.0969 1
28.0983 1
28.0998 1
28.1012 1
28.1026 1
28.1041 1
28.1055 1
28.107 1
28.1084 1
28.1099 1
28.1113 1
28.1127 1
28.1142 1
28.1156 1
28.1171 1
28.1185 1
28.1199 1
28.1214 1
28.1228 1
28.1243 1
28.1257 1
28.1272 1
28.1286 1
28.13 1
28.1315 1
28.1329 1
28.1344 1
28.1358 1
28.1373 1
28.1387 1
28.1401 1
28.1416 1
28.143 1
28.1445 1
28.1459 1
28.1473 1
28.1488 1
28.1502 1
28.1517 1
28.1531 1
28.1546 1
28.156 1
28.1574 1
28.1589 1
28.1603 1
28.1618 1
28.1632 1
28.1646 1
28.1661 1
28.1675 1
28.169 1
28.1704 1
28.1719 1
28.1733 1
28.1747 1
28.1762 1
28.1776 1
28.1791 1
28.1805 1
28.182 1
28.1834 1
28.1848 1
28.1863 1
28.1877 1
28.1892 1
28.1906 1
28.192 1
28.1935 1
28.1949 1
28.1964 1
28.1978 1
28.1993 1
28.2007 1
28.2021 1
28.2036 1
28.205 1
28.2065 1
28.2079 1
28.2093 1
28.2108 1
28.2122 1
28.2137 1
28.2151 1
28.2166 1
28.218 1
28.2194 1
28.2209 1
28.2223 1
28.2238 1
28.2252 1
28.2267 1
28.2281 1
28.2295 1
28.231 1
28.2324 1
28.2339 1
28.2353 1
28.2367 1
28.2382 1
28.2396 1
28.2411 1
28.2425 1
28.244 1
28.2454 1
28.2468 1
28.2483 1
28.2497 1
28.2512 1
28.2526 1
28.254 1
28.2555 1
28.2569 1
28.2584 1
28.2598 1
28.2613 1
28.2627 1
28.2641 1
28.2656 1
28.267 1
28.2685 1
28.2699 1
28.2713 1
28.2728 1
28.2742 1
28.2757 1
28.2771 1
28.2786 1
28.28 1
28.2814 1
28.2829 1
28.2843 1
28.2858 1
28.2872 1
28.2887 1
28.2901 1
28.2915 1
28.293 1
28.2944 1
28.2959 1
28.2973 1
28.2987 1
28.3002 1
28.3016 1
28.3031 1
28.3045 1
28.306 1
28.3074 1
28.3088 1
28.3103 1
28.3117 1
28.3132 1
28.3146 1
28.316 1
28.3175 1
28.3189 1
28.3204 1
28.3218 1
28.3233 1
28.3247 1
28.3261 1
28.3276 1
28.329 1
28.3305 1
28.3319 1
28.3334 1
28.3348 1
28.3362 1
28.3377 1
28.3391 1
28.3406 1
28.342 1
28.3434 1
28.3449 1
28.3463 1
28.3478 1
28.3492 1
28.3507 1
28.3521 1
28.3535 1
28.355 1
28.3564 1
28.3579 1
28.3593 1
28.3607 1
28.3622 1
28.3636 1
28.3651 1
28.3665 1
28.368 1
28.3694 1
28.3708 1
28.3723 1
28.3737 1
28.3752 1
28.3766 1
28.3781 1
28.3795 1
28.3809 1
28.3824 1
28.3838 1
28.3853 1
28.3867 1
28.3881 1
28.3896 1
28.391 1
28.3925 1
28.3939 1
28.3954 1
28.3968 1
28.3982 1
28.3997 1
28.4011 1
28.4026 1
28.404 1
28.4054 1
28.4069 1
28.4083 1
28.4098 1
28.4112 1
28.4127 1
28.4141 1
28.4155 1
28.417 1
28.4184 1
28.4199 1
28.4213 1
28.4228 1
28.4242 1
28.4256 1
28.4271 1
28.4285 1
28.43 1
28.4314 1
28.4328 1
28.4343 1
28.4357 1
28.4372 1
28.4386 1
28.4401 1
28.4415 1
28.4429 1
28.4444 1
28.4458 1
28.4473 1
28.4487 1
28.4501 1
28.4516 1
28.453 1
28.4545 1
28.4559 1
28.4574 1
28.4588 1
28.4602 1
28.4617 1
28.4631 1
28.4646 1
28.466 1
28.4675 1
28.4689 1
28.4703 1
28.4718 1
28.4732 1
28.4747 1
28.4761 1
28.4775 1
28.479 1
28.4804 1
28.4819 1
28.4833 1
28.4848 1
28.4862 1
28.4876 1
28.4891 1
28.4905 1
28.492 1
28.4934 1
28.4948 1
28.4963 1
28.4977 1
28.4992 1
28.5006 1
28.5021 1
28.5035 1
28.5049 1
28.5064 1
28.5078 1
28.5093 1
28.5107 1
28.5122 1
28.5136 1
28.515 1
28.5165 1
28.5179 1
28.5194 1
28.5208 1
28.5222 1
28.5237 1
28.5251 1
28.5266 1
28.528 1
28.5295 1
28.5309 1
28.5323 1
28.5338 1
28.5352 1
28.5367 1
28.5381 1
28.5395 1
28.541 1
28.5424 1
28.5439 1
28.5453 1
28.5468 1
28.5482 1
28.5496 1
28.5511 1
28.5525 1
28.554 1
28.5554 1
28.5568 1
28.5583 1
28.5597 1
28.5612 1
28.5626 1
28.5641 1
28.5655 1
28.5669 1
28.5684 1
28.5698 1
28.5713 1
28.5727 1
28.5742 1
28.5756 1
28.577 1
28.5785 1
28.5799 1
28.5814 1
28.5828 1
28.5842 1
28.5857 1
28.5871 1
28.5886 1
28.59 1
28.5915 1
28.5929 1
28.5943 1
28.5958 1
28.5972 1
28.5987 1
28.6001 1
28.6015 1
28.603 1
28.6044 1
28.6059 1
28.6073 1
28.6088 1
28.6102 1
28.6116 1
28.6131 1
28.6145 1
28.616 1
28.6174 1
28.6189 1
28.6203 1
28.6217 1
28.6232 1
28.6246 1
28.6261 1
28.6275 1
28.6289 1
28.6304 1
28.6318 1
28.6333 1
28.6347 1
28.6362 1
28.6376 1
28.639 1
28.6405 1
28.6419 1
28.6434 1
28.6448 1
28.6462 1
28.6477 1
28.6491 1
28.6506 1
28.652 1
28.6535 1
28.6549 1
28.6563 1
28.6578 1
28.6592 1
28.6607 1
28.6621 1
28.6636 1
28.665 1
28.6664 1
28.6679 1
28.6693 1
28.6708 1
28.6722 1
28.6736 1
28.6751 1
28.6765 1
28.678 1
28.6794 1
28.6809 1
28.6823 1
28.6837 1
28.6852 1
28.6866 1
28.6881 1
28.6895 1
28.6909 1
28.6924 1
28.6938 1
28.6953 1
28.6967 1
28.6982 1
28.6996 1
28.701 1
28.7025 1
28.7039 1
28.7054 1
28.7068 1
28.7083 1
28.7097 1
28.7111 1
28.7126 1
28.714 1
28.7155 1
28.7169 1
28.7183 1
28.7198 1
28.7212 1
28.7227 1
28.7241 1
28.7256 1
28.727 1
28.7284 1
28.7299 1
28.7313 1
28.7328 1
28.7342 1
28.7356 1
28.7371 1
28.7385 1
28.74 1
28.7414 1
28.7429 1
28.7443 1
28.7457 1
28.7472 1
28.7486 1
28.7501 1
28.7515 1
28.753 1
28.7544 1
28.7558 1
28.7573 1
28.7587 1
28.7602 1
28.7616 1
28.763 1
28.7645 1
28.7659 1
28.7674 1
28.7688 1
28.7703 1
28.7717 1
28.7731 1
28.7746 1
28.776 1
28.7775 1
28.7789 1
28.7803 1
28.7818 1
28.7832 1
28.7847 1
28.7861 1
28.7876 1
28.789 1
28.7904 1
28.7919 1
28.7933 1
28.7948 1
28.7962 1
28.7977 1
28.7991 1
28.8005 1
28.802 1
28.8034 1
28.8049 1
28.8063 1
28.8077 1
28.8092 1
28.8106 1
28.8121 1
28.8135 1
28.815 1
28.8164 1
28.8178 1
28.8193 1
28.8207 1
28.8222 1
28.8236 1
28.825 1
28.8265 1
28.8279 1
28.8294 1
28.8308 1
28.8323 1
28.8337 1
28.8351 1
28.8366 1
28.838 1
28.8395 1
28.8409 1
28.8423 1
28.8438 1
28.8452 1
28.8467 1
28.8481 1
28.8496 1
28.851 1
28.8524 1
28.8539 1
28.8553 1
28.8568 1
28.8582 1
28.8597 1
28.8611 1
28.8625 1
28.864 1
28.8654 1
28.8669 1
28.8683 1
28.8697 1
28.8712 1
28.8726 1
28.8741 1
28.8755 1
28.877 1
28.8784 1
28.8798 1
28.8813 1
28.8827 1
28.8842 1
28.8856 1
28.887 1
28.8885 1
28.8899 1
28.8914 1
28.8928 1
28.8943 1
28.8957 1
28.8971 1
28.8986 1
28.9 1
28.9015 1
28.9029 1
28.9044 1
28.9058 1
28.9072 1
28.9087 1
28.9101 1
28.9116 1
28.913 1
28.9144 1
28.9159 1
28.9173 1
28.9188 1
28.9202 1
28.9217 1
28.9231 1
28.9245 1
28.926 1
28.9274 1
28.9289 1
28.9303 1
28.9317 1
28.9332 1
28.9346 1
28.9361 1
28.9375 1
28.939 1
28.9404 1
28.9418 1
28.9433 1
28.9447 1
28.9462 1
28.9476 1
28.9491 1
28.9505 1
28.9519 1
28.9534 1
28.9548 1
28.9563 1
28.9577 1
28.9591 1
28.9606 1
28.962 1
28.9635 1
28.9649 1
28.9664 1
28.9678 1
28.9692 1
28.9707 1
28.9721 1
28.9736 1
28.975 1
28.9764 1
28.9779 1
28.9793 1
28.9808 1
28.9822 1
28.9837 1
28.9851 1
28.9865 1
28.988 1
28.9894 1
28.9909 1
28.9923 1
28.9938 1
28.9952 1
28.9966 1
28.9981 1
28.9995 1
29.001 1
29.0024 1
29.0038 1
29.0053 1
29.0067 1
29.0082 1
29.0096 1
29.0111 1
29.0125 1
29.0139 1
29.0154 1
29.0168 1
29.0183 1
29.0197 1
29.0211 1
29.0226 1
29.024 1
29.0255 1
29.0269 1
29.0284 1
29.0298 1
29.0312 1
29.0327 1
29.0341 1
29.0356 1
29.037 1
29.0385 1
29.0399 1
29.0413 1
29.0428 1
29.0442 1
29.0457 1
29.0471 1
29.0485 1
29.05 1
29.0514 1
29.0529 1
29.0543 1
29.0558 1
29.0572 1
29.0586 1
29.0601 1
29.0615 1
29.063 1
29.0644 1
29.0658 1
29.0673 1
29.0687 1
29.0702 1
29.0716 1
29.0731 1
29.0745 1
29.0759 1
29.0774 1
29.0788 1
29.0803 1
29.0817 1
29.0832 1
29.0846 1
29.086 1
29.0875 1
29.0889 1
29.0904 1
29.0918 1
29.0932 1
29.0947 1
29.0961 1
29.0976 1
29.099 1
29.1005 1
29.1019 1
29.1033 1
29.1048 1
29.1062 1
29.1077 1
29.1091 1
29.1105 1
29.112 1
29.1134 1
29.1149 1
29.1163 1
29.1178 1
29.1192 1
29.1206 1
29.1221 1
29.1235 1
29.125 1
29.1264 1
29.1279 1
29.1293 1
29.1307 1
29.1322 1
29.1336 1
29.1351 1
29.1365 1
29.1379 1
29.1394 1
29.1408 1
29.1423 1
29.1437 1
29.1452 1
29.1466 1
29.148 1
29.1495 1
29.1509 1
29.1524 1
29.1538 1
29.1552 1
29.1567 1
29.1581 1
29.1596 1
29.161 1
29.1625 1
29.1639 1
29.1653 1
29.1668 1
29.1682 1
29.1697 1
29.1711 1
29.1725 1
29.174 1
29.1754 1
29.1769 1
29.1783 1
29.1798 1
29.1812 1
29.1826 1
29.1841 1
29.1855 1
29.187 1
29.1884 1
29.1899 1
29.1913 1
29.1927 1
29.1942 1
29.1956 1
29.1971 1
29.1985 1
29.1999 1
29.2014 1
29.2028 1
29.2043 1
29.2057 1
29.2072 1
29.2086 1
29.21 1
29.2115 1
29.2129 1
29.2144 1
29.2158 1
29.2172 1
29.2187 1
29.2201 1
29.2216 1
29.223 1
29.2245 1
29.2259 1
29.2273 1
29.2288 1
29.2302 1
29.2317 1
29.2331 1
29.2346 1
29.236 1
29.2374 1
29.2389 1
29.2403 1
29.2418 1
29.2432 1
29.2446 1
29.2461 1
29.2475 1
29.249 1
29.2504 1
29.2519 1
29.2533 1
29.2547 1
29.2562 1
29.2576 1
29.2591 1
29.2605 1
29.2619 1
29.2634 1
29.2648 1
29.2663 1
29.2677 1
29.2692 1
29.2706 1
29.272 1
29.2735 1
29.2749 1
29.2764 1
29.2778 1
29.2793 1
29.2807 1
29.2821 1
29.2836 1
29.285 1
29.2865 1
29.2879 1
29.2893 1
29.2908 1
29.2922 1
29.2937 1
29.2951 1
29.2966 1
29.298 1
29.2994 1
29.3009 1
29.3023 1
29.3038 1
29.3052 1
29.3066 1
29.3081 1
29.3095 1
29.311 1
29.3124 1
29.3139 1
29.3153 1
29.3167 1
29.3182 1
29.3196 1
29.3211 1
29.3225 1
29.324 1
29.3254 1
29.3268 1
29.3283 1
29.3297 1
29.3312 1
29.3326 1
29.334 1
29.3355 1
29.3369 1
29.3384 1
29.3398 1
29.3413 1
29.3427 1
29.3441 1
29.3456 1
29.347 1
29.3485 1
29.3499 1
29.3513 1
29.3528 1
29.3542 1
29.3557 1
29.3571 1
29.3586 1
29.36 1
29.3614 1
29.3629 1
29.3643 1
29.3658 1
29.3672 1
29.3687 1
29.3701 1
29.3715 1
29.373 1
29.3744 1
29.3759 1
29.3773 1
29.3787 1
29.3802 1
29.3816 1
29.3831 1
29.3845 1
29.386 1
29.3874 1
29.3888 1
29.3903 1
29.3917 1
29.3932 1
29.3946 1
29.396 1
29.3975 1
29.3989 1
29.4004 1
29.4018 1
29.4033 1
29.4047 1
29.4061 1
29.4076 1
29.409 1
29.4105 1
29.4119 1
29.4134 1
29.4148 1
29.4162 1
29.4177 1
29.4191 1
29.4206 1
29.422 1
29.4234 1
29.4249 1
29.4263 1
29.4278 1
29.4292 1
29.4307 1
29.4321 1
29.4335 1
29.435 1
29.4364 1
29.4379 1
29.4393 1
29.4407 1
29.4422 1
29.4436 1
29.4451 1
29.4465 1
29.448 1
29.4494 1
29.4508 1
29.4523 1
29.4537 1
29.4552 1
29.4566 1
29.458 1
29.4595 1
29.4609 1
29.4624 1
29.4638 1
29.4653 1
29.4667 1
29.4681 1
29.4696 1
29.471 1
29.4725 1
29.4739 1
29.4754 1
29.4768 1
29.4782 1
29.4797 1
29.4811 1
29.4826 1
29.484 1
29.4854 1
29.4869 1
29.4883 1
29.4898 1
29.4912 1
29.4927 1
29.4941 1
29.4955 1
29.497 1
29.4984 1
29.4999 1
29.5013 1
29.5027 1
29.5042 1
29.5056 1
29.5071 1
29.5085 1
29.51 1
29.5114 1
29.5128 1
29.5143 1
29.5157 1
29.5172 1
29.5186 1
29.5201 1
29.5215 1
29.5229 1
29.5244 1
29.5258 1
29.5273 1
29.5287 1
29.5301 1
29.5316 1
29.533 1
29.5345 1
29.5359 1
29.5374 1
29.5388 1
29.5402 1
29.5417 1
29.5431 1
29.5446 1
29.546 1
29.5474 1
29.5489 1
29.5503 1
29.5518 1
29.5532 1
29.5547 1
29.5561 1
29.5575 1
29.559 1
29.5604 1
29.5619 1
29.5633 1
29.5648 1
29.5662 1
29.5676 1
29.5691 1
29.5705 1
29.572 1
29.5734 1
29.5748 1
29.5763 1
29.5777 1
29.5792 1
29.5806 1
29.5821 1
29.5835 1
29.5849 1
29.5864 1
29.5878 1
29.5893 1
29.5907 1
29.5921 1
29.5936 1
29.595 1
29.5965 1
29.5979 1
29.5994 1
29.6008 1
29.6022 1
29.6037 1
29.6051 1
29.6066 1
29.608 1
29.6095 1
29.6109 1
29.6123 1
29.6138 1
29.6152 1
31.3657 1
31.3657 1
31.3657 1
31.3657 1
31.3658 1
31.3658 1
31.3658 1
31.366 1
31.366 1
31.366 1
31.366 1
31.366 1
31.366 1
31.366 1
31.3662 1
31.3662 1
31.3662 1
31.3662 1
31.3662 1
31.3663 1
31.3663 1
31.3664 1
31.3664 1
31.3665 1
31.3665 1
31.3665 1
31.3665 1
31.3665 1
31.3667 1
31.3667 1
31.3667 1
31.3667 1
31.3667 1
31.3667 1
31.3667 1
31.3669 1
31.3669 1
31.3669 1
31.367 1
31.367 1
31.367 1
31.367 1
31.3672 1
31.3672 1
31.3672 1
31.3672 1
31.3672 1
31.3672 1
31.3672 1
31.3674 1
31.3674 1
31.3674 1
31.3674 1
31.3674 1
31.3675 1
31.3675 1
31.3676 1
31.3676 1
31.3677 1
31.3677 1
31.3677 1
31.3677 1
31.3677 1
31.3679 1
31.3679 1
31.3679 1
31.3679 1
31.3679 1
31.3679 1
31.3679 1
31.3681 1
31.3681 1
31.3681 1
31.3682 1
31.3682 1
31.3682 1
31.3682 1
31.3684 1
31.3684 1
31.3684 1
31.3684 1
31.3684 1
31.3684 1
31.3684 1
31.3686 1
31.3686 1
31.3686 1
31.3686 1
31.3686 1
31.3687 1
31.3687 1
31.3688 1
31.3689 1
31.3689 1
31.3689 1
31.3689 1
31.3689 1
31.3689 1
31.3691 1
31.3691 1
31.3691 1
31.3691 1
31.3691 1
31.3691 1
31.3692 1
31.3693 1
31.3693 1
31.3693 1
31.3694 1
31.3694 1
31.3694 1
31.3694 1
31.3696 1
31.3696 1
31.3696 1
31.3696 1
31.3696 1
31.3696 1
31.3696 1
31.3698 1
31.3698 1
31.3698 1
31.3698 1
31.3698 1
31.3699 1
31.3699 1
31.37 1
31.3701 1
31.3701 1
31.3701 1
31.3701 1
31.3701 1
31.3701 1
31.3703 1
31.3703 1
31.3703 1
31.3703 1
31.3703 1
31.3703 1
31.3704 1
31.3705 1
31.3705 1
31.3705 1
31.3706 1
31.3706 1
31.3706 1
31.3706 1
31.3708 1
31.3708 1
31.3708 1
31.3708 1
31.3708 1
31.3708 1
31.3708 1
31.371 1
31.371 1
31.371 1
31.371 1
31.371 1
31.3711 1
31.3711 1
31.3712 1
31.3713 1
31.3713 1
31.3713 1
31.3713 1
31.3713 1
31.3713 1
31.3715 1
31.3715 1
31.3715 1
31.3715 1
31.3715 1
31.3715 1
31.3716 1
31.3717 1
31.3717 1
31.3717 1
31.3718 1
31.3718 1
31.3718 1
31.3718 1
31.372 1
31.372 1
31.372 1
31.372 1
31.372 1
31.372 1
31.372 1
31.3722 1
31.3722 1
31.3722 1
31.3722 1
31.3723 1
31.3723 1
31.3723 1
31.3724 1
31.3725 1
31.3725 1
31.3725 1
31.3725 1
31.3725 1
31.3725 1
31.3727 1
31.3727 1
31.3727 1
31.3727 1
31.3727 1
31.3727 1
31.3728 1
31.3729 1
31.3729 1
31.3729 1
31.373 1
31.373 1
31.373 1
31.373 1
31.3732 1
31.3732 1
31.3732 1
31.3732 1
31.3732 1
31.3732 1
31.3732 1
31.3734 1
31.3734 1
31.3734 1
31.3734 1
31.3735 1
31.3735 1
31.3735 1
31.3736 1
31.3737 1
31.3737 1
31.3737 1
31.3737 1
31.3737 1
31.3737 1
31.3739 1
31.3739 1
31.3739 1
31.3739 1
31.3739 1
31.3739 1
31.374 1
31.3741 1
31.3741 1
31.3741 1
31.3742 1
31.3742 1
31.3742 1
31.3742 1
31.3744 1
31.3744 1
31.3744 1
31.3744 1
31.3744 1
31.3744 1
31.3744 1
31.3746 1
31.3746 1
31.3746 1
31.3746 1
31.3747 1
31.3747 1
31.3747 1
31.3748 1
31.3749 1
31.3749 1
31.3749 1
31.3749 1
31.3749 1
31.3749 1
31.3751 1
31.3751 1
31.3751 1
31.3751 1
31.3751 1
31.3751 1
31.3752 1
31.3753 1
31.3753 1
31.3754 1
31.3754 1
31.3754 1
31.3754 1
31.3754 1
31.3756 1
31.3756 1
31.3756 1
31.3756 1
31.3756 1
31.3756 1
31.3756 1
31.3758 1
31.3758 1
31.3758 1
31.3758 1
31.3759 1
31.3759 1
31.3759 1
31.376 1
31.3761 1
31.3761 1
31.3761 1
31.3761 1
31.3761 1
31.3761 1
31.3763 1
31.3763 1
31.3763 1
31.3763 1
31.3763 1
31.3763 1
31.3764 1
31.3765 1
31.3765 1
31.3766 1
31.3766 1
31.3766 1
31.3766 1
31.3766 1
31.3768 1
31.3768 1
31.3768 1
31.3768 1
31.3768 1
31.3768 1
31.3768 1
31.377 1
31.377 1
31.377 1
31.377 1
31.3771 1
31.3771 1
31.3771 1
31.3772 1
31.3773 1
31.3773 1
31.3773 1
31.3773 1
31.3773 1
31.3773 1
31.3775 1
31.3775 1
31.3775 1
31.3775 1
31.3775 1
31.3775 1
31.3776 1
31.3777 1
31.3777 1
31.3778 1
31.3778 1
31.3778 1
31.3778 1
31.3778 1
31.378 1
31.378 1
31.378 1
31.378 1
31.378 1
31.378 1
31.378 1
31.3782 1
31.3782 1
31.3782 1
31.3782 1
31.3783 1
31.3783 1
31.3783 1
31.3785 1
31.3785 1
31.3785 1
31.3785 1
31.3785 1
31.3785 1
31.3785 1
31.3787 1
31.3787 1
31.3787 1
31.3787 1
31.3787 1
31.3788 1
31.3788 1
31.3789 1
31.3789 1
31.379 1
31.379 1
31.379 1
31.379 1
31.379 1
31.3792 1
31.3792 1
31.3792 1
31.3792 1
31.3792 1
31.3792 1
31.3792 1
31.3794 1
31.3794 1
31.3794 1
31.3794 1
31.3795 1
31.3795 1
31.3795 1
31.3797 1
31.3797 1
31.3797 1
31.3797 1
31.3797 1
31.3797 1
31.3797 1
31.3799 1
31.3799 1
31.3799 1
31.3799 1
31.3799 1
31.38 1
31.38 1
31.3801 1
31.3801 1
31.3802 1
31.3802 1
31.3802 1
31.3802 1
31.3802 1
31.3804 1
31.3804 1
31.3804 1
31.3804 1
31.3804 1
31.3804 1
31.3804 1
31.3806 1
31.3806 1
31.3806 1
31.3806 1
31.3807 1
31.3807 1
31.3807 1
31.3809 1
31.3809 1
31.3809 1
31.3809 1
31.3809 1
31.3809 1
31.3809 1
31.3811 1
31.3811 1
31.3811 1
31.3811 1
31.3811 1
31.3812 1
31.3812 1
31.3813 1
31.3813 1
31.3814 1
31.3814 1
31.3814 1
31.3814 1
31.3814 1
31.3816 1
31.3816 1
31.3816 1
31.3816 1
31.3816 1
31.3816 1
31.3816 1
31.3818 1
31.3818 1
31.3818 1
31.3819 1
31.3819 1
31.3819 1
31.3819 1
31.3821 1
31.3821 1
31.3821 1
31.3821 1
31.3821 1
31.3821 1
31.3821 1
31.3823 1
31.3823 1
31.3823 1
31.3823 1
31.3823 1
31.3824 1
31.3824 1
31.3825 1
31.3825 1
31.3826 1
31.3826 1
31.3826 1
31.3826 1
31.3826 1
31.3828 1
31.3828 1
31.3828 1
31.3828 1
31.3828 1
31.3828 1
31.3828 1
31.383 1
31.383 1
31.383 1
31.3831 1
31.3831 1
31.3831 1
31.3831 1
31.3833 1
31.3833 1
31.3833 1
31.3833 1
31.3833 1
31.3833 1
31.3833 1
31.3835 1
31.3835 1
31.3835 1
31.3835 1
31.3835 1
31.3836 1
31.3836 1
31.3837 1
31.3837 1
31.3838 1
31.3838 1
31.3838 1
31.3838 1
31.3838 1
31.384 1
31.384 1
31.384 1
31.384 1
31.384 1
31.384 1
31.3841 1
31.3842 1
31.3842 1
31.3842 1
31.3843 1
31.3843 1
31.3843 1
31.3843 1
31.3845 1
31.3845 1
31.3845 1
31.3845 1
31.3845 1
31.3845 1
31.3845 1
31.3847 1
31.3847 1
31.3847 1
31.3847 1
31.3847 1
31.3848 1
31.3848 1
31.3849 1
31.385 1
31.385 1
31.385 1
31.385 1
31.385 1
31.385 1
31.3852 1
31.3852 1
31.3852 1
31.3852 1
31.3852 1
31.3852 1
31.3853 1
31.3854 1
31.3854 1
31.3854 1
31.3855 1
31.3855 1
31.3855 1
31.3855 1
31.3857 1
31.3857 1
31.3857 1
31.3857 1
31.3857 1
31.3857 1
31.3857 1
31.3859 1
31.3859 1
31.3859 1
31.3859 1
31.3859 1
31.386 1
31.386 1
31.3861 1
31.3862 1
31.3862 1
31.3862 1
31.3862 1
31.3862 1
31.3862 1
31.3864 1
31.3864 1
31.3864 1
31.3864 1
31.3864 1
31.3864 1
31.3865 1
31.3866 1
31.3866 1
31.3866 1
31.3867 1
31.3867 1
31.3867 1
31.3867 1
31.3869 1
31.3869 1
31.3869 1
31.3869 1
31.3869 1
31.3869 1
31.3869 1
31.3871 1
31.3871 1
31.3871 1
31.3871 1
31.3872 1
31.3872 1
31.3872 1
31.3873 1
31.3874 1
31.3874 1
31.3874 1
31.3874 1
31.3874 1
31.3874 1
31.3876 1
31.3876 1
31.3876 1
31.3876 1
31.3876 1
31.3876 1
31.3877 1
31.3878 1
31.3878 1
31.3878 1
31.3879 1
31.3879 1
31.3879 1
31.3879 1
31.3881 1
31.3881 1
31.3881 1
31.3881 1
31.3881 1
31.3881 1
31.3881 1
31.3883 1
31.3883 1
31.3883 1
31.3883 1
31.3884 1
31.3884 1
31.3884 1
31.3885 1
31.3886 1
31.3886 1
31.3886 1
31.3886 1
31.3886 1
31.3886 1
31.3888 1
31.3888 1
31.3888 1
31.3888 1
31.3888 1
31.3888 1
31.3889 1
31.389 1
31.389 1
31.389 1
31.3891 1
31.3891 1
31.3891 1
31.3891 1
31.3893 1
31.3893 1
31.3893 1
31.3893 1
31.3893 1
31.3893 1
31.3893 1
31.3895 1
31.3895 1
31.3895 1
31.3895 1
31.3896 1
31.3896 1
31.3896 1
31.3897 1
31.3898 1
31.3898 1
31.3898 1
31.3898 1
31.3898 1
31.3898 1
31.39 1
31.39 1
31.39 1
31.39 1
31.39 1
31.39 1
31.3901 1
31.3902 1
31.3902 1
31.3903 1
31.3903 1
31.3903 1
31.3903 1
31.3903 1
31.3905 1
31.3905 1
31.3905 1
31.3905 1
31.3905 1
31.3905 1
31.3905 1
31.3907 1
31.3907 1
31.3907 1
31.3907 1
31.3908 1
31.3908 1
31.3908 1
31.3909 1
31.391 1
31.391 1
31.391 1
31.391 1
31.391 1
31.391 1
31.3912 1
31.3912 1
31.3912 1
31.3912 1
31.3912 1
31.3912 1
31.3913 1
31.3914 1
31.3914 1
31.3915 1
31.3915 1
31.3915 1
31.3915 1
31.3915 1
31.3917 1
31.3917 1
31.3917 1
31.3917 1
31.3917 1
31.3917 1
31.3917 1
31.3919 1
31.3919 1
31.3919 1
31.3919 1
31.392 1
31.392 1
31.392 1
31.3921 1
31.3922 1
31.3922 1
31.3922 1
31.3922 1
31.3922 1
31.3922 1
31.3924 1
31.3924 1
31.3924 1
31.3924 1
31.3924 1
31.3924 1
31.3925 1
31.3926 1
31.3926 1
31.3927 1
31.3927 1
31.3927 1
31.3927 1
31.3927 1
31.3929 1
31.3929 1
31.3929 1
31.3929 1
31.3929 1
31.3929 1
31.3929 1
31.3931 1
31.3931 1
31.3931 1
31.3931 1
31.3932 1
31.3932 1
31.3932 1
31.3934 1
31.3934 1
31.3934 1
31.3934 1
31.3934 1
31.3934 1
31.3934 1
31.3936 1
31.3936 1
31.3936 1
31.3936 1
31.3936 1
31.3937 1
31.3937 1
31.3938 1
31.3938 1
31.3939 1
31.3939 1
31.3939 1
31.3939 1
31.3939 1
31.3941 1
31.3941 1
31.3941 1
31.3941 1
31.3941 1
31.3941 1
31.3941 1
31.3943 1
31.3943 1
31.3943 1
31.3943 1
31.3944 1
31.3944 1
31.3944 1
31.3948 1
31.3948 1
31.3948 1
31.3948 1
31.3949 1
31.3949 1
31.3963 1
31.3963 1
31.3977 1
31.3977 1
31.3992 1
31.3992 1
31.4006 1
31.4006 1
31.4021 1
31.4021 1
31.4035 1
31.4035 1
31.4049 1
31.405 1
31.4064 1
31.4064 1
31.4078 1
31.4078 1
31.4093 1
31.4093 1
31.4107 1
31.4107 1
31.4122 1
31.4122 1
31.4136 1
31.4136 1
31.415 1
31.4151 1
31.4165 1
31.4165 1
31.4179 1
31.4179 1
31.4194 1
31.4194 1
31.4208 1
31.4208 1
31.4222 1
31.4223 1
31.4237 1
31.4237 1
31.4251 1
31.4251 1
31.4266 1
31.4266 1
31.428 1
31.428 1
31.4295 1
31.4295 1
31.4309 1
31.4309 1
31.4323 1
31.4324 1
31.4338 1
31.4338 1
31.4352 1
31.4352 1
31.4367 1
31.4367 1
31.4381 1
31.4381 1
31.4396 1
31.4396 1
31.441 1
31.441 1
31.4424 1
31.4424 1
31.4439 1
31.4439 1
31.4453 1
31.4453 1
31.4468 1
31.4468 1
31.4482 1
31.4482 1
31.4496 1
31.4497 1
31.4511 1
31.4511 1
31.4525 1
31.4525 1
31.454 1
31.454 1
31.4554 1
31.4554 1
31.4569 1
31.4569 1
31.4583 1
31.4583 1
31.4597 1
31.4598 1
31.4612 1
31.4612 1
31.4626 1
31.4626 1
31.4641 1
31.4641 1
31.4655 1
31.4655 1
31.4669 1
31.467 1
31.4684 1
31.4684 1
31.4698 1
31.4698 1
31.4713 1
31.4713 1
31.4727 1
31.4727 1
31.4742 1
31.4742 1
31.4756 1
31.4756 1
31.477 1
31.4771 1
31.4785 1
31.4785 1
31.4799 1
31.4799 1
31.4814 1
31.4814 1
31.4828 1
31.4828 1
31.4843 1
31.4843 1
31.4857 1
31.4857 1
31.4871 1
31.4871 1
31.4886 1
31.4886 1
31.49 1
31.49 1
31.4915 1
31.4915 1
31.4929 1
31.4929 1
31.4943 1
31.4944 1
32.5071 1
32.5071 1
32.5071 1
32.5072 1
32.5072 1
32.5072 1
32.5072 1
32.5072 1
32.5072 1
32.5072 1
32.5073 1
32.5073 1
32.5073 1
32.5073 1
32.5073 1
32.5073 1
32.5073 1
32.5073 1
32.5074 1
32.5074 1
32.5074 1
32.5074 1
32.5074 1
32.5074 1
32.5074 1
32.5074 1
32.5075 1
32.5075 1
32.5075 1
32.5075 1
32.5075 1
32.5075 1
32.5075 1
32.5075 1
32.5076 1
32.5076 1
32.5076 1
32.5076 1
32.5076 1
32.5076 1
32.5076 1
32.5076 1
32.5077 1
32.5077 1
32.5077 1
32.5077 1
32.5077 1
32.5077 1
32.5077 1
32.5077 1
32.5078 1
32.5078 1
32.5078 1
32.5078 1
32.5078 1
32.5078 1
32.5078 1
32.5078 1
32.5079 1
32.5079 1
32.5079 1
32.5079 1
32.5079 1
32.5079 1
32.5079 1
32.508 1
32.508 1
32.508 1
32.508 1
32.508 1
32.508 1
32.508 1
32.508 1
32.508 1
32.5081 1
32.5081 1
32.5081 1
32.5081 1
32.5081 1
32.5081 1
32.5081 1
32.5082 1
32.5082 1
32.5082 1
32.5082 1
32.5082 1
32.5082 1
32.5082 1
32.5082 1
32.5083 1
32.5083 1
32.5083 1
32.5083 1
32.5083 1
32.5083 1
32.5083 1
32.5083 1
32.5083 1
32.5084 1
32.5084 1
32.5084 1
32.5084 1
32.5084 1
32.5084 1
32.5084 1
32.5085 1
32.5085 1
32.5085 1
32.5085 1
32.5085 1
32.5085 1
32.5085 1
32.5085 1
32.5086 1
32.5086 1
32.5086 1
32.5086 1
32.5086 1
32.5086 1
32.5086 1
32.5086 1
32.5087 1
32.5087 1
32.5087 1
32.5087 1
32.5087 1
32.5087 1
32.5087 1
32.5087 1
32.5088 1
32.5088 1
32.5088 1
32.5088 1
32.5088 1
32.5088 1
32.5088 1
32.5088 1
32.5089 1
32.5089 1
32.5089 1
32.5089 1
32.5089 1
32.5089 1
32.5089 1
32.5089 1
32.509 1
32.509 1
32.509 1
32.509 1
32.509 1
32.509 1
32.509 1
32.509 1
32.5091 1
32.5091 1
32.5091 1
32.5091 1
32.5091 1
32.5091 1
32.5091 1
32.5092 1
32.5092 1
32.5092 1
32.5092 1
32.5092 1
32.5092 1
32.5092 1
32.5092 1
32.5092 1
32.5093 1
32.5093 1
32.5093 1
32.5093 1
32.5093 1
32.5093 1
32.5093 1
32.5094 1
32.5094 1
32.5094 1
32.5094 1
32.5094 1
32.5094 1
32.5094 1
32.5094 1
32.5095 1
32.5095 1
32.5095 1
32.5095 1
32.5095 1
32.5095 1
32.5095 1
32.5095 1
32.5095 1
32.5096 1
32.5096 1
32.5096 1
32.5096 1
32.5096 1
32.5096 1
32.5096 1
32.5097 1
32.5097 1
32.5097 1
32.5097 1
32.5097 1
32.5097 1
32.5097 1
32.5097 1
32.5098 1
32.5098 1
32.5098 1
32.5098 1
32.5098 1
32.5098 1
32.5098 1
32.5098 1
32.5099 1
32.5099 1
32.5099 1
32.5099 1
32.5099 1
32.5099 1
32.5099 1
32.5099 1
32.51 1
32.51 1
32.51 1
32.51 1
32.51 1
32.51 1
32.51 1
32.51 1
32.5101 1
32.5101 1
32.5101 1
32.5101 1
32.5101 1
32.5101 1
32.5101 1
32.5101 1
32.5102 1
32.5102 1
32.5102 1
32.5102 1
32.5102 1
32.5102 1
32.5102 1
32.5102 1
32.5103 1
32.5103 1
32.5103 1
32.5103 1
32.5103 1
32.5103 1
32.5103 1
32.5104 1
32.5104 1
32.5104 1
32.5104 1
32.5104 1
32.5104 1
32.5104 1
32.5104 1
32.5105 1
32.5105 1
32.5105 1
32.5105 1
32.5105 1
32.5105 1
32.5105 1
32.5105 1
32.5106 1
32.5106 1
32.5106 1
32.5106 1
32.5106 1
32.5106 1
32.5106 1
32.5106 1
32.5107 1
32.5107 1
32.5107 1
32.5107 1
32.5107 1
32.5107 1
32.5107 1
32.5107 1
32.5108 1
32.5108 1
32.5108 1
32.5108 1
32.5108 1
32.5108 1
32.5108 1
32.5108 1
32.5109 1
32.5109 1
32.5109 1
32.5109 1
32.5109 1
32.5109 1
32.5109 1
32.5109 1
32.511 1
32.511 1
32.511 1
32.511 1
32.511 1
32.511 1
32.511 1
32.5111 1
32.5111 1
32.5111 1
32.5111 1
32.5111 1
32.5111 1
32.5111 1
32.5111 1
32.5111 1
32.5112 1
32.5112 1
32.5112 1
32.5112 1
32.5112 1
32.5112 1
32.5112 1
32.5112 1
32.5113 1
32.5113 1
32.5113 1
32.5113 1
32.5113 1
32.5113 1
32.5113 1
32.5114 1
32.5114 1
32.5114 1
32.5114 1
32.5114 1
32.5114 1
32.5114 1
32.5114 1
32.5114 1
32.5115 1
32.5115 1
32.5115 1
32.5115 1
32.5115 1
32.5115 1
32.5115 1
32.5116 1
32.5116 1
32.5116 1
32.5116 1
32.5116 1
32.5116 1
32.5116 1
32.5116 1
32.5117 1
32.5117 1
32.5117 1
32.5117 1
32.5117 1
