31.3643 1
31.3667 1
31.3691 1
31.3715 1
31.3739 1
31.3763 1
31.3787 1
31.3811 1
31.3835 1
31.3859 1
31.3883 1
31.3907 1
31.3931 1
31.3955 1
31.398 1
31.4004 1
31.4028 1
31.4052 1
31.4076 1
31.41 1
31.4124 1
31.4148 1
31.4172 1
31.4196 1
31.422 1
31.4244 1
31.4268 1
31.4292 1
31.4316 1
31.434 1
31.4364 1
31.4388 1
31.4412 1
31.4436 1
31.446 1
31.4484 1
31.4508 1
31.4532 1
31.4556 1
31.458 1
31.4604 1
31.4628 1
31.4652 1
31.4676 1
31.47 1
31.4725 1
31.4749 1
31.4773 1
31.4797 1
31.4821 1
31.4845 1
31.4869 1
31.4893 1
31.4917 1
31.4941 1
31.4965 1
31.4989 1
31.5013 1
31.5037 1
31.5061 1
31.5085 1
31.5109 1
31.5133 1
31.5157 1
31.5181 1
31.5205 1
31.5229 1
31.5253 1
31.5277 1
31.5301 1
31.5325 1
31.5349 1
31.5373 1
31.5397 1
31.5421 1
31.5445 1
31.5469 1
31.5494 1
31.5518 1
31.5542 1
31.5566 1
31.559 1
31.5614 1
31.5638 1
31.5662 1
31.5686 1
31.571 1
31.5734 1
31.5758 1
31.5782 1
31.5806 1
31.583 1
31.5854 1
31.5878 1
31.5902 1
31.5926 1
31.595 1
31.5974 1
31.5998 1
31.6022 1
31.6046 1
31.607 1
31.6094 1
31.6118 1
31.6142 1
31.6166 1
31.619 1
31.6214 1
31.6239 1
31.6263 1
31.6287 1
31.6311 1
31.6335 1
31.6359 1
31.6383 1
31.6407 1
31.6431 1
31.6455 1
31.6479 1
31.6503 1
31.6527 1
31.6551 1
31.6575 1
31.6599 1
31.6623 1
31.6647 1
31.6671 1
31.6695 1
31.6719 1
31.6743 1
31.6767 1
31.6791 1
31.6815 1
31.6839 1
31.6863 1
31.6887 1
31.6911 1
31.6935 1
31.6959 1
31.6984 1
31.7008 1
31.7032 1
31.7056 1
31.708 1
31.7104 1
31.7128 1
31.7152 1
31.7176 1
31.72 1
31.7224 1
31.7248 1
31.7272 1
31.7296 1
31.732 1
31.7344 1
31.7368 1
31.7392 1
31.7416 1
31.744 1
31.7464 1
31.7488 1
31.7512 1
31.7536 1
31.756 1
31.7584 1
31.7608 1
31.7632 1
31.7656 1
31.768 1
31.7704 1
31.7729 1
31.7753 1
31.7777 1
31.7801 1
31.7825 1
31.7849 1
31.7873 1
31.7897 1
31.7921 1
31.7945 1
31.7969 1
31.7993 1
31.8017 1
31.8041 1
31.8065 1
31.8089 1
31.8113 1
31.8137 1
31.8161 1
31.8185 1
31.8209 1
31.8233 1
31.8257 1
31.8281 1
31.8305 1
31.8329 1
31.8353 1
31.8377 1
31.8401 1
31.8425 1
31.8449 1
31.8473 1
31.8498 1
31.8522 1
31.8546 1
31.857 1
31.8594 1
31.8618 1
31.8642 1
31.8666 1
31.869 1
31.8714 1
31.8738 1
31.8762 1
31.8786 1
31.881 1
31.8834 1
31.8858 1
31.8882 1
31.8906 1
31.893 1
31.8954 1
31.8978 1
31.9002 1
31.9026 1
31.905 1
31.9074 1
31.9098 1
31.9122 1
31.9146 1
31.917 1
31.9194 1
31.9218 1
31.9243 1
31.9267 1
31.9291 1
31.9315 1
31.9339 1
31.9363 1
31.9387 1
31.9411 1
31.9435 1
31.9459 1
31.9483 1
31.9507 1
31.9531 1
31.9555 1
31.9579 1
31.9603 1
31.9627 1
31.9651 1
31.9675 1
31.9699 1
31.9723 1
31.9747 1
31.9771 1
31.9795 1
31.9819 1
31.9843 1
31.9867 1
31.9891 1
31.9915 1
31.9939 1
31.9963 1
31.9988 1
32.0012 1
32.0036 1
32.006 1
32.0084 1
32.0108 1
32.0132 1
32.0156 1
32.018 1
32.0204 1
32.0228 1
32.0252 1
32.0276 1
32.03 1
32.0324 1
32.0348 1
32.0372 1
32.0396 1
32.042 1
32.0444 1
32.0468 1
32.0492 1
32.0516 1
32.054 1
32.0564 1
32.0588 1
32.0612 1
32.0636 1
32.066 1
32.0684 1
32.0708 1
32.0733 1
32.0757 1
32.0781 1
32.0805 1
32.0829 1
32.0853 1
32.0877 1
32.0901 1
32.0925 1
32.0949 1
32.0973 1
32.0997 1
32.1021 1
32.1045 1
32.1069 1
32.1093 1
32.1117 1
32.1141 1
32.1165 1
32.1189 1
32.1213 1
32.1237 1
32.1261 1
32.1285 1
32.1309 1
32.1333 1
32.1357 1
32.1381 1
32.1405 1
32.1429 1
32.1453 1
32.1477 1
32.1502 1
32.1526 1
32.155 1
32.1574 1
32.1598 1
32.1622 1
32.1646 1
32.167 1
32.1694 1
32.1718 1
32.1742 1
32.1766 1
32.179 1
32.1814 1
32.1838 1
32.1862 1
32.1886 1
32.191 1
32.1934 1
32.1958 1
32.1982 1
32.2006 1
32.203 1
32.2054 1
32.2078 1
32.2102 1
32.2126 1
32.215 1
32.2174 1
32.2198 1
32.2222 1
32.2247 1
32.2271 1
32.2295 1
32.2319 1
32.2343 1
32.2367 1
32.2391 1
32.2415 1
32.2439 1
32.2463 1
32.2487 1
32.2511 1
32.2535 1
32.2559 1
32.2583 1
32.2607 1
32.2631 1
32.2655 1
32.2679 1
32.2703 1
32.2727 1
32.2751 1
32.2775 1
32.2799 1
32.2823 1
32.2847 1
32.2871 1
32.2895 1
32.2919 1
32.2943 1
32.2967 1
32.2992 1
32.3016 1
32.304 1
32.3064 1
32.3088 1
32.3112 1
32.3136 1
32.316 1
32.3184 1
32.3208 1
32.3232 1
32.3256 1
32.328 1
32.3304 1
32.3328 1
32.3352 1
32.3376 1
32.34 1
32.3424 1
32.3448 1
32.3472 1
32.3496 1
32.352 1
32.3544 1
32.3568 1
32.3592 1
32.3616 1
32.364 1
32.3664 1
32.3688 1
32.3712 1
32.3737 1
32.3761 1
32.3785 1
32.3809 1
32.3833 1
32.3857 1
32.3881 1
32.3905 1
32.3929 1
32.3953 1
32.3977 1
32.4001 1
32.4025 1
32.4049 1
32.4073 1
32.4097 1
32.4121 1
32.4145 1
32.4169 1
32.4193 1
32.4217 1
32.4241 1
32.4265 1
32.4289 1
32.4313 1
32.4337 1
32.4361 1
32.4385 1
32.4409 1
32.4433 1
32.4457 1
32.4481 1
32.4506 1
32.453 1
32.4554 1
32.4578 1
32.4602 1
32.4626 1
32.465 1
32.4674 1
32.4698 1
32.4722 1
32.4746 1
32.477 1
32.4794 1
32.4818 1
32.4842 1
32.4866 1
32.489 1
32.4914 1
32.4938 1
32.4962 1
32.4986 1
32.501 1
32.5034 1
32.5058 1
32.5082 1
32.5106 1
32.513 1
32.5154 1
32.5178 1
32.5202 1
32.5226 1
32.5251 1
32.5275 1
32.5299 1
32.5323 1
32.5347 1
32.5371 1
32.5395 1
32.5419 1
32.5443 1
32.5467 1
32.5491 1
32.5515 1
32.5539 1
32.5563 1
32.5587 1
32.5611 1
32.5635 1
32.5659 1
32.5683 1
32.5707 1
32.5731 1
32.5755 1
32.5779 1
32.5803 1
32.5827 1
32.5851 1
32.5875 1
32.5899 1
32.5923 1
32.5947 1
32.5971 1
32.5996 1
32.602 1
32.6044 1
32.6068 1
32.6092 1
32.6116 1
32.614 1
32.6164 1
32.6188 1
32.6212 1
32.6236 1
32.626 1
32.6284 1
32.6308 1
32.6332 1
32.6356 1
32.638 1
32.6404 1
32.6428 1
32.6452 1
32.6476 1
32.65 1
32.6524 1
32.6548 1
32.6572 1
32.6596 1
32.662 1
32.6644 1
32.6668 1
32.6692 1
32.6716 1
32.6741 1
32.6765 1
32.6789 1
32.6813 1
32.6837 1
32.6861 1
32.6885 1
32.6909 1
32.6933 1
32.6957 1
32.6981 1
32.7005 1
32.7029 1
32.7053 1
32.7077 1
32.7101 1
32.7125 1
32.7149 1
32.7173 1
32.7197 1
32.7221 1
32.7245 1
32.7269 1
32.7293 1
32.7317 1
32.7341 1
32.7365 1
32.7389 1
32.7413 1
32.7437 1
32.7461 1
32.7485 1
32.751 1
32.7534 1
32.7558 1
32.7582 1
32.7606 1
32.763 1
32.7654 1
32.7678 1
32.7702 1
32.7726 1
32.775 1
32.7774 1
32.7798 1
32.7822 1
32.7846 1
32.787 1
32.7894 1
32.7918 1
32.7942 1
32.7966 1
32.799 1
32.8014 1
32.8038 1
32.8062 1
32.8086 1
32.811 1
32.8134 1
32.8158 1
32.8182 1
32.8206 1
32.823 1
32.8255 1
32.8279 1
32.8303 1
32.8327 1
32.8351 1
32.8375 1
32.8399 1
32.8423 1
32.8447 1
32.8471 1
32.8495 1
32.8519 1
32.8543 1
32.8567 1
32.8591 1
32.8615 1
32.8639 1
32.8663 1
32.8687 1
32.8711 1
32.8735 1
32.8759 1
32.8783 1
32.8807 1
32.8831 1
32.8855 1
32.8879 1
32.8903 1
32.8927 1
32.8951 1
32.8975 1
32.9 1
32.9024 1
32.9048 1
32.9072 1
32.9096 1
32.912 1
32.9144 1
32.9168 1
32.9192 1
32.9216 1
32.924 1
32.9264 1
32.9288 1
32.9312 1
32.9336 1
32.936 1
32.9384 1
32.9408 1
32.9432 1
32.9456 1
32.948 1
32.9504 1
32.9528 1
32.9552 1
32.9576 1
32.96 1
32.9624 1
32.9648 1
32.9672 1
32.9696 1
32.972 1
32.9745 1
32.9769 1
32.9793 1
32.9817 1
32.9841 1
32.9865 1
32.9889 1
32.9913 1
32.9937 1
32.9961 1
32.9985 1
33.0009 1
33.0033 1
33.0057 1
33.0081 1
33.0105 1
33.0129 1
33.0153 1
33.0177 1
33.0201 1
33.0225 1
33.0249 1
33.0273 1
33.0297 1
33.0321 1
33.0345 1
33.0369 1
33.0393 1
33.0417 1
33.0441 1
33.0465 1
33.0489 1
33.0514 1
33.0538 1
33.0562 1
33.0586 1
33.061 1
33.0634 1
33.0658 1
33.0682 1
33.0706 1
33.073 1
33.0754 1
33.0778 1
33.0802 1
33.0826 1
33.085 1
33.0874 1
33.0898 1
33.0922 1
33.0946 1
33.097 1
33.0994 1
33.1018 1
33.1042 1
33.1066 1
33.109 1
33.1114 1
33.1138 1
33.1162 1
33.1186 1
33.121 1
33.1234 1
33.1259 1
33.1283 1
33.1307 1
33.1331 1
33.1355 1
33.1379 1
33.1403 1
33.1427 1
33.1451 1
33.1475 1
33.1499 1
33.1523 1
33.1547 1
33.1571 1
33.1595 1
33.1619 1
33.1643 1
33.1667 1
33.1691 1
33.1715 1
33.1739 1
33.1763 1
33.1787 1
33.1811 1
33.1835 1
33.1859 1
33.1883 1
33.1907 1
33.1931 1
33.1955 1
33.1979 1
33.2004 1
33.2028 1
33.2052 1
33.2076 1
33.21 1
33.2124 1
33.2148 1
33.2172 1
33.2196 1
33.222 1
33.2244 1
33.2268 1
33.2292 1
33.2316 1
33.234 1
33.2364 1
33.2388 1
33.2412 1
33.2436 1
33.246 1
33.2484 1
33.2508 1
33.2532 1
33.2556 1
33.258 1
33.2604 1
33.2628 1
33.2652 1
33.2676 1
33.27 1
33.2724 1
33.2749 1
33.2773 1
33.2797 1
33.2821 1
33.2845 1
33.2869 1
33.2893 1
33.2917 1
33.2941 1
33.2965 1
33.2989 1
33.3013 1
33.3037 1
33.3061 1
33.3085 1
33.3109 1
33.3133 1
33.3157 1
33.3181 1
33.3205 1
33.3229 1
33.3253 1
33.3277 1
33.3301 1
33.3325 1
33.3349 1
33.3373 1
33.3397 1
33.3421 1
33.3445 1
33.3469 1
33.3493 1
33.3518 1
33.3542 1
33.3566 1
33.359 1
33.3614 1
33.3638 1
33.3662 1
33.3686 1
33.371 1
33.3734 1
33.3758 1
33.3782 1
33.3806 1
33.383 1
33.3854 1
33.3878 1
33.3902 1
33.3926 1
33.395 1
33.3974 1
33.3998 1
33.4022 1
33.4046 1
33.407 1
33.4094 1
33.4118 1
33.4142 1
33.4166 1
33.419 1
33.4214 1
33.4238 1
33.4263 1
33.4287 1
33.4311 1
33.4335 1
33.4359 1
33.4383 1
33.4407 1
33.4431 1
33.4455 1
33.4479 1
33.4503 1
33.4527 1
33.4551 1
33.4575 1
33.4599 1
33.4623 1
33.4647 1
33.4671 1
33.4695 1
33.4719 1
33.4743 1
33.4767 1
33.4791 1
33.4815 1
33.4839 1
33.4863 1
33.4887 1
33.4911 1
33.4935 1
33.4959 1
33.4983 1
33.5008 1
33.5032 1
33.5056 1
33.508 1
33.5104 1
33.5128 1
33.5152 1
33.5176 1
33.52 1
33.5224 1
33.5248 1
33.5272 1
33.5296 1
33.532 1
33.5344 1
33.5368 1
33.5392 1
33.5416 1
33.544 1
33.5464 1
33.5488 1
33.5512 1
33.5536 1
33.556 1
33.5584 1
33.5608 1
33.5632 1
33.5656 1
33.568 1
33.5704 1
33.5728 1
33.5753 1
33.5777 1
33.5801 1
33.5825 1
33.5849 1
33.5873 1
33.5897 1
33.5921 1
33.5945 1
33.5969 1
33.5993 1
33.6017 1
33.6041 1
33.6065 1
33.6089 1
33.6113 1
33.6137 1
33.6161 1
33.6185 1
33.6209 1
33.6233 1
33.6257 1
33.6281 1
33.6305 1
33.6329 1
33.6353 1
33.6377 1
33.6401 1
33.6425 1
33.6449 1
33.6473 1
33.6497 1
33.6522 1
33.6546 1
33.657 1
33.6594 1
33.6618 1
33.6642 1
33.6666 1
33.669 1
33.6714 1
33.6738 1
33.6762 1
33.6786 1
33.681 1
33.6834 1
33.6858 1
33.6882 1
33.6906 1
33.693 1
33.6954 1
33.6978 1
33.7002 1
33.7026 1
33.705 1
33.7074 1
33.7098 1
33.7122 1
33.7146 1
33.717 1
33.7194 1
33.7218 1
33.7242 1
33.7267 1
33.7291 1
33.7315 1
33.7339 1
33.7363 1
33.7387 1
33.7411 1
33.7435 1
33.7459 1
33.7483 1
33.7507 1
33.7531 1
33.7555 1
33.7579 1
33.7603 1
33.7627 1
33.7651 1
33.7675 1
33.7699 1
33.7723 1
33.7747 1
33.7771 1
33.7795 1
33.7819 1
33.7843 1
33.7867 1
33.7891 1
33.7915 1
33.7939 1
33.7963 1
33.7987 1
33.8012 1
33.8036 1
33.806 1
33.8084 1
33.8108 1
33.8132 1
33.8156 1
33.818 1
33.8204 1
33.8228 1
33.8252 1
33.8276 1
33.83 1
33.8324 1
33.8348 1
33.8372 1
33.8396 1
33.842 1
33.8444 1
33.8468 1
33.8492 1
33.8516 1
33.854 1
33.8564 1
33.8588 1
33.8612 1
33.8636 1
33.866 1
33.8684 1
33.8708 1
33.8732 1
33.8757 1
33.8781 1
33.8805 1
33.8829 1
33.8853 1
33.8877 1
33.8901 1
33.8925 1
33.8949 1
33.8973 1
33.8997 1
33.9021 1
33.9045 1
33.9069 1
33.9093 1
33.9117 1
33.9141 1
33.9165 1
33.9189 1
33.9213 1
33.9237 1
33.9261 1
33.9285 1
33.9309 1
33.9333 1
33.9357 1
33.9381 1
33.9405 1
33.9429 1
33.9453 1
33.9477 1
33.9501 1
33.9526 1
33.955 1
33.9574 1
33.9598 1
33.9622 1
33.9646 1
33.967 1
33.9694 1
33.9718 1
33.9742 1
33.9766 1
33.979 1
33.9814 1
33.9838 1
33.9862 1
33.9886 1
33.991 1
33.9934 1
33.9958 1
33.9982 1
34.0006 1
34.003 1
34.0054 1
34.0078 1
34.0102 1
34.0126 1
34.015 1
34.0174 1
34.0198 1
34.0222 1
34.0246 1
34.0271 1
34.0295 1
34.0319 1
34.0343 1
34.0367 1
34.0391 1
34.0415 1
34.0439 1
34.0463 1
34.0487 1
34.0511 1
34.0535 1
34.0559 1
34.0583 1
34.0607 1
34.0631 1
34.0655 1
34.0679 1
34.0703 1
34.0727 1
34.0751 1
34.0775 1
34.0799 1
34.0823 1
34.0847 1
34.0871 1
34.0895 1
34.0919 1
34.0943 1
34.0967 1
34.0991 1
34.1016 1
34.104 1
34.1064 1
34.1088 1
34.1112 1
34.1136 1
34.116 1
34.1184 1
34.1208 1
34.1232 1
34.1256 1
34.128 1
34.1304 1
34.1328 1
34.1352 1
34.1376 1
34.14 1
34.1424 1
34.1448 1
34.1472 1
34.1496 1
34.152 1
34.1544 1
34.1568 1
34.1592 1
34.1616 1
34.164 1
34.1664 1
34.1688 1
34.1712 1
34.1736 1
34.1761 1
34.1785 1
34.1809 1
34.1833 1
34.1857 1
34.1881 1
34.1905 1
34.1929 1
34.1953 1
34.1977 1
34.2001 1
34.2025 1
34.2049 1
34.2073 1
34.2097 1
34.2121 1
34.2145 1
34.2169 1
34.2193 1
34.2217 1
34.2241 1
34.2265 1
34.2289 1
34.2313 1
34.2337 1
34.2361 1
34.2385 1
34.2409 1
34.2433 1
34.2457 1
34.2481 1
34.2505 1
34.253 1
34.2554 1
34.2578 1
34.2602 1
34.2626 1
34.265 1
34.2674 1
34.2698 1
34.2722 1
34.2746 1
34.277 1
34.2794 1
34.2818 1
34.2842 1
34.2866 1
34.289 1
34.2914 1
34.2938 1
34.2962 1
34.2986 1
34.301 1
34.3034 1
34.3058 1
34.3082 1
34.3106 1
34.313 1
34.3154 1
34.3178 1
34.3202 1
34.3226 1
34.325 1
34.3275 1
34.3299 1
34.3323 1
34.3347 1
34.3371 1
34.3395 1
34.3419 1
34.3443 1
34.3467 1
34.3491 1
34.3515 1
34.3539 1
34.3563 1
34.3587 1
34.3611 1
34.3635 1
34.3659 1
34.3683 1
34.3707 1
34.3731 1
34.3755 1
34.3779 1
34.3803 1
34.3827 1
34.3851 1
34.3875 1
34.3899 1
34.3923 1
34.3947 1
34.3971 1
34.3995 1
34.402 1
34.4044 1
34.4068 1
34.4092 1
34.4116 1
34.414 1
34.4164 1
34.4188 1
34.4212 1
34.4236 1
34.426 1
34.4284 1
34.4308 1
34.4332 1
34.4356 1
34.438 1
34.4404 1
34.4428 1
34.4452 1
34.4476 1
34.45 1
34.4524 1
34.4548 1
34.4572 1
34.4596 1
34.462 1
34.4644 1
34.4668 1
34.4692 1
34.4716 1
34.474 1
34.4765 1
34.4789 1
34.4813 1
34.4837 1
34.4861 1
34.4885 1
34.4909 1
34.4933 1
34.4957 1
34.4981 1
34.5005 1
34.5029 1
34.5053 1
34.5077 1
34.5101 1
34.5125 1
34.5149 1
34.5173 1
34.5197 1
34.5221 1
34.5245 1
34.5269 1
34.5293 1
34.5317 1
34.5341 1
34.5365 1
34.5389 1
34.5413 1
34.5437 1
34.5461 1
34.5485 1
34.5509 1
34.5534 1
34.5558 1
34.5582 1
34.5606 1
34.563 1
34.5654 1
34.5678 1
34.5702 1
34.5726 1
34.575 1
34.5774 1
34.5798 1
34.5822 1
34.5846 1
34.587 1
34.5894 1
34.5918 1
34.5942 1
34.5966 1
34.599 1
34.6014 1
34.6038 1
34.6062 1
34.6086 1
34.611 1
34.6134 1
34.6158 1
34.6182 1
34.6206 1
34.623 1
34.6254 1
34.6279 1
34.6303 1
34.6327 1
34.6351 1
34.6375 1
34.6399 1
34.6423 1
34.6447 1
34.6471 1
34.6495 1
34.6519 1
34.6543 1
34.6567 1
34.6591 1
34.6615 1
34.6639 1
34.6663 1
34.6687 1
34.6711 1
34.6735 1
34.6759 1
34.6783 1
34.6807 1
34.6831 1
34.6855 1
34.6879 1
34.6903 1
34.6927 1
34.6951 1
34.6975 1
34.6999 1
34.7024 1
34.7048 1
34.7072 1
34.7096 1
34.712 1
34.7144 1
34.7168 1
34.7192 1
34.7216 1
34.724 1
34.7264 1
34.7288 1
34.7312 1
34.7336 1
34.736 1
34.7384 1
34.7408 1
34.7432 1
34.7456 1
34.748 1
34.7504 1
34.7528 1
34.7552 1
34.7576 1
34.76 1
34.7624 1
34.7648 1
34.7672 1
34.7696 1
34.772 1
34.7744 1
34.7769 1
34.7793 1
34.7817 1
34.7841 1
34.7865 1
34.7889 1
34.7913 1
34.7937 1
34.7961 1
34.7985 1
34.8009 1
34.8033 1
34.8057 1
34.8081 1
34.8105 1
34.8129 1
34.8153 1
34.8177 1
34.8201 1
34.8225 1
34.8249 1
34.8273 1
34.8297 1
34.8321 1
34.8345 1
34.8369 1
34.8393 1
34.8417 1
34.8441 1
34.8465 1
34.8489 1
34.8513 1
34.8538 1
34.8562 1
34.8586 1
34.861 1
34.8634 1
34.8658 1
34.8682 1
34.8706 1
34.873 1
34.8754 1
34.8778 1
34.8802 1
34.8826 1
34.885 1
34.8874 1
34.8898 1
34.8922 1
34.8946 1
34.897 1
34.8994 1
34.9018 1
34.9042 1
34.9066 1
34.909 1
34.9114 1
34.9138 1
34.9162 1
34.9186 1
34.921 1
34.9234 1
34.9258 1
34.9283 1
34.9307 1
34.9331 1
34.9355 1
34.9379 1
34.9403 1
34.9427 1
34.9451 1
34.9475 1
34.9499 1
34.9523 1
34.9547 1
34.9571 1
34.9595 1
34.9619 1
34.9643 1
34.9667 1
34.9691 1
34.9715 1
34.9739 1
34.9763 1
34.9787 1
34.9811 1
34.9835 1
34.9859 1
34.9883 1
34.9907 1
34.9931 1
34.9955 1
34.9979 1
35.0003 1
35.0028 1
35.0052 1
35.0076 1
35.01 1
35.0124 1
35.0148 1
35.0172 1
35.0196 1
35.022 1
35.0244 1
35.0268 1
35.0292 1
35.0316 1
35.034 1
35.0364 1
35.0388 1
35.0412 1
35.0436 1
35.046 1
35.0484 1
35.0508 1
35.0532 1
35.0556 1
35.058 1
35.0604 1
35.0628 1
35.0652 1
35.0676 1
35.07 1
35.0724 1
35.0748 1
35.0773 1
35.0797 1
35.0821 1
35.0845 1
35.0869 1
35.0893 1
35.0917 1
35.0941 1
35.0965 1
35.0989 1
35.1013 1
35.1037 1
35.1061 1
35.1085 1
35.1109 1
35.1133 1
35.1157 1
35.1181 1
35.1205 1
35.1229 1
35.1253 1
35.1277 1
35.1301 1
35.1325 1
35.1349 1
35.1373 1
35.1397 1
35.1421 1
35.1445 1
35.1469 1
35.1493 1
35.1517 1
35.1542 1
35.1566 1
35.159 1
35.1614 1
35.1638 1
35.1662 1
35.1686 1
35.171 1
35.1734 1
35.1758 1
35.1782 1
35.1806 1
35.183 1
35.1854 1
35.1878 1
35.1902 1
35.1926 1
35.195 1
35.1974 1
35.1998 1
35.2022 1
35.2046 1
35.207 1
35.2094 1
35.2118 1
35.2142 1
35.2166 1
35.219 1
35.2214 1
35.2238 1
35.2262 1
35.2287 1
35.2311 1
35.2335 1
35.2359 1
35.2383 1
35.2407 1
35.2431 1
35.2455 1
35.2479 1
35.2503 1
35.2527 1
35.2551 1
35.2575 1
35.2599 1
35.2623 1
35.2647 1
35.2671 1
35.2695 1
35.2719 1
35.2743 1
35.2767 1
35.2791 1
35.2815 1
35.2839 1
35.2863 1
35.2887 1
35.2911 1
35.2935 1
35.2959 1
35.2983 1
35.3007 1
35.3032 1
35.3056 1
35.308 1
35.3104 1
35.3128 1
35.3152 1
35.3176 1
35.32 1
35.3224 1
35.3248 1
35.3272 1
35.3296 1
35.332 1
35.3344 1
35.3368 1
35.3392 1
35.3416 1
35.344 1
35.3464 1
35.3488 1
35.3512 1
35.3536 1
35.356 1
35.3584 1
35.3608 1
35.3632 1
35.3656 1
35.368 1
35.3704 1
35.3728 1
35.3752 1
35.3777 1
35.3801 1
35.3825 1
35.3849 1
35.3873 1
35.3897 1
35.3921 1
35.3945 1
35.3969 1
35.3993 1
35.4017 1
35.4041 1
35.4065 1
35.4089 1
35.4113 1
35.4137 1
35.4161 1
35.4185 1
35.4209 1
35.4233 1
35.4257 1
35.4281 1
35.4305 1
35.4329 1
35.4353 1
35.4377 1
35.4401 1
35.4425 1
35.4449 1
35.4473 1
35.4497 1
35.4521 1
35.4546 1
35.457 1
35.4594 1
35.4618 1
35.4642 1
35.4666 1
35.469 1
35.4714 1
35.4738 1
35.4762 1
35.4786 1
35.481 1
35.4834 1
35.4858 1
35.4882 1
35.4906 1
35.493 1
35.4954 1
35.4978 1
35.5002 1
35.5026 1
35.505 1
35.5074 1
35.5098 1
35.5122 1
35.5146 1
35.517 1
35.5194 1
35.5218 1
35.5242 1
35.5266 1
35.5291 1
35.5315 1
35.5339 1
35.5363 1
35.5387 1
35.5411 1
35.5435 1
35.5459 1
35.5483 1
35.5507 1
35.5531 1
35.5555 1
35.5579 1
35.5603 1
35.5627 1
35.5651 1
35.5675 1
35.5699 1
35.5723 1
35.5747 1
35.5771 1
35.5795 1
35.5819 1
35.5843 1
35.5867 1
35.5891 1
35.5915 1
35.5939 1
35.5963 1
35.5987 1
35.6011 1
35.6036 1
35.606 1
35.6084 1
35.6108 1
35.6132 1
35.6156 1
35.618 1
35.6204 1
35.6228 1
35.6252 1
35.6276 1
35.63 1
35.6324 1
35.6348 1
35.6372 1
35.6396 1
35.642 1
35.6444 1
35.6468 1
35.6492 1
35.6516 1
35.654 1
35.6564 1
35.6588 1
35.6612 1
35.6636 1
35.666 1
35.6684 1
35.6708 1
35.6732 1
35.6756 1
35.6781 1
35.6805 1
35.6829 1
35.6853 1
35.6877 1
35.6901 1
35.6925 1
35.6949 1
35.6973 1
35.6997 1
35.7021 1
35.7045 1
35.7069 1
35.7093 1
35.7117 1
35.7141 1
35.7165 1
35.7189 1
35.7213 1
35.7237 1
35.7261 1
35.7285 1
35.7309 1
35.7333 1
35.7357 1
35.7381 1
35.7405 1
35.7429 1
35.7453 1
35.7477 1
35.7501 1
35.7525 1
35.755 1
35.7574 1
35.7598 1
35.7622 1
35.7646 1
35.767 1
35.7694 1
35.7718 1
35.7742 1
35.7766 1
35.779 1
35.7814 1
35.7838 1
35.7862 1
35.7886 1
35.791 1
35.7934 1
35.7958 1
35.7982 1
35.8006 1
35.803 1
35.8054 1
35.8078 1
35.8102 1
35.8126 1
35.815 1
35.8174 1
35.8198 1
35.8222 1
35.8246 1
35.827 1
35.8295 1
35.8319 1
35.8343 1
35.8367 1
35.8391 1
35.8415 1
35.8439 1
35.8463 1
35.8487 1
35.8511 1
35.8535 1
35.8559 1
35.8583 1
35.8607 1
35.8631 1
35.8655 1
35.8679 1
35.8703 1
35.8727 1
35.8751 1
35.8775 1
35.8799 1
35.8823 1
35.8847 1
35.8871 1
35.8895 1
35.8919 1
35.8943 1
35.8967 1
35.8991 1
35.9015 1
35.904 1
35.9064 1
35.9088 1
35.9112 1
35.9136 1
35.916 1
35.9184 1
35.9208 1
35.9232 1
35.9256 1
35.928 1
35.9304 1
35.9328 1
35.9352 1
35.9376 1
35.94 1
35.9424 1
35.9448 1
35.9472 1
35.9496 1
35.952 1
35.9544 1
35.9568 1
35.9592 1
35.9616 1
35.964 1
35.9664 1
35.9688 1
35.9712 1
35.9736 1
35.976 1
35.9785 1
35.9809 1
35.9833 1
35.9857 1
35.9881 1
35.9905 1
35.9929 1
35.9953 1
35.9977 1
36.0001 1
36.0025 1
36.0049 1
36.0073 1
36.0097 1
36.0121 1
36.0145 1
36.0169 1
36.0193 1
36.0217 1
36.0241 1
36.0265 1
36.0289 1
36.0313 1
36.0337 1
36.0361 1
36.0385 1
36.0409 1
36.0433 1
36.0457 1
36.0481 1
36.0505 1
36.0529 1
36.0554 1
36.0578 1
36.0602 1
36.0626 1
36.065 1
36.0674 1
36.0698 1
36.0722 1
36.0746 1
36.077 1
36.0794 1
36.0818 1
36.0842 1
36.0866 1
36.089 1
36.0914 1
36.0938 1
36.0962 1
36.0986 1
36.101 1
36.1034 1
36.1058 1
36.1082 1
36.1106 1
36.113 1
36.1154 1
36.1178 1
36.1202 1
36.1226 1
36.125 1
36.1274 1
36.1299 1
36.1323 1
36.1347 1
36.1371 1
36.1395 1
36.1419 1
36.1443 1
36.1467 1
36.1491 1
36.1515 1
36.1539 1
36.1563 1
36.1587 1
36.1611 1
36.1635 1
36.1659 1
36.1683 1
36.1707 1
36.1731 1
36.1755 1
36.1779 1
36.1803 1
36.1827 1
36.1851 1
36.1875 1
36.1899 1
36.1923 1
36.1947 1
36.1971 1
36.1995 1
36.2019 1
36.2044 1
36.2068 1
36.2092 1
36.2116 1
36.214 1
36.2164 1
36.2188 1
36.2212 1
36.2236 1
36.226 1
36.2284 1
36.2308 1
36.2332 1
36.2356 1
36.238 1
36.2404 1
36.2428 1
36.2452 1
36.2476 1
36.25 1
36.2524 1
36.2548 1
36.2572 1
36.2596 1
36.262 1
36.2644 1
36.2668 1
36.2692 1
36.2716 1
36.274 1
36.2764 1
36.2789 1
36.2813 1
36.2837 1
36.2861 1
36.2885 1
36.2909 1
36.2933 1
36.2957 1
36.2981 1
36.3005 1
36.3029 1
36.3053 1
36.3077 1
36.3101 1
36.3125 1
36.3149 1
36.3173 1
36.3197 1
36.3221 1
36.3245 1
36.3269 1
36.3293 1
36.3317 1
36.3341 1
36.3365 1
36.3389 1
36.3413 1
36.3437 1
36.3461 1
36.3485 1
36.3509 1
36.3533 1
36.3558 1
36.3582 1
36.3606 1
36.363 1
36.3654 1
36.3678 1
36.3702 1
36.3726 1
36.375 1
36.3774 1
36.3798 1
36.3822 1
36.3846 1
36.387 1
36.3894 1
36.3918 1
36.3942 1
36.3966 1
36.399 1
36.4014 1
36.4038 1
36.4062 1
36.4086 1
36.411 1
36.4134 1
36.4158 1
36.4182 1
36.4206 1
36.423 1
36.4254 1
36.4278 1
36.4303 1
36.4327 1
36.4351 1
36.4375 1
36.4399 1
36.4423 1
36.4447 1
36.4471 1
36.4495 1
36.4519 1
36.4543 1
36.4567 1
36.4591 1
36.4615 1
36.4639 1
36.4663 1
36.4687 1
36.4711 1
36.4735 1
36.4759 1
36.4783 1
36.4807 1
36.4831 1
36.4855 1
36.4879 1
36.4903 1
36.4927 1
36.4951 1
36.4975 1
36.4999 1
36.5023 1
36.5048 1
36.5072 1
36.5096 1
36.512 1
36.5144 1
36.5168 1
36.5192 1
36.5216 1
36.524 1
36.5264 1
36.5288 1
36.5312 1
36.5336 1
36.536 1
36.5384 1
36.5408 1
36.5432 1
36.5456 1
36.548 1
36.5504 1
36.5528 1
36.5552 1
36.5576 1
36.56 1
36.5624 1
36.5648 1
36.5672 1
36.5696 1
36.572 1
36.5744 1
36.5768 1
36.5793 1
36.5817 1
36.5841 1
36.5865 1
36.5889 1
36.5913 1
36.5937 1
36.5961 1
36.5985 1
36.6009 1
36.6033 1
36.6057 1
36.6081 1
36.6105 1
36.6129 1
36.6153 1
36.6177 1
36.6201 1
36.6225 1
36.6249 1
36.6273 1
36.6297 1
36.6321 1
36.6345 1
36.6369 1
36.6393 1
36.6417 1
36.6441 1
36.6465 1
36.6489 1
36.6513 1
36.6537 1
36.6562 1
36.6586 1
36.661 1
36.6634 1
36.6658 1
36.6682 1
36.6706 1
36.673 1
36.6754 1
36.6778 1
36.6802 1
36.6826 1
36.685 1
36.6874 1
36.6898 1
36.6922 1
36.6946 1
36.697 1
36.6994 1
36.7018 1
36.7042 1
36.7066 1
36.709 1
36.7114 1
36.7138 1
36.7162 1
36.7186 1
36.721 1
36.7234 1
36.7258 1
36.7282 1
36.7307 1
36.7331 1
36.7355 1
36.7379 1
36.7403 1
36.7427 1
36.7451 1
36.7475 1
36.7499 1
36.7523 1
36.7547 1
36.7571 1
36.7595 1
36.7619 1
36.7643 1
36.7667 1
36.7691 1
36.7715 1
36.7739 1
36.7763 1
36.7787 1
36.7811 1
36.7835 1
36.7859 1
36.7883 1
36.7907 1
36.7931 1
36.7955 1
36.7979 1
36.8003 1
36.8027 1
36.8052 1
36.8076 1
36.81 1
36.8124 1
36.8148 1
36.8172 1
36.8196 1
36.822 1
36.8244 1
36.8268 1
36.8292 1
36.8316 1
36.834 1
36.8364 1
36.8388 1
36.8412 1
36.8436 1
36.846 1
36.8484 1
36.8508 1
36.8532 1
36.8556 1
36.858 1
36.8604 1
36.8628 1
36.8652 1
36.8676 1
36.87 1
36.8724 1
36.8748 1
36.8772 1
36.8797 1
36.8821 1
36.8845 1
36.8869 1
36.8893 1
36.8917 1
36.8941 1
36.8965 1
36.8989 1
36.9013 1
36.9037 1
36.9061 1
36.9085 1
36.9109 1
36.9133 1
36.9157 1
36.9181 1
36.9205 1
36.9229 1
36.9253 1
36.9277 1
36.9301 1
36.9325 1
36.9349 1
36.9373 1
36.9397 1
36.9421 1
36.9445 1
36.9469 1
36.9493 1
36.9517 1
36.9541 1
36.9566 1
36.959 1
36.9614 1
36.9638 1
36.9662 1
36.9686 1
36.971 1
36.9734 1
36.9758 1
36.9782 1
36.9806 1
36.983 1
36.9854 1
36.9878 1
36.9902 1
36.9926 1
36.995 1
36.9974 1
36.9998 1
37.0022 1
37.0046 1
37.007 1
37.0094 1
37.0118 1
37.0142 1
37.0166 1
37.019 1
37.0214 1
37.0238 1
37.0262 1
37.0286 1
37.0311 1
37.0335 1
37.0359 1
37.0383 1
37.0407 1
37.0431 1
37.0455 1
37.0479 1
37.0503 1
37.0527 1
37.0551 1
37.0575 1
37.0599 1
37.0623 1
37.0647 1
37.0671 1
37.0695 1
37.0719 1
37.0743 1
37.0767 1
37.0791 1
37.0815 1
37.0839 1
37.0863 1
37.0887 1
37.0911 1
37.0935 1
37.0959 1
37.0983 1
37.1007 1
37.1031 1
37.1056 1
37.108 1
37.1104 1
37.1128 1
37.1152 1
37.1176 1
37.12 1
37.1224 1
37.1248 1
37.1272 1
37.1296 1
37.132 1
37.1344 1
37.1368 1
37.1392 1
37.1416 1
37.144 1
37.1464 1
37.1488 1
37.1512 1
37.1536 1
37.156 1
37.1584 1
37.1608 1
37.1632 1
37.1656 1
37.168 1
37.1704 1
37.1728 1
37.1752 1
37.1776 1
37.1801 1
37.1825 1
37.1849 1
37.1873 1
37.1897 1
37.1921 1
37.1945 1
37.1969 1
37.1993 1
37.2017 1
37.2041 1
37.2065 1
37.2089 1
37.2113 1
37.2137 1
37.2161 1
37.2185 1
37.2209 1
37.2233 1
37.2257 1
37.2281 1
37.2305 1
37.2329 1
37.2353 1
37.2377 1
37.2401 1
37.2425 1
37.2449 1
37.2473 1
37.2497 1
37.2521 1
37.2545 1
37.257 1
37.2594 1
37.2618 1
37.2642 1
37.2666 1
37.269 1
37.2714 1
37.2738 1
37.2762 1
37.2786 1
37.281 1
37.2834 1
37.2858 1
37.2882 1
37.2906 1
37.293 1
37.2954 1
37.2978 1
37.3002 1
37.3026 1
37.305 1
37.3074 1
37.3098 1
37.3122 1
37.3146 1
37.317 1
37.3194 1
37.3218 1
37.3242 1
37.3266 1
37.329 1
37.3315 1
37.3339 1
37.3363 1
37.3387 1
37.3411 1
37.3435 1
37.3459 1
37.3483 1
37.3507 1
37.3531 1
37.3555 1
37.3579 1
37.3603 1
37.3627 1
37.3651 1
37.3675 1
37.3699 1
37.3723 1
37.3747 1
37.3771 1
37.3795 1
37.3819 1
37.3843 1
37.3867 1
37.3891 1
37.3915 1
37.3939 1
37.3963 1
37.3987 1
37.4011 1
37.4035 1
37.406 1
37.4084 1
37.4108 1
37.4132 1
37.4156 1
37.418 1
37.4204 1
37.4228 1
37.4252 1
37.4276 1
37.43 1
37.4324 1
37.4348 1
37.4372 1
37.4396 1
37.442 1
37.4444 1
37.4468 1
37.4492 1
37.4516 1
37.454 1
37.4564 1
37.4588 1
37.4612 1
37.4636 1
37.466 1
37.4684 1
37.4708 1
37.4732 1
37.4756 1
37.478 1
37.4805 1
37.4829 1
37.4853 1
37.4877 1
37.4901 1
37.4925 1
37.4949 1
37.4973 1
37.4997 1
37.5021 1
37.5045 1
37.5069 1
37.5093 1
37.5117 1
37.5141 1
37.5165 1
37.5189 1
37.5213 1
37.5237 1
37.5261 1
37.5285 1
37.5309 1
37.5333 1
37.5357 1
37.5381 1
37.5405 1
37.5429 1
37.5453 1
37.5477 1
37.5501 1
37.5525 1
37.5549 1
37.5574 1
37.5598 1
37.5622 1
37.5646 1
37.567 1
37.5694 1
37.5718 1
37.5742 1
37.5766 1
37.579 1
37.5814 1
37.5838 1
37.5862 1
37.5886 1
37.591 1
37.5934 1
37.5958 1
37.5982 1
37.6006 1
37.603 1
37.6054 1
37.6078 1
37.6102 1
37.6126 1
37.615 1
37.6174 1
37.6198 1
37.6222 1
37.6246 1
37.627 1
37.6294 1
37.6319 1
37.6343 1
37.6367 1
37.6391 1
37.6415 1
37.6439 1
37.6463 1
37.6487 1
37.6511 1
37.6535 1
37.6559 1
37.6583 1
37.6607 1
37.6631 1
37.6655 1
37.6679 1
37.6703 1
37.6727 1
37.6751 1
37.6775 1
37.6799 1
37.6823 1
37.6847 1
37.6871 1
37.6895 1
37.6919 1
37.6943 1
37.6967 1
37.6991 1
37.7015 1
37.7039 1
37.7064 1
37.7088 1
37.7112 1
37.7136 1
37.716 1
37.7184 1
37.7208 1
37.7232 1
37.7256 1
37.728 1
37.7304 1
37.7328 1
37.7352 1
37.7376 1
37.74 1
37.7424 1
37.7448 1
37.7472 1
37.7496 1
37.752 1
37.7544 1
37.7568 1
37.7592 1
37.7616 1
37.764 1
37.7664 1
37.7688 1
37.7712 1
37.7736 1
37.776 1
37.7784 1
37.7809 1
37.7833 1
37.7857 1
37.7881 1
37.7905 1
37.7929 1
37.7953 1
37.7977 1
37.8001 1
37.8025 1
37.8049 1
37.8073 1
37.8097 1
37.8121 1
37.8145 1
37.8169 1
37.8193 1
37.8217 1
37.8241 1
37.8265 1
37.8289 1
37.8313 1
37.8337 1
37.8361 1
37.8385 1
37.8409 1
37.8433 1
37.8457 1
37.8481 1
37.8505 1
37.8529 1
37.8553 1
37.8578 1
37.8602 1
37.8626 1
37.865 1
37.8674 1
37.8698 1
37.8722 1
37.8746 1
37.877 1
37.8794 1
37.8818 1
37.8842 1
37.8866 1
37.889 1
37.8914 1
37.8938 1
37.8962 1
37.8986 1
37.901 1
37.9034 1
37.9058 1
37.9082 1
37.9106 1
37.913 1
37.9154 1
37.9178 1
37.9202 1
37.9226 1
37.925 1
37.9274 1
37.9298 1
37.9323 1
37.9347 1
37.9371 1
37.9395 1
37.9419 1
37.9443 1
37.9467 1
37.9491 1
37.9515 1
37.9539 1
37.9563 1
37.9587 1
37.9611 1
37.9635 1
37.9659 1
37.9683 1
37.9707 1
37.9731 1
37.9755 1
37.9779 1
37.9803 1
37.9827 1
37.9851 1
37.9875 1
37.9899 1
37.9923 1
37.9947 1
37.9971 1
37.9995 1
38.0019 1
38.0043 1
38.0068 1
38.0092 1
38.0116 1
38.014 1
38.0164 1
38.0188 1
38.0212 1
38.0236 1
38.026 1
38.0284 1
38.0308 1
38.0332 1
38.0356 1
38.038 1
38.0404 1
38.0428 1
38.0452 1
38.0476 1
38.05 1
38.0524 1
38.0548 1
38.0572 1
38.0596 1
38.062 1
38.0644 1
38.0668 1
38.0692 1
38.0716 1
38.074 1
38.0764 1
38.0788 1
38.0813 1
38.0837 1
38.0861 1
38.0885 1
38.0909 1
38.0933 1
38.0957 1
38.0981 1
38.1005 1
38.1029 1
38.1053 1
38.1077 1
38.1101 1
38.1125 1
38.1149 1
38.1173 1
38.1197 1
38.1221 1
38.1245 1
38.1269 1
38.1293 1
38.1317 1
38.1341 1
38.1365 1
38.1389 1
38.1413 1
38.1437 1
38.1461 1
38.1485 1
38.1509 1
38.1533 1
38.1557 1
38.1582 1
38.1606 1
38.163 1
38.1654 1
38.1678 1
38.1702 1
38.1726 1
38.175 1
38.1774 1
38.1798 1
38.1822 1
38.1846 1
38.187 1
38.1894 1
38.1918 1
38.1942 1
38.1966 1
38.199 1
38.2014 1
38.2038 1
38.2062 1
38.2086 1
38.211 1
38.2134 1
38.2158 1
38.2182 1
38.2206 1
38.223 1
38.2254 1
38.2278 1
38.2302 1
38.2327 1
38.2351 1
38.2375 1
38.2399 1
38.2423 1
38.2447 1
38.2471 1
38.2495 1
38.2519 1
38.2543 1
38.2567 1
38.2591 1
38.2615 1
38.2639 1
38.2663 1
38.2687 1
38.2711 1
38.2735 1
38.2759 1
38.2783 1
38.2807 1
38.2831 1
38.2855 1
38.2879 1
38.2903 1
38.2927 1
38.2951 1
38.2975 1
38.2999 1
38.3023 1
38.3047 1
38.3072 1
38.3096 1
38.312 1
38.3144 1
38.3168 1
38.3192 1
38.3216 1
38.324 1
38.3264 1
38.3288 1
38.3312 1
38.3336 1
38.336 1
38.3384 1
38.3408 1
38.3432 1
38.3456 1
38.348 1
38.3504 1
38.3528 1
38.3552 1
38.3576 1
38.36 1
38.3624 1
38.3648 1
38.3672 1
38.3696 1
38.372 1
38.3744 1
38.3768 1
38.3792 1
38.3817 1
38.3841 1
38.3865 1
38.3889 1
38.3913 1
38.3937 1
38.3961 1
38.3985 1
38.4009 1
38.4033 1
38.4057 1
38.4081 1
38.4105 1
38.4129 1
38.4153 1
38.4177 1
38.4201 1
38.4225 1
38.4249 1
38.4273 1
38.4297 1
38.4321 1
38.4345 1
38.4369 1
38.4393 1
38.4417 1
38.4441 1
38.4465 1
38.4489 1
38.4513 1
38.4537 1
38.4561 1
38.4586 1
38.461 1
38.4634 1
38.4658 1
38.4682 1
38.4706 1
38.473 1
38.4754 1
38.4778 1
38.4802 1
38.4826 1
38.485 1
38.4874 1
38.4898 1
38.4922 1
38.4946 1
38.497 1
38.4994 1
38.5018 1
38.5042 1
38.5066 1
38.509 1
38.5114 1
38.5138 1
38.5162 1
38.5186 1
38.521 1
38.5234 1
38.5258 1
38.5282 1
38.5306 1
38.5331 1
38.5355 1
38.5379 1
38.5403 1
38.5427 1
38.5451 1
38.5475 1
38.5499 1
38.5523 1
38.5547 1
38.5571 1
38.5595 1
38.5619 1
38.5643 1
38.5667 1
38.5691 1
38.5715 1
38.5739 1
38.5763 1
38.5787 1
38.5811 1
38.5835 1
38.5859 1
38.5883 1
38.5907 1
38.5931 1
38.5955 1
38.5979 1
38.6003 1
38.6027 1
38.6051 1
38.6076 1
38.61 1
38.6124 1
38.6148 1
38.6172 1
38.6196 1
38.622 1
38.6244 1
38.6268 1
38.6292 1
38.6316 1
38.634 1
38.6364 1
38.6388 1
38.6412 1
38.6436 1
38.646 1
38.6484 1
38.6508 1
38.6532 1
38.6556 1
38.658 1
38.6604 1
38.6628 1
38.6652 1
38.6676 1
38.67 1
38.6724 1
38.6748 1
38.6772 1
38.6796 1
38.6821 1
38.6845 1
38.6869 1
38.6893 1
38.6917 1
38.6941 1
38.6965 1
38.6989 1
38.7013 1
38.7037 1
38.7061 1
38.7085 1
38.7109 1
38.7133 1
38.7157 1
38.7181 1
38.7205 1
38.7229 1
38.7253 1
38.7277 1
38.7301 1
38.7325 1
38.7349 1
38.7373 1
38.7397 1
38.7421 1
38.7445 1
38.7469 1
38.7493 1
38.7517 1
38.7541 1
38.7565 1
38.759 1
38.7614 1
38.7638 1
38.7662 1
38.7686 1
38.771 1
38.7734 1
38.7758 1
38.7782 1
38.7806 1
38.783 1
38.7854 1
38.7878 1
38.7902 1
38.7926 1
38.795 1
38.7974 1
38.7998 1
38.8022 1
38.8046 1
38.807 1
38.8094 1
38.8118 1
38.8142 1
38.8166 1
38.819 1
38.8214 1
38.8238 1
38.8262 1
38.8286 1
38.831 1
38.8335 1
38.8359 1
38.8383 1
38.8407 1
38.8431 1
38.8455 1
38.8479 1
38.8503 1
38.8527 1
38.8551 1
38.8575 1
38.8599 1
38.8623 1
38.8647 1
38.8671 1
38.8695 1
38.8719 1
38.8743 1
38.8767 1
38.8791 1
38.8815 1
38.8839 1
38.8863 1
38.8887 1
38.8911 1
38.8935 1
38.8959 1
38.8983 1
38.9007 1
38.9031 1
38.9055 1
38.908 1
38.9104 1
38.9128 1
38.9152 1
38.9176 1
38.92 1
38.9224 1
38.9248 1
38.9272 1
38.9296 1
38.932 1
38.9344 1
38.9368 1
38.9392 1
38.9416 1
38.944 1
38.9464 1
38.9488 1
38.9512 1
38.9536 1
38.956 1
38.9584 1
38.9608 1
38.9632 1
38.9656 1
38.968 1
38.9704 1
38.9728 1
38.9752 1
38.9776 1
38.98 1
38.9825 1
38.9849 1
38.9873 1
38.9897 1
38.9921 1
38.9945 1
38.9969 1
38.9993 1
39.0017 1
39.0041 1
39.0065 1
39.0089 1
39.0113 1
39.0137 1
39.0161 1
39.0185 1
39.0209 1
39.0233 1
39.0257 1
39.0281 1
39.0305 1
39.0329 1
39.0353 1
39.0377 1
39.0401 1
39.0425 1
39.0449 1
39.0473 1
39.0497 1
39.0521 1
39.0545 1
39.0569 1
39.0594 1
39.0618 1
39.0642 1
39.0666 1
39.069 1
39.0714 1
39.0738 1
39.0762 1
39.0786 1
39.081 1
39.0834 1
39.0858 1
39.0882 1
39.0906 1
39.093 1
39.0954 1
39.0978 1
39.1002 1
39.1026 1
39.105 1
39.1074 1
39.1098 1
39.1122 1
39.1146 1
39.117 1
39.1194 1
39.1218 1
39.1242 1
39.1266 1
39.129 1
39.1314 1
39.1339 1
39.1363 1
39.1387 1
39.1411 1
39.1435 1
39.1459 1
39.1483 1
39.1507 1
39.1531 1
39.1555 1
39.1579 1
39.1603 1
39.1627 1
39.1651 1
39.1675 1
39.1699 1
39.1723 1
39.1747 1
39.1771 1
39.1795 1
39.1819 1
39.1843 1
39.1867 1
39.1891 1
39.1915 1
39.1939 1
39.1963 1
39.1987 1
39.2011 1
39.2035 1
39.2059 1
39.2084 1
39.2108 1
39.2132 1
39.2156 1
39.218 1
39.2204 1
39.2228 1
39.2252 1
39.2276 1
39.23 1
39.2324 1
39.2348 1
39.2372 1
39.2396 1
39.242 1
39.2444 1
39.2468 1
39.2492 1
39.2516 1
39.254 1
39.2564 1
39.2588 1
39.2612 1
39.2636 1
39.266 1
39.2684 1
39.2708 1
39.2732 1
39.2756 1
39.278 1
39.2804 1
39.2829 1
39.2853 1
39.2877 1
39.2901 1
39.2925 1
39.2949 1
39.2973 1
39.2997 1
39.3021 1
39.3045 1
39.3069 1
39.3093 1
39.3117 1
39.3141 1
39.3165 1
39.3189 1
39.3213 1
39.3237 1
39.3261 1
39.3285 1
39.3309 1
39.3333 1
39.3357 1
39.3381 1
39.3405 1
39.3429 1
39.3453 1
39.3477 1
39.3501 1
39.3525 1
39.3549 1
39.3573 1
39.3598 1
39.3622 1
39.3646 1
39.367 1
39.3694 1
39.3718 1
39.3742 1
39.3766 1
39.379 1
39.3814 1
39.3838 1
39.3862 1
47.436 1
47.4369 1
55.4437 1
57.8658 1
57.8658 1
57.8658 1
57.8658 1
57.8658 1
57.8658 1
57.8659 1
57.8659 1
57.8659 1
57.8659 1
57.8659 1
57.8659 1
57.8659 1
57.8659 1
57.866 1
57.866 1
57.866 1
57.866 1
57.866 1
57.866 1
57.866 1
57.866 1
57.8661 1
57.8661 1
57.8661 1
57.8661 1
57.8661 1
57.8661 1
57.8661 1
57.8661 1
57.8661 1
57.8662 1
57.8662 1
57.8662 1
57.8662 1
57.8662 1
57.8662 1
57.8662 1
57.8662 1
57.8663 1
57.8663 1
57.8663 1
57.8663 1
57.8663 1
57.8663 1
57.8663 1
57.8663 1
57.8664 1
57.8664 1
57.8664 1
57.8664 1
57.8664 1
57.8664 1
57.8664 1
57.8664 1
57.8665 1
57.8665 1
57.8665 1
57.8665 1
57.8665 1
57.8665 1
57.8665 1
57.8665 1
57.8666 1
57.8666 1
57.8666 1
57.8666 1
57.8666 1
57.8666 1
57.8666 1
57.8666 1
57.8667 1
57.8667 1
57.8667 1
57.8667 1
57.8667 1
57.8667 1
57.8667 1
57.8667 1
57.8667 1
57.8668 1
57.8668 1
57.8668 1
57.8668 1
57.8668 1
57.8668 1
57.8668 1
57.8668 1
57.8669 1
57.8669 1
57.8669 1
57.8669 1
57.8669 1
57.8669 1
57.8669 1
57.8669 1
57.867 1
57.867 1
57.867 1
57.867 1
57.867 1
57.867 1
57.867 1
57.867 1
57.867 1
57.8671 1
57.8671 1
57.8671 1
57.8671 1
57.8671 1
57.8671 1
57.8671 1
57.8671 1
57.8672 1
57.8672 1
57.8672 1
57.8672 1
57.8672 1
57.8672 1
57.8672 1
57.8672 1
57.8673 1
57.8673 1
57.8673 1
57.8673 1
57.8673 1
57.8673 1
57.8673 1
57.8673 1
57.8673 1
57.8674 1
57.8674 1
57.8674 1
57.8674 1
57.8674 1
57.8674 1
57.8674 1
57.8674 1
57.8675 1
57.8675 1
57.8675 1
57.8675 1
57.8675 1
57.8675 1
57.8675 1
57.8675 1
57.8676 1
57.8676 1
57.8676 1
57.8676 1
57.8676 1
57.8676 1
57.8676 1
57.8677 1
57.8677 1
57.8677 1
57.8677 1
57.8677 1
57.8677 1
57.8677 1
57.8677 1
57.8677 1
57.8678 1
57.8678 1
57.8678 1
57.8678 1
57.8678 1
57.8678 1
57.8678 1
57.8678 1
57.8679 1
57.8679 1
57.8679 1
57.8679 1
57.8679 1
57.8679 1
57.8679 1
57.8679 1
57.868 1
57.868 1
57.868 1
57.868 1
57.868 1
57.868 1
57.868 1
57.868 1
57.868 1
57.8681 1
57.8681 1
57.8681 1
57.8681 1
57.8681 1
57.8681 1
57.8681 1
57.8681 1
57.8682 1
57.8682 1
57.8682 1
57.8682 1
57.8682 1
57.8682 1
57.8682 1
57.8682 1
57.8683 1
57.8683 1
57.8683 1
57.8683 1
57.8683 1
57.8683 1
57.8683 1
57.8683 1
57.8683 1
57.8684 1
57.8684 1
57.8684 1
57.8684 1
57.8684 1
57.8684 1
57.8684 1
57.8684 1
57.8685 1
57.8685 1
57.8685 1
57.8685 1
57.8685 1
57.8685 1
57.8685 1
57.8685 1
57.8686 1
57.8686 1
57.8686 1
57.8686 1
57.8686 1
57.8686 1
57.8686 1
57.8686 1
57.8686 1
57.8687 1
57.8687 1
57.8687 1
57.8687 1
57.8687 1
57.8687 1
57.8687 1
57.8687 1
57.8688 1
57.8688 1
57.8688 1
57.8688 1
57.8688 1
57.8688 1
57.8688 1
57.8689 1
57.8689 1
57.8689 1
57.8689 1
57.8689 1
57.8689 1
57.8689 1
57.8689 1
57.8689 1
57.869 1
57.869 1
57.869 1
57.869 1
57.869 1
57.869 1
57.869 1
57.869 1
57.8691 1
57.8691 1
57.8691 1
57.8691 1
57.8691 1
57.8691 1
57.8691 1
57.8691 1
57.8692 1
57.8692 1
57.8692 1
57.8692 1
57.8692 1
57.8692 1
57.8692 1
57.8692 1
57.8692 1
57.8693 1
57.8693 1
57.8693 1
57.8693 1
57.8693 1
57.8693 1
57.8693 1
57.8693 1
57.8694 1
57.8694 1
57.8694 1
57.8694 1
57.8694 1
57.8694 1
57.8694 1
57.8694 1
57.8695 1
57.8695 1
57.8695 1
57.8695 1
57.8695 1
57.8695 1
57.8695 1
57.8695 1
57.8695 1
57.8696 1
57.8696 1
57.8696 1
57.8696 1
57.8696 1
57.8696 1
57.8696 1
57.8696 1
57.8697 1
57.8697 1
57.8697 1
57.8697 1
57.8697 1
57.8697 1
57.8697 1
57.8697 1
57.8698 1
57.8698 1
57.8698 1
57.8698 1
57.8698 1
57.8698 1
57.8698 1
57.8698 1
57.8698 1
57.8699 1
57.8699 1
57.8699 1
57.8699 1
57.8699 1
57.8699 1
57.8699 1
57.8699 1
57.87 1
57.87 1
57.87 1
57.87 1
57.87 1
57.87 1
57.87 1
57.8701 1
57.8701 1
57.8701 1
57.8701 1
57.8701 1
57.8701 1
57.8701 1
57.8701 1
57.8701 1
57.8702 1
57.8702 1
57.8702 1
57.8702 1
57.8702 1
57.8702 1
57.8702 1
57.8702 1
57.8703 1
57.8703 1
57.8703 1
57.8703 1
57.8703 1
57.8703 1
57.8703 1
57.8703 1
57.8704 1
57.8704 1
57.8704 1
57.8704 1
57.8704 1
57.8704 1
57.8704 1
57.8704 1
57.8704 1
57.8705 1
57.8705 1
57.8705 1
57.8705 1
57.8705 1
57.8705 1
57.8705 1
57.8705 1
57.8706 1
57.8706 1
57.8706 1
57.8706 1
57.8706 1
57.8706 1
57.8706 1
57.8706 1
57.8707 1
57.8707 1
57.8707 1
57.8707 1
57.8707 1
57.8707 1
57.8707 1
57.8707 1
57.8708 1
57.8708 1
57.8708 1
57.8708 1
57.8708 1
57.8708 1
57.8708 1
57.8708 1
57.8708 1
57.8709 1
57.8709 1
57.8709 1
57.8709 1
57.8709 1
57.8709 1
57.8709 1
57.8709 1
57.871 1
57.871 1
57.871 1
57.871 1
57.871 1
57.871 1
57.871 1
57.871 1
57.8711 1
57.8711 1
57.8711 1
57.8711 1
57.8711 1
57.8711 1
57.8711 1
57.8711 1
57.8711 1
57.8712 1
57.8712 1
57.8712 1
57.8712 1
57.8712 1
57.8712 1
57.8712 1
57.8713 1
57.8713 1
57.8713 1
57.8713 1
57.8713 1
57.8713 1
57.8713 1
57.8713 1
57.8714 1
57.8714 1
57.8714 1
57.8714 1
57.8714 1
57.8714 1
57.8714 1
57.8714 1
57.8714 1
57.8715 1
57.8715 1
57.8715 1
57.8715 1
57.8715 1
57.8715 1
57.8715 1
57.8715 1
57.8716 1
57.8716 1
57.8716 1
57.8716 1
57.8716 1
57.8716 1
57.8716 1
57.8716 1
57.8717 1
57.8717 1
57.8717 1
57.8717 1
57.8717 1
57.8717 1
57.8717 1
57.8717 1
57.8717 1
57.8718 1
57.8718 1
57.8718 1
57.8718 1
57.8718 1
57.8718 1
57.8718 1
57.8718 1
57.8719 1
57.8719 1
57.8719 1
57.8719 1
57.8719 1
57.8719 1
57.8719 1
57.8719 1
57.872 1
57.872 1
57.872 1
57.872 1
57.872 1
57.872 1
57.872 1
57.872 1
57.872 1
57.8721 1
57.8721 1
57.8721 1
57.8721 1
57.8721 1
57.8721 1
57.8721 1
57.8721 1
57.8722 1
57.8722 1
57.8722 1
57.8722 1
57.8722 1
57.8722 1
57.8722 1
57.8722 1
57.8723 1
57.8723 1
57.8723 1
57.8723 1
57.8723 1
57.8723 1
57.8723 1
57.8723 1
57.8723 1
57.8724 1
57.8724 1
57.8724 1
57.8724 1
57.8724 1
57.8724 1
57.8724 1
57.8725 1
57.8725 1
57.8725 1
57.8725 1
57.8725 1
57.8725 1
57.8725 1
57.8725 1
57.8726 1
57.8726 1
57.8726 1
57.8726 1
57.8726 1
57.8726 1
57.8726 1
57.8726 1
57.8726 1
57.8727 1
57.8727 1
57.8727 1
57.8727 1
57.8727 1
57.8727 1
57.8727 1
57.8727 1
57.8728 1
57.8728 1
57.8728 1
57.8728 1
57.8728 1
57.8728 1
57.8728 1
57.8728 1
57.8729 1
57.8729 1
57.8729 1
57.8729 1
57.8729 1
57.8729 1
57.8729 1
57.8729 1
57.8729 1
57.873 1
57.873 1
57.873 1
57.873 1
57.873 1
57.873 1
57.873 1
57.873 1
57.8731 1
57.8731 1
57.8731 1
57.8731 1
57.8731 1
57.8731 1
57.8731 1
57.8731 1
57.8732 1
57.8732 1
57.8732 1
57.8732 1
57.8732 1
57.8732 1
57.8732 1
57.8732 1
57.8732 1
57.8733 1
57.8733 1
57.8733 1
57.8733 1
57.8733 1
57.8733 1
57.8733 1
57.8733 1
57.8734 1
57.8734 1
57.8734 1
57.8734 1
57.8734 1
57.8734 1
57.8734 1
57.8734 1
57.8735 1
57.8735 1
57.8735 1
57.8735 1
57.8735 1
57.8735 1
57.8735 1
57.8735 1
57.8736 1
57.8736 1
57.8736 1
57.8736 1
57.8736 1
57.8736 1
57.8736 1
57.8736 1
57.8737 1
57.8737 1
57.8737 1
57.8737 1
57.8737 1
57.8737 1
57.8737 1
57.8737 1
57.8738 1
57.8738 1
57.8738 1
57.8738 1
57.8738 1
57.8738 1
57.8738 1
57.8738 1
57.8739 1
57.8739 1
57.8739 1
57.8739 1
57.8739 1
57.8739 1
57.8739 1
57.8739 1
57.8739 1
57.874 1
57.874 1
57.874 1
57.874 1
57.874 1
57.874 1
57.874 1
57.874 1
57.8741 1
57.8741 1
57.8741 1
57.8741 1
57.8741 1
57.8741 1
57.8741 1
57.8741 1
57.8742 1
57.8742 1
57.8742 1
57.8742 1
57.8742 1
57.8742 1
57.8742 1
57.8742 1
57.8742 1
57.8743 1
57.8743 1
57.8743 1
57.8743 1
57.8743 1
57.8743 1
57.8743 1
57.8743 1
57.8744 1
57.8744 1
57.8744 1
57.8744 1
57.8744 1
57.8744 1
57.8744 1
57.8744 1
57.8745 1
57.8745 1
57.8745 1
57.8745 1
57.8745 1
57.8745 1
57.8745 1
57.8745 1
57.8745 1
57.8746 1
57.8746 1
57.8746 1
57.8746 1
57.8746 1
57.8746 1
57.8746 1
57.8746 1
57.8747 1
57.8747 1
57.8747 1
57.8747 1
57.8747 1
57.8747 1
57.8747 1
57.8747 1
57.8748 1
57.8748 1
57.8748 1
57.8748 1
57.8748 1
57.8748 1
57.8748 1
57.8748 1
57.8749 1
57.8749 1
57.8749 1
57.8749 1
57.8749 1
57.8749 1
57.8749 1
57.8749 1
57.875 1
57.875 1
57.875 1
57.875 1
57.875 1
57.875 1
57.875 1
57.875 1
57.8751 1
57.8751 1
57.8751 1
57.8751 1
57.8751 1
57.8751 1
57.8751 1
57.8751 1
57.8751 1
57.8752 1
57.8752 1
57.8752 1
57.8752 1
57.8752 1
57.8752 1
57.8752 1
57.8752 1
57.8753 1
57.8753 1
57.8753 1
57.8753 1
57.8753 1
57.8753 1
57.8753 1
57.8753 1
57.8754 1
57.8754 1
57.8754 1
57.8754 1
57.8754 1
57.8754 1
57.8754 1
57.8754 1
57.8754 1
57.8755 1
57.8755 1
57.8755 1
57.8755 1
57.8755 1
57.8755 1
57.8755 1
57.8755 1
57.8756 1
57.8756 1
57.8756 1
57.8756 1
57.8756 1
57.8756 1
57.8756 1
57.8756 1
57.8757 1
57.8757 1
57.8757 1
57.8757 1
57.8757 1
57.8757 1
57.8757 1
57.8757 1
57.8757 1
57.8758 1
57.8758 1
57.8758 1
57.8758 1
57.8758 1
57.8758 1
57.8758 1
57.8758 1
57.8759 1
57.8759 1
57.8759 1
57.8759 1
57.8759 1
57.8759 1
57.8759 1
57.8759 1
57.876 1
57.876 1
57.876 1
57.876 1
57.876 1
57.876 1
57.876 1
57.876 1
57.8761 1
57.8761 1
57.8761 1
57.8761 1
57.8761 1
57.8761 1
57.8761 1
57.8761 1
57.8762 1
57.8762 1
57.8762 1
57.8762 1
57.8762 1
57.8762 1
57.8762 1
57.8762 1
57.8763 1
57.8763 1
57.8763 1
57.8763 1
57.8763 1
57.8763 1
57.8763 1
57.8763 1
57.8763 1
57.8764 1
57.8764 1
57.8764 1
57.8764 1
57.8764 1
57.8764 1
57.8764 1
57.8764 1
57.8765 1
57.8765 1
57.8765 1
57.8765 1
57.8765 1
57.8765 1
57.8765 1
57.8765 1
57.8766 1
57.8766 1
57.8766 1
57.8766 1
57.8766 1
57.8766 1
57.8766 1
57.8766 1
57.8767 1
57.8767 1
57.8767 1
57.8767 1
57.8767 1
57.8767 1
57.8767 1
57.8767 1
57.8767 1
57.8768 1
57.8768 1
57.8768 1
57.8768 1
57.8768 1
57.8768 1
57.8768 1
57.8768 1
57.8769 1
57.8769 1
57.8769 1
57.8769 1
57.8769 1
57.8769 1
57.8769 1
57.8769 1
57.877 1
57.877 1
57.877 1
57.877 1
57.877 1
57.877 1
57.877 1
57.877 1
57.877 1
57.8771 1
57.8771 1
57.8771 1
57.8771 1
57.8771 1
57.8771 1
57.8771 1
57.8771 1
57.8772 1
57.8772 1
57.8772 1
57.8772 1
57.8772 1
57.8772 1
57.8772 1
57.8773 1
57.8773 1
57.8773 1
57.8773 1
57.8773 1
57.8773 1
57.8773 1
57.8773 1
57.8773 1
57.8774 1
57.8774 1
57.8774 1
57.8774 1
57.8774 1
57.8774 1
57.8774 1
57.8774 1
57.8775 1
57.8775 1
57.8775 1
57.8775 1
57.8775 1
57.8775 1
57.8775 1
57.8775 1
57.8776 1
57.8776 1
57.8776 1
57.8776 1
57.8776 1
57.8776 1
57.8776 1
57.8776 1
57.8776 1
57.8777 1
57.8777 1
57.8777 1
57.8777 1
57.8777 1
57.8777 1
57.8777 1
57.8777 1
57.8778 1
57.8778 1
57.8778 1
57.8778 1
57.8778 1
57.8778 1
57.8778 1
57.8778 1
57.8779 1
57.8779 1
57.8779 1
57.8779 1
57.8779 1
57.8779 1
57.8779 1
57.8779 1
57.8779 1
57.878 1
57.878 1
57.878 1
57.878 1
57.878 1
57.878 1
57.878 1
57.878 1
57.8781 1
57.8781 1
57.8781 1
57.8781 1
57.8781 1
57.8781 1
57.8781 1
57.8781 1
57.8782 1
57.8782 1
57.8782 1
57.8782 1
57.8782 1
57.8782 1
57.8782 1
57.8782 1
57.8782 1
57.8783 1
57.8783 1
57.8783 1
57.8783 1
57.8783 1
57.8783 1
57.8783 1
57.8783 1
57.8784 1
57.8784 1
57.8784 1
57.8784 1
57.8784 1
57.8784 1
57.8784 1
57.8785 1
57.8785 1
57.8785 1
57.8785 1
57.8785 1
57.8785 1
57.8785 1
57.8785 1
57.8785 1
57.8786 1
57.8786 1
57.8786 1
57.8786 1
57.8786 1
57.8786 1
57.8786 1
57.8786 1
57.8787 1
57.8787 1
57.8787 1
57.8787 1
57.8787 1
57.8787 1
57.8787 1
57.8787 1
57.8788 1
57.8788 1
57.8788 1
57.8788 1
57.8788 1
57.8788 1
57.8788 1
57.8788 1
57.8788 1
57.8789 1
57.8789 1
57.8789 1
57.8789 1
57.8789 1
57.8789 1
57.8789 1
57.8789 1
57.879 1
57.879 1
57.879 1
57.879 1
57.879 1
57.879 1
57.879 1
57.879 1
57.8791 1
57.8791 1
57.8791 1
57.8791 1
57.8791 1
57.8791 1
57.8791 1
57.8791 1
57.8791 1
57.8792 1
57.8792 1
57.8792 1
57.8792 1
57.8792 1
57.8792 1
57.8792 1
57.8792 1
57.8793 1
57.8793 1
57.8793 1
57.8793 1
57.8793 1
57.8793 1
57.8793 1
57.8793 1
57.8794 1
57.8794 1
57.8794 1
57.8794 1
57.8794 1
57.8794 1
57.8794 1
57.8794 1
57.8794 1
57.8795 1
57.8795 1
57.8795 1
57.8795 1
57.8795 1
57.8795 1
57.8795 1
57.8795 1
57.8796 1
57.8796 1
57.8796 1
57.8796 1
57.8796 1
57.8796 1
57.8796 1
57.8797 1
57.8797 1
57.8797 1
57.8797 1
57.8797 1
57.8797 1
57.8797 1
57.8797 1
57.8798 1
57.8798 1
57.8798 1
57.8798 1
57.8798 1
57.8798 1
57.8798 1
57.8798 1
57.8798 1
57.8799 1
57.8799 1
57.8799 1
57.8799 1
57.8799 1
57.8799 1
57.8799 1
57.8799 1
57.88 1
57.88 1
57.88 1
57.88 1
57.88 1
57.88 1
57.88 1
57.88 1
57.8801 1
57.8801 1
57.8801 1
57.8801 1
57.8801 1
57.8801 1
57.8801 1
57.8801 1
57.8801 1
57.8802 1
57.8802 1
57.8802 1
57.8802 1
57.8802 1
57.8802 1
57.8802 1
57.8802 1
57.8803 1
57.8803 1
57.8803 1
57.8803 1
57.8803 1
57.8803 1
57.8803 1
57.8803 1
57.8804 1
57.8804 1
57.8804 1
57.8804 1
57.8804 1
57.8804 1
57.8804 1
57.8804 1
57.8804 1
57.8805 1
57.8805 1
57.8805 1
57.8805 1
57.8805 1
57.8805 1
57.8805 1
57.8805 1
57.8806 1
57.8806 1
57.8806 1
57.8806 1
57.8806 1
57.8806 1
57.8806 1
57.8806 1
57.8807 1
57.8807 1
57.8807 1
57.8807 1
57.8807 1
57.8807 1
57.8807 1
57.8807 1
57.8807 1
57.8808 1
57.8808 1
57.8808 1
57.8808 1
57.8808 1
57.8808 1
57.8808 1
57.8809 1
57.8809 1
57.8809 1
57.8809 1
57.8809 1
57.8809 1
57.8809 1
57.8809 1
57.881 1
57.881 1
57.881 1
57.881 1
57.881 1
57.881 1
57.881 1
57.881 1
57.881 1
57.8811 1
57.8811 1
57.8811 1
57.8811 1
57.8811 1
57.8811 1
57.8811 1
57.8811 1
57.8812 1
57.8812 1
57.8812 1
57.8812 1
57.8812 1
57.8812 1
57.8812 1
57.8812 1
57.8813 1
57.8813 1
57.8813 1
57.8813 1
57.8813 1
57.8813 1
57.8813 1
57.8813 1
57.8813 1
57.8814 1
57.8814 1
57.8814 1
57.8814 1
57.8814 1
57.8814 1
57.8814 1
57.8814 1
57.8815 1
57.8815 1
57.8815 1
57.8815 1
57.8815 1
57.8815 1
57.8815 1
57.8815 1
57.8816 1
57.8816 1
57.8816 1
57.8816 1
57.8816 1
57.8816 1
57.8816 1
57.8816 1
57.8816 1
57.8817 1
57.8817 1
57.8817 1
57.8817 1
57.8817 1
57.8817 1
57.8817 1
57.8817 1
57.8818 1
57.8818 1
57.8818 1
57.8818 1
57.8818 1
57.8818 1
57.8818 1
57.8818 1
57.8819 1
57.8819 1
57.8819 1
57.8819 1
57.8819 1
57.8819 1
57.8819 1
57.8819 1
57.8819 1
57.882 1
