3.84998 1
3.85003 1
3.85008 1
3.85013 1
3.85017 1
3.85022 1
3.85027 1
3.85032 1
3.85037 1
3.85042 1
3.85046 1
3.85051 1
3.85056 1
3.85061 1
3.85066 1
3.8507 1
3.85075 1
3.8508 1
3.85085 1
3.8509 1
3.85094 1
3.85099 1
3.85104 1
3.85109 1
3.85114 1
3.85118 1
3.85123 1
3.85128 1
3.85133 1
3.85138 1
3.85142 1
3.85147 1
3.85152 1
3.85157 1
3.85162 1
3.85166 1
3.85171 1
3.85176 1
3.85181 1
3.85186 1
3.85191 1
3.85195 1
3.852 1
3.85205 1
3.8521 1
3.85215 1
3.85219 1
3.85224 1
3.85229 1
3.85234 1
3.85239 1
3.85243 1
3.85248 1
3.85253 1
3.85258 1
3.85263 1
3.85267 1
3.85272 1
3.85277 1
3.85282 1
3.85287 1
3.85291 1
3.85296 1
3.85301 1
3.85306 1
3.85311 1
3.85315 1
3.8532 1
3.85325 1
3.8533 1
3.85335 1
3.8534 1
3.85344 1
3.85349 1
3.85354 1
3.85359 1
3.85364 1
3.85368 1
3.85373 1
3.85378 1
3.85383 1
3.85388 1
3.85392 1
3.85397 1
3.85402 1
3.85407 1
3.85412 1
3.85416 1
3.85421 1
3.85426 1
3.85431 1
3.85436 1
3.8544 1
3.85445 1
3.8545 1
3.85455 1
3.8546 1
3.85464 1
3.85469 1
3.85474 1
3.85479 1
3.85484 1
3.85489 1
3.85493 1
3.85498 1
3.85503 1
3.85508 1
3.85513 1
3.85517 1
3.85522 1
3.85527 1
3.85532 1
3.85537 1
3.85541 1
3.85546 1
3.85551 1
3.85556 1
3.85561 1
3.85565 1
3.8557 1
3.85575 1
3.8558 1
3.85585 1
3.85589 1
3.85594 1
3.85599 1
3.85604 1
3.85609 1
3.85613 1
3.85618 1
3.85623 1
3.85628 1
3.85633 1
3.85638 1
3.85642 1
3.85647 1
3.85652 1
3.85657 1
3.85662 1
3.85666 1
3.85671 1
3.85676 1
3.85681 1
3.85686 1
3.8569 1
3.85695 1
3.857 1
3.85705 1
3.8571 1
3.85714 1
3.85719 1
3.85724 1
3.85729 1
3.85734 1
3.85738 1
3.85743 1
3.85748 1
3.85753 1
3.85758 1
3.85762 1
3.85767 1
3.85772 1
3.85777 1
3.85782 1
3.85787 1
3.85791 1
3.85796 1
3.85801 1
3.85806 1
3.85811 1
3.85815 1
3.8582 1
3.85825 1
3.8583 1
3.85835 1
3.85839 1
3.85844 1
3.85849 1
3.85854 1
3.85859 1
3.85863 1
3.85868 1
3.85873 1
3.85878 1
3.85883 1
3.85887 1
3.85892 1
3.85897 1
3.85902 1
3.85907 1
3.85911 1
3.85916 1
3.85921 1
3.85926 1
3.85931 1
3.85936 1
3.8594 1
3.85945 1
3.8595 1
3.85955 1
3.8596 1
3.85964 1
3.85969 1
3.85974 1
3.85979 1
3.85984 1
3.85988 1
3.85993 1
3.85998 1
3.86003 1
3.86008 1
3.86012 1
3.86017 1
3.86022 1
3.86027 1
3.86032 1
3.86036 1
3.86041 1
3.86046 1
3.86051 1
3.86056 1
3.8606 1
3.86065 1
3.8607 1
3.86075 1
3.8608 1
3.86085 1
3.86089 1
3.86094 1
3.86099 1
3.86104 1
3.86109 1
3.86113 1
3.86118 1
3.86123 1
3.86128 1
3.86133 1
3.86137 1
3.86142 1
3.86147 1
3.86152 1
3.86157 1
3.86161 1
3.86166 1
3.86171 1
3.86176 1
3.86181 1
3.86185 1
3.8619 1
3.86195 1
3.862 1
3.86205 1
3.86209 1
3.86214 1
3.86219 1
3.86224 1
3.86229 1
3.86234 1
3.86238 1
3.86243 1
3.86248 1
3.86253 1
3.86258 1
3.86262 1
3.86267 1
3.86272 1
3.86277 1
3.86282 1
3.86286 1
3.86291 1
3.86296 1
3.86301 1
3.86306 1
3.8631 1
3.86315 1
3.8632 1
3.86325 1
3.8633 1
3.86334 1
3.86339 1
3.86344 1
3.86349 1
3.86354 1
3.86358 1
3.86363 1
3.86368 1
3.86373 1
3.86378 1
3.86383 1
3.86387 1
3.86392 1
3.86397 1
3.86402 1
3.86407 1
3.86411 1
3.86416 1
3.86421 1
3.86426 1
3.86431 1
3.86435 1
3.8644 1
3.86445 1
3.8645 1
3.86455 1
3.86459 1
3.86464 1
3.86469 1
3.86474 1
3.86479 1
3.86483 1
3.86488 1
3.86493 1
3.86498 1
3.86503 1
3.86507 1
3.86512 1
3.86517 1
3.86522 1
3.86527 1
3.86532 1
3.86536 1
3.86541 1
3.86546 1
3.86551 1
3.86556 1
3.8656 1
3.86565 1
3.8657 1
3.86575 1
3.8658 1
3.86584 1
3.86589 1
3.86594 1
3.86599 1
3.86604 1
3.86608 1
3.86613 1
3.86618 1
3.86623 1
3.86628 1
3.86632 1
3.86637 1
3.86642 1
3.86647 1
3.86652 1
3.86656 1
3.86661 1
3.86666 1
3.86671 1
3.86676 1
3.86681 1
3.86685 1
3.8669 1
3.86695 1
3.867 1
3.86705 1
3.86709 1
3.86714 1
3.86719 1
3.86724 1
3.86729 1
3.86733 1
3.86738 1
3.86743 1
3.86748 1
3.86753 1
3.86757 1
3.86762 1
3.86767 1
3.86772 1
3.86777 1
3.86781 1
3.86786 1
3.86791 1
3.86796 1
3.86801 1
3.86805 1
3.8681 1
3.86815 1
3.8682 1
3.86825 1
3.8683 1
3.86834 1
3.86839 1
3.86844 1
3.86849 1
3.86854 1
3.86858 1
3.86863 1
3.86868 1
3.86873 1
3.86878 1
3.86882 1
3.86887 1
3.86892 1
3.86897 1
3.86902 1
3.86906 1
3.86911 1
3.86916 1
3.86921 1
3.86926 1
3.8693 1
3.86935 1
3.8694 1
3.86945 1
3.8695 1
3.86954 1
3.86959 1
3.86964 1
3.86969 1
3.86974 1
3.86979 1
3.86983 1
3.86988 1
3.86993 1
3.86998 1
3.87003 1
3.87007 1
3.87012 1
3.87017 1
3.87022 1
3.87027 1
3.87031 1
3.87036 1
3.87041 1
3.87046 1
3.87051 1
3.87055 1
3.8706 1
3.87065 1
3.8707 1
3.87075 1
3.87079 1
3.87084 1
3.87089 1
3.87094 1
3.87099 1
3.87103 1
3.87108 1
3.87113 1
3.87118 1
3.87123 1
3.87128 1
3.87132 1
3.87137 1
3.87142 1
3.87147 1
3.87152 1
3.87156 1
3.87161 1
3.87166 1
3.87171 1
3.87176 1
3.8718 1
3.87185 1
3.8719 1
3.87195 1
3.872 1
3.87204 1
3.87209 1
3.87214 1
3.87219 1
3.87224 1
3.87228 1
3.87233 1
3.87238 1
3.87243 1
3.87248 1
3.87252 1
3.87257 1
3.87262 1
3.87267 1
3.87272 1
3.87277 1
3.87281 1
3.87286 1
3.87291 1
3.87296 1
3.87301 1
3.87305 1
3.8731 1
3.87315 1
3.8732 1
3.87325 1
3.87329 1
3.87334 1
3.87339 1
3.87344 1
3.87349 1
3.87353 1
3.87358 1
3.87363 1
3.87368 1
3.87373 1
3.87377 1
3.87382 1
3.87387 1
3.87392 1
3.87397 1
3.87401 1
3.87406 1
3.87411 1
3.87416 1
3.87421 1
3.87425 1
3.8743 1
3.87435 1
3.8744 1
3.87445 1
3.8745 1
3.87454 1
3.87459 1
3.87464 1
3.87469 1
3.87474 1
3.87478 1
3.87483 1
3.87488 1
3.87493 1
3.87498 1
3.87502 1
3.87507 1
3.87512 1
3.87517 1
3.87522 1
3.87526 1
3.87531 1
3.87536 1
3.87541 1
3.87546 1
3.8755 1
3.87555 1
3.8756 1
3.87565 1
3.8757 1
3.87574 1
3.87579 1
3.87584 1
3.87589 1
3.87594 1
3.87599 1
3.87603 1
3.87608 1
3.87613 1
3.87618 1
3.87623 1
3.87627 1
3.87632 1
3.87637 1
3.87642 1
3.87647 1
3.87651 1
3.87656 1
3.87661 1
3.87666 1
3.87671 1
3.87675 1
3.8768 1
3.87685 1
3.8769 1
3.87695 1
3.87699 1
3.87704 1
3.87709 1
3.87714 1
3.87719 1
3.87723 1
3.87728 1
3.87733 1
3.87738 1
3.87743 1
3.87748 1
3.87752 1
3.87757 1
3.87762 1
3.87767 1
3.87772 1
3.87776 1
3.87781 1
3.87786 1
3.87791 1
3.87796 1
3.878 1
3.87805 1
3.8781 1
3.87815 1
3.8782 1
3.87824 1
3.87829 1
3.87834 1
3.87839 1
3.87844 1
3.87848 1
3.87853 1
3.87858 1
3.87863 1
3.87868 1
3.87872 1
3.87877 1
3.87882 1
3.87887 1
3.87892 1
3.87897 1
3.87901 1
3.87906 1
3.87911 1
3.87916 1
3.87921 1
3.87925 1
3.8793 1
3.87935 1
3.8794 1
3.87945 1
3.87949 1
3.87954 1
3.87959 1
3.87964 1
3.87969 1
3.87973 1
3.87978 1
3.87983 1
3.87988 1
3.87993 1
3.87997 1
3.88002 1
3.88007 1
3.88012 1
3.88017 1
3.88021 1
3.88026 1
3.88031 1
3.88036 1
3.88041 1
3.88046 1
3.8805 1
3.88055 1
3.8806 1
3.88065 1
3.8807 1
3.88074 1
3.88079 1
3.88084 1
3.88089 1
3.88094 1
3.88098 1
3.88103 1
3.88108 1
3.88113 1
3.88118 1
3.88122 1
3.88127 1
3.88132 1
3.88137 1
3.88142 1
3.88146 1
3.88151 1
3.88156 1
3.88161 1
3.88166 1
3.8817 1
3.88175 1
3.8818 1
3.88185 1
3.8819 1
3.88195 1
3.88199 1
3.88204 1
3.88209 1
3.88214 1
3.88219 1
3.88223 1
3.88228 1
3.88233 1
3.88238 1
3.88243 1
3.88247 1
3.88252 1
3.88257 1
3.88262 1
3.88267 1
3.88271 1
3.88276 1
3.88281 1
3.88286 1
3.88291 1
3.88295 1
3.883 1
3.88305 1
3.8831 1
3.88315 1
3.88319 1
3.88324 1
3.88329 1
3.88334 1
3.88339 1
3.88344 1
3.88348 1
3.88353 1
3.88358 1
3.88363 1
3.88368 1
3.88372 1
3.88377 1
3.88382 1
3.88387 1
3.88392 1
3.88396 1
3.88401 1
3.88406 1
3.88411 1
3.88416 1
3.8842 1
3.88425 1
3.8843 1
3.88435 1
3.8844 1
3.88444 1
3.88449 1
3.88454 1
3.88459 1
3.88464 1
3.88468 1
3.88473 1
3.88478 1
3.88483 1
3.88488 1
3.88493 1
3.88497 1
3.88502 1
3.88507 1
3.88512 1
3.88517 1
3.88521 1
3.88526 1
3.88531 1
3.88536 1
3.88541 1
3.88545 1
3.8855 1
3.88555 1
3.8856 1
3.88565 1
3.88569 1
3.88574 1
3.88579 1
3.88584 1
3.88589 1
3.88593 1
3.88598 1
3.88603 1
3.88608 1
3.88613 1
3.88617 1
3.88622 1
3.88627 1
3.88632 1
3.88637 1
3.88642 1
3.88646 1
3.88651 1
3.88656 1
3.88661 1
3.88666 1
3.8867 1
3.88675 1
3.8868 1
3.88685 1
3.8869 1
3.88694 1
3.88699 1
3.88704 1
3.88709 1
3.88714 1
3.88718 1
3.88723 1
3.88728 1
3.88733 1
3.88738 1
3.88742 1
3.88747 1
3.88752 1
3.88757 1
3.88762 1
3.88766 1
3.88771 1
3.88776 1
3.88781 1
3.88786 1
3.88791 1
3.88795 1
3.888 1
3.88805 1
3.8881 1
3.88815 1
3.88819 1
3.88824 1
3.88829 1
3.88834 1
3.88839 1
3.88843 1
3.88848 1
3.88853 1
3.88858 1
3.88863 1
3.88867 1
3.88872 1
3.88877 1
3.88882 1
3.88887 1
3.88891 1
3.88896 1
3.88901 1
3.88906 1
3.88911 1
3.88915 1
3.8892 1
3.88925 1
3.8893 1
3.88935 1
3.8894 1
3.88944 1
3.88949 1
3.88954 1
3.88959 1
3.88964 1
3.88968 1
3.88973 1
3.88978 1
3.88983 1
3.88988 1
3.88992 1
3.88997 1
3.89002 1
3.89007 1
3.89012 1
3.89016 1
3.89021 1
3.89026 1
3.89031 1
3.89036 1
3.8904 1
3.89045 1
3.8905 1
3.89055 1
3.8906 1
3.89064 1
3.89069 1
3.89074 1
3.89079 1
3.89084 1
3.89089 1
3.89093 1
3.89098 1
3.89103 1
3.89108 1
3.89113 1
3.89117 1
3.89122 1
3.89127 1
3.89132 1
3.89137 1
3.89141 1
3.89146 1
3.89151 1
3.89156 1
3.89161 1
3.89165 1
3.8917 1
3.89175 1
3.8918 1
3.89185 1
3.89189 1
3.89194 1
3.89199 1
3.89204 1
3.89209 1
3.89213 1
3.89218 1
3.89223 1
3.89228 1
3.89233 1
3.89238 1
3.89242 1
3.89247 1
3.89252 1
3.89257 1
3.89262 1
3.89266 1
3.89271 1
3.89276 1
3.89281 1
3.89286 1
3.8929 1
3.89295 1
3.893 1
3.89305 1
3.8931 1
3.89314 1
3.89319 1
3.89324 1
3.89329 1
3.89334 1
3.89338 1
3.89343 1
3.89348 1
3.89353 1
3.89358 1
3.89362 1
3.89367 1
3.89372 1
3.89377 1
3.89382 1
3.89387 1
3.89391 1
3.89396 1
3.89401 1
3.89406 1
3.89411 1
3.89415 1
3.8942 1
3.89425 1
3.8943 1
3.89435 1
3.89439 1
3.89444 1
3.89449 1
3.89454 1
3.89459 1
3.89463 1
3.89468 1
3.89473 1
3.89478 1
3.89483 1
3.89487 1
3.89492 1
3.89497 1
3.89502 1
3.89507 1
3.89511 1
3.89516 1
3.89521 1
3.89526 1
3.89531 1
3.89536 1
3.8954 1
3.89545 1
3.8955 1
3.89555 1
3.8956 1
3.89564 1
3.89569 1
3.89574 1
3.89579 1
3.89584 1
3.89588 1
3.89593 1
3.89598 1
3.89603 1
3.89608 1
3.89612 1
3.89617 1
3.89622 1
3.89627 1
3.89632 1
3.89636 1
3.89641 1
3.89646 1
3.89651 1
3.89656 1
3.8966 1
3.89665 1
3.8967 1
3.89675 1
3.8968 1
3.89685 1
3.89689 1
3.89694 1
3.89699 1
3.89704 1
3.89709 1
3.89713 1
3.89718 1
3.89723 1
3.89728 1
3.89733 1
3.89737 1
3.89742 1
3.89747 1
3.89752 1
3.89757 1
3.89761 1
3.89766 1
3.89771 1
3.89776 1
3.89781 1
3.89785 1
3.8979 1
3.89795 1
3.898 1
3.89805 1
3.89809 1
3.89814 1
3.89819 1
3.89824 1
3.89829 1
3.89834 1
3.89838 1
3.89843 1
3.89848 1
3.89853 1
3.89858 1
3.89862 1
3.89867 1
3.89872 1
3.89877 1
3.89882 1
3.89886 1
3.89891 1
3.89896 1
3.89901 1
3.89906 1
3.8991 1
3.89915 1
3.8992 1
3.89925 1
3.8993 1
3.89934 1
3.89939 1
3.89944 1
3.89949 1
3.89954 1
3.89958 1
3.89963 1
3.89968 1
3.89973 1
3.89978 1
3.89983 1
3.89987 1
3.89992 1
3.89997 1
3.90002 1
3.90007 1
3.90011 1
3.90016 1
3.90021 1
3.90026 1
3.90031 1
3.90035 1
3.9004 1
3.90045 1
3.9005 1
3.90055 1
3.90059 1
3.90064 1
3.90069 1
3.90074 1
3.90079 1
3.90083 1
3.90088 1
3.90093 1
3.90098 1
3.90103 1
3.90107 1
3.90112 1
3.90117 1
3.90122 1
3.90127 1
3.90132 1
3.90136 1
3.90141 1
3.90146 1
3.90151 1
3.90156 1
3.9016 1
3.90165 1
3.9017 1
3.90175 1
3.9018 1
3.90184 1
3.90189 1
3.90194 1
3.90199 1
3.90204 1
3.90208 1
3.90213 1
3.90218 1
3.90223 1
3.90228 1
3.90232 1
3.90237 1
3.90242 1
3.90247 1
3.90252 1
3.90256 1
3.90261 1
3.90266 1
3.90271 1
3.90276 1
3.90281 1
3.90285 1
3.9029 1
3.90295 1
3.903 1
3.90305 1
3.90309 1
3.90314 1
3.90319 1
3.90324 1
3.90329 1
3.90333 1
3.90338 1
3.90343 1
3.90348 1
3.90353 1
3.90357 1
3.90362 1
3.90367 1
3.90372 1
3.90377 1
3.90381 1
3.90386 1
3.90391 1
3.90396 1
3.90401 1
3.90405 1
3.9041 1
3.90415 1
3.9042 1
3.90425 1
3.90429 1
3.90434 1
3.90439 1
3.90444 1
3.90449 1
3.90454 1
3.90458 1
3.90463 1
3.90468 1
3.90473 1
3.90478 1
3.90482 1
3.90487 1
3.90492 1
3.90497 1
3.90502 1
3.90506 1
3.90511 1
3.90516 1
3.90521 1
3.90526 1
3.9053 1
3.90535 1
3.9054 1
3.90545 1
3.9055 1
3.90554 1
3.90559 1
3.90564 1
3.90569 1
3.90574 1
3.90578 1
3.90583 1
3.90588 1
3.90593 1
3.90598 1
3.90603 1
3.90607 1
3.90612 1
3.90617 1
3.90622 1
3.90627 1
3.90631 1
3.90636 1
3.90641 1
3.90646 1
3.90651 1
3.90655 1
3.9066 1
3.90665 1
3.9067 1
3.90675 1
3.90679 1
3.90684 1
3.90689 1
3.90694 1
3.90699 1
3.90703 1
3.90708 1
3.90713 1
3.90718 1
3.90723 1
3.90727 1
3.90732 1
3.90737 1
3.90742 1
3.90747 1
3.90752 1
3.90756 1
3.90761 1
3.90766 1
3.90771 1
3.90776 1
3.9078 1
3.90785 1
3.9079 1
3.90795 1
3.908 1
3.90804 1
3.90809 1
3.90814 1
3.90819 1
3.90824 1
3.90828 1
3.90833 1
3.90838 1
3.90843 1
3.90848 1
3.90852 1
3.90857 1
3.90862 1
3.90867 1
3.90872 1
3.90876 1
3.90881 1
3.90886 1
3.90891 1
3.90896 1
3.90901 1
3.90905 1
3.9091 1
3.90915 1
3.9092 1
3.90925 1
3.90929 1
3.90934 1
3.90939 1
3.90944 1
3.90949 1
3.90953 1
3.90958 1
3.90963 1
3.90968 1
3.90973 1
3.90977 1
3.90982 1
3.90987 1
3.90992 1
3.90997 1
3.91001 1
3.91006 1
3.91011 1
3.91016 1
3.91021 1
3.91025 1
3.9103 1
3.91035 1
3.9104 1
3.91045 1
3.9105 1
3.91054 1
3.91059 1
3.91064 1
3.91069 1
3.91074 1
3.91078 1
3.91083 1
3.91088 1
3.91093 1
3.91098 1
3.91102 1
3.91107 1
3.91112 1
3.91117 1
3.91122 1
3.91126 1
3.91131 1
3.91136 1
3.91141 1
3.91146 1
3.9115 1
3.91155 1
3.9116 1
3.91165 1
3.9117 1
3.91174 1
3.91179 1
3.91184 1
3.91189 1
3.91194 1
3.91199 1
3.91203 1
3.91208 1
3.91213 1
3.91218 1
3.91223 1
3.91227 1
3.91232 1
3.91237 1
3.91242 1
3.91247 1
3.91251 1
3.91256 1
3.91261 1
3.91266 1
3.91271 1
3.91275 1
3.9128 1
3.91285 1
3.9129 1
3.91295 1
3.91299 1
3.91304 1
3.91309 1
3.91314 1
3.91319 1
3.91323 1
3.91328 1
3.91333 1
3.91338 1
3.91343 1
3.91348 1
3.91352 1
3.91357 1
3.91362 1
3.91367 1
3.91372 1
3.91376 1
3.91381 1
3.91386 1
3.91391 1
3.91396 1
3.914 1
3.91405 1
3.9141 1
3.91415 1
3.9142 1
3.91424 1
3.91429 1
3.91434 1
3.91439 1
3.91444 1
3.91448 1
3.91453 1
3.91458 1
3.91463 1
3.91468 1
3.91472 1
3.91477 1
3.91482 1
3.91487 1
3.91492 1
3.91497 1
3.91501 1
3.91506 1
3.91511 1
3.91516 1
3.91521 1
3.91525 1
3.9153 1
3.91535 1
3.9154 1
3.91545 1
3.91549 1
3.91554 1
3.91559 1
3.91564 1
3.91569 1
3.91573 1
3.91578 1
3.91583 1
3.91588 1
3.91593 1
3.91597 1
3.91602 1
3.91607 1
3.91612 1
3.91617 1
3.91621 1
3.91626 1
3.91631 1
3.91636 1
3.91641 1
3.91646 1
3.9165 1
3.91655 1
3.9166 1
3.91665 1
3.9167 1
3.91674 1
3.91679 1
3.91684 1
3.91689 1
3.91694 1
3.91698 1
3.91703 1
3.91708 1
3.91713 1
3.91718 1
3.91722 1
3.91727 1
3.91732 1
3.91737 1
3.91742 1
3.91746 1
3.91751 1
3.91756 1
3.91761 1
3.91766 1
3.9177 1
3.91775 1
3.9178 1
3.91785 1
3.9179 1
3.91795 1
3.91799 1
3.91804 1
3.91809 1
3.91814 1
3.91819 1
3.91823 1
3.91828 1
3.91833 1
3.91838 1
3.91843 1
3.91847 1
3.91852 1
3.91857 1
3.91862 1
3.91867 1
3.91871 1
3.91876 1
3.91881 1
3.91886 1
3.91891 1
3.91895 1
3.919 1
3.91905 1
3.9191 1
3.91915 1
3.91919 1
3.91924 1
3.91929 1
3.91934 1
3.91939 1
3.91944 1
3.91948 1
3.91953 1
3.91958 1
3.91963 1
3.91968 1
3.91972 1
3.91977 1
3.91982 1
3.91987 1
3.91992 1
3.91996 1
3.92001 1
3.92006 1
3.92011 1
3.92016 1
3.9202 1
3.92025 1
3.9203 1
3.92035 1
3.9204 1
3.92044 1
3.92049 1
3.92054 1
3.92059 1
3.92064 1
3.92068 1
3.92073 1
3.92078 1
3.92083 1
3.92088 1
3.92093 1
3.92097 1
3.92102 1
3.92107 1
3.92112 1
3.92117 1
3.92121 1
3.92126 1
3.92131 1
3.92136 1
3.92141 1
3.92145 1
3.9215 1
3.92155 1
3.9216 1
3.92165 1
3.92169 1
3.92174 1
3.92179 1
3.92184 1
3.92189 1
3.92193 1
3.92198 1
3.92203 1
3.92208 1
3.92213 1
3.92217 1
3.92222 1
3.92227 1
3.92232 1
3.92237 1
3.92242 1
3.92246 1
3.92251 1
3.92256 1
3.92261 1
3.92266 1
3.9227 1
3.92275 1
3.9228 1
3.92285 1
3.9229 1
3.92294 1
3.92299 1
3.92304 1
3.92309 1
3.92314 1
3.92318 1
3.92323 1
3.92328 1
3.92333 1
3.92338 1
3.92342 1
3.92347 1
3.92352 1
3.92357 1
3.92362 1
3.92366 1
3.92371 1
3.92376 1
3.92381 1
3.92386 1
3.92391 1
3.92395 1
3.924 1
3.92405 1
3.9241 1
3.92415 1
3.92419 1
3.92424 1
3.92429 1
3.92434 1
3.92439 1
3.92443 1
3.92448 1
3.92453 1
3.92458 1
3.92463 1
3.92467 1
3.92472 1
3.92477 1
3.92482 1
3.92487 1
3.92491 1
3.92496 1
3.92501 1
3.92506 1
3.92511 1
3.92515 1
3.9252 1
3.92525 1
3.9253 1
3.92535 1
3.9254 1
3.92544 1
3.92549 1
3.92554 1
3.92559 1
3.92564 1
3.92568 1
3.92573 1
3.92578 1
3.92583 1
3.92588 1
3.92592 1
3.92597 1
3.92602 1
3.92607 1
3.92612 1
3.92616 1
3.92621 1
3.92626 1
3.92631 1
3.92636 1
3.9264 1
3.92645 1
3.9265 1
3.92655 1
3.9266 1
3.92664 1
3.92669 1
3.92674 1
3.92679 1
3.92684 1
3.92689 1
3.92693 1
3.92698 1
3.92703 1
3.92708 1
3.92713 1
3.92717 1
3.92722 1
3.92727 1
3.92732 1
3.92737 1
3.92741 1
3.92746 1
3.92751 1
3.92756 1
3.92761 1
3.92765 1
3.9277 1
3.92775 1
3.9278 1
3.92785 1
3.92789 1
3.92794 1
3.92799 1
3.92804 1
3.92809 1
3.92813 1
3.92818 1
3.92823 1
3.92828 1
3.92833 1
3.92838 1
3.92842 1
3.92847 1
3.92852 1
3.92857 1
3.92862 1
3.92866 1
3.92871 1
3.92876 1
3.92881 1
3.92886 1
3.9289 1
3.92895 1
3.929 1
3.92905 1
3.9291 1
3.92914 1
3.92919 1
3.92924 1
3.92929 1
3.92934 1
3.92938 1
3.92943 1
3.92948 1
3.92953 1
3.92958 1
3.92962 1
3.92967 1
3.92972 1
3.92977 1
3.92982 1
3.92987 1
3.92991 1
3.92996 1
3.93001 1
3.93006 1
3.93011 1
3.93015 1
3.9302 1
3.93025 1
3.9303 1
3.93035 1
3.93039 1
3.93044 1
3.93049 1
3.93054 1
3.93059 1
3.93063 1
3.93068 1
3.93073 1
3.93078 1
3.93083 1
3.93087 1
3.93092 1
3.93097 1
3.93102 1
3.93107 1
3.93111 1
3.93116 1
3.93121 1
3.93126 1
3.93131 1
3.93137 1
3.93142 1
3.93146 1
3.93151 1
3.93156 1
3.93161 1
3.93166 1
3.9317 1
3.93175 1
3.9318 1
3.93185 1
3.9319 1
3.93194 1
3.93199 1
3.93204 1
3.93209 1
3.93214 1
3.93218 1
3.93223 1
3.93228 1
3.93233 1
3.93238 1
3.93242 1
3.93247 1
3.93252 1
3.93257 1
3.93262 1
3.93266 1
3.93271 1
3.93276 1
3.93281 1
3.93286 1
3.93291 1
3.93295 1
3.933 1
3.93305 1
3.9331 1
3.93315 1
3.93319 1
3.93324 1
3.93329 1
3.93334 1
3.93339 1
3.93343 1
3.93348 1
3.93353 1
3.93358 1
3.93363 1
3.93367 1
3.93372 1
3.93377 1
3.93382 1
3.93387 1
3.93391 1
3.93396 1
3.93401 1
3.93406 1
3.93411 1
3.93415 1
3.9342 1
3.93425 1
3.9343 1
3.93435 1
3.9344 1
3.93444 1
3.93449 1
3.93454 1
3.93459 1
3.93464 1
3.93468 1
3.93473 1
3.93478 1
3.93483 1
3.93488 1
3.93492 1
3.93497 1
3.93502 1
3.93507 1
3.93512 1
3.93516 1
3.93521 1
3.93526 1
3.93531 1
3.93536 1
3.9354 1
3.93545 1
3.9355 1
3.93555 1
3.9356 1
3.93564 1
3.93569 1
3.93574 1
3.93579 1
3.93584 1
3.93589 1
3.93593 1
3.93598 1
3.93603 1
3.93608 1
3.93613 1
3.93617 1
3.93622 1
3.93627 1
3.93632 1
3.93637 1
3.93641 1
3.93646 1
3.93651 1
3.93656 1
3.93661 1
3.93665 1
3.9367 1
3.93675 1
3.9368 1
3.93685 1
3.93689 1
3.93694 1
3.93699 1
3.93704 1
3.93709 1
3.93713 1
3.93718 1
3.93723 1
3.93728 1
3.93733 1
3.93738 1
3.93742 1
3.93747 1
3.93752 1
3.93757 1
3.93762 1
3.93766 1
3.93771 1
3.93776 1
3.93781 1
3.93786 1
3.9379 1
3.93795 1
3.938 1
3.93805 1
3.9381 1
3.93814 1
3.93819 1
3.93824 1
3.93829 1
3.93834 1
3.93838 1
3.93843 1
3.93848 1
3.93853 1
3.93858 1
3.93862 1
3.93867 1
3.93872 1
3.93877 1
3.93882 1
3.93887 1
3.93891 1
3.93896 1
3.93901 1
3.93906 1
3.93911 1
3.93915 1
3.9392 1
3.93925 1
3.9393 1
3.93935 1
3.93939 1
3.93944 1
3.93949 1
3.93954 1
3.93959 1
3.93963 1
3.93968 1
3.93973 1
3.93978 1
3.93983 1
3.93987 1
3.93992 1
3.93997 1
3.94002 1
3.94007 1
3.94011 1
3.94016 1
3.94021 1
3.94026 1
3.94031 1
3.94036 1
3.9404 1
3.94045 1
3.9405 1
3.94055 1
3.9406 1
3.94064 1
3.94069 1
3.94074 1
3.94079 1
3.94084 1
3.94088 1
3.94093 1
3.94098 1
3.94103 1
3.94108 1
3.94112 1
3.94117 1
3.94122 1
3.94127 1
3.94132 1
3.94136 1
3.94141 1
3.94146 1
3.94151 1
3.94156 1
3.9416 1
3.94165 1
3.9417 1
3.94175 1
3.9418 1
3.94184 1
3.94189 1
3.94194 1
3.94199 1
3.94204 1
3.94209 1
3.94213 1
3.94218 1
3.94223 1
3.94228 1
3.94233 1
3.94237 1
3.94242 1
3.94247 1
3.94252 1
3.94257 1
3.94261 1
3.94266 1
3.94271 1
3.94276 1
3.94281 1
3.94285 1
3.9429 1
3.94295 1
3.943 1
3.94305 1
3.94309 1
3.94314 1
3.94319 1
3.94324 1
3.94329 1
3.94333 1
3.94338 1
3.94343 1
3.94348 1
3.94353 1
3.94358 1
3.94362 1
3.94367 1
3.94372 1
3.94377 1
3.94382 1
3.94386 1
3.94391 1
3.94396 1
3.94401 1
3.94406 1
3.9441 1
3.94415 1
3.9442 1
3.94425 1
3.9443 1
3.94434 1
3.94439 1
3.94444 1
3.94449 1
3.94454 1
3.94458 1
3.94463 1
3.94468 1
3.94473 1
3.94478 1
3.94482 1
3.94487 1
3.94492 1
3.94497 1
3.94502 1
3.94507 1
3.94511 1
3.94516 1
3.94521 1
3.94526 1
3.94531 1
3.94535 1
3.9454 1
3.94545 1
3.9455 1
3.94555 1
3.94559 1
3.94564 1
3.94569 1
3.94574 1
3.94579 1
3.94583 1
3.94588 1
3.94593 1
3.94598 1
3.94603 1
3.94607 1
3.94612 1
3.94617 1
3.94622 1
3.94627 1
3.94631 1
3.94636 1
3.94641 1
3.94646 1
3.94651 1
3.94656 1
3.9466 1
3.94665 1
3.9467 1
3.94675 1
3.9468 1
3.94684 1
3.94689 1
3.94694 1
3.94699 1
3.94704 1
3.94708 1
3.94713 1
3.94718 1
3.94723 1
3.94728 1
3.94732 1
3.94737 1
3.94742 1
3.94747 1
3.94752 1
3.94756 1
3.94761 1
3.94766 1
3.94771 1
3.94776 1
3.9478 1
3.94785 1
3.9479 1
3.94795 1
3.948 1
3.94805 1
3.94809 1
3.94814 1
3.94819 1
3.94824 1
3.94829 1
3.94833 1
3.94838 1
3.94843 1
3.94848 1
3.94853 1
3.94857 1
3.94862 1
3.94867 1
3.94872 1
3.94877 1
3.94881 1
3.94886 1
3.94891 1
3.94896 1
3.94901 1
3.94905 1
3.9491 1
3.94915 1
3.9492 1
3.94925 1
3.94929 1
3.94934 1
3.94939 1
3.94944 1
3.94949 1
3.94954 1
3.94958 1
3.94963 1
3.94968 1
3.94973 1
3.94978 1
3.94982 1
3.94987 1
3.94992 1
3.94997 1
3.95002 1
3.95006 1
3.95011 1
3.95016 1
3.95021 1
3.95026 1
3.9503 1
3.95035 1
3.9504 1
3.95045 1
3.9505 1
3.95054 1
3.95059 1
3.95064 1
3.95069 1
3.95074 1
3.95078 1
3.95083 1
3.95088 1
3.95093 1
3.95098 1
3.95103 1
3.95107 1
3.95112 1
3.95117 1
3.95122 1
3.95127 1
3.95131 1
3.95136 1
3.95141 1
3.95146 1
3.95151 1
3.95155 1
3.9516 1
3.95165 1
3.9517 1
3.95175 1
3.95179 1
3.95184 1
3.95189 1
3.95194 1
3.95199 1
3.95203 1
3.95208 1
3.95213 1
3.95218 1
3.95223 1
3.95227 1
3.95232 1
3.95237 1
3.95242 1
3.95247 1
3.95252 1
3.95256 1
3.95261 1
3.95266 1
3.95271 1
3.95276 1
3.9528 1
3.95285 1
3.9529 1
3.95295 1
3.953 1
3.95304 1
3.95309 1
3.95314 1
3.95319 1
3.95324 1
3.95328 1
3.95333 1
3.95338 1
3.95343 1
3.95348 1
3.95352 1
3.95357 1
3.95362 1
3.95367 1
3.95372 1
3.95376 1
3.95381 1
3.95386 1
3.95391 1
3.95396 1
3.95401 1
3.95405 1
3.9541 1
3.95415 1
3.9542 1
3.95425 1
3.95429 1
3.95434 1
3.95439 1
3.95444 1
3.95449 1
3.95453 1
3.95458 1
3.95463 1
3.95468 1
3.95473 1
3.95477 1
3.95482 1
3.95487 1
3.95492 1
3.95497 1
3.95501 1
3.95506 1
3.95511 1
3.95516 1
3.95521 1
3.95525 1
3.9553 1
3.95535 1
3.9554 1
3.95545 1
3.9555 1
3.95554 1
3.95559 1
3.95564 1
3.95569 1
3.95574 1
3.95578 1
3.95583 1
3.95588 1
3.95593 1
3.95598 1
3.95602 1
3.95607 1
3.95612 1
3.95617 1
3.95622 1
3.95626 1
3.95631 1
3.95636 1
3.95641 1
3.95646 1
3.9565 1
3.95655 1
3.9566 1
3.95665 1
3.9567 1
3.95674 1
3.95679 1
3.95684 1
3.95689 1
3.95694 1
3.95699 1
3.95703 1
3.95708 1
3.95713 1
3.95718 1
3.95723 1
3.95727 1
3.95732 1
3.95737 1
3.95742 1
3.95747 1
3.95751 1
3.95756 1
3.95761 1
3.95766 1
3.95771 1
3.95775 1
3.9578 1
3.95785 1
3.9579 1
3.95795 1
3.95799 1
3.95804 1
3.95809 1
3.95814 1
3.95819 1
3.95823 1
3.95828 1
3.95833 1
3.95838 1
3.95843 1
3.95848 1
3.95852 1
3.95857 1
3.95862 1
3.95867 1
3.95872 1
3.95876 1
3.95881 1
3.95886 1
3.95891 1
3.95896 1
3.959 1
3.95905 1
3.9591 1
3.95915 1
3.9592 1
3.95924 1
3.95929 1
3.95934 1
3.95939 1
3.95944 1
3.95948 1
3.95953 1
3.95958 1
3.95963 1
3.95968 1
3.95972 1
3.95977 1
3.95982 1
3.95987 1
3.95992 1
3.95997 1
3.96001 1
3.96006 1
3.96011 1
3.96016 1
3.96021 1
3.96025 1
3.9603 1
3.96035 1
3.9604 1
3.96045 1
3.96049 1
3.96054 1
3.96059 1
3.96064 1
3.96069 1
3.96073 1
3.96078 1
3.96083 1
3.96088 1
3.96093 1
3.96097 1
3.96102 1
3.96107 1
3.96112 1
3.96117 1
3.96121 1
3.96126 1
3.96131 1
3.96136 1
3.96141 1
3.96146 1
3.9615 1
3.96155 1
3.9616 1
3.96165 1
3.9617 1
3.96174 1
3.96179 1
3.96184 1
3.96189 1
3.96194 1
3.96198 1
3.96203 1
3.96208 1
3.96213 1
3.96218 1
3.96222 1
3.96227 1
3.96232 1
3.96237 1
3.96242 1
3.96246 1
3.96251 1
3.96256 1
3.96261 1
3.96266 1
3.9627 1
3.96275 1
3.9628 1
3.96285 1
3.9629 1
3.96295 1
3.96299 1
3.96304 1
3.96309 1
3.96314 1
3.96319 1
3.96323 1
3.96328 1
3.96333 1
3.96338 1
3.96343 1
3.96347 1
3.96352 1
3.96357 1
3.96362 1
3.96367 1
3.96371 1
3.96376 1
3.96381 1
3.96386 1
3.96391 1
3.96395 1
3.964 1
3.96405 1
3.9641 1
3.96415 1
3.96419 1
3.96424 1
3.96429 1
3.96434 1
3.96439 1
3.96444 1
3.96448 1
3.96453 1
3.96458 1
3.96463 1
3.96468 1
3.96472 1
3.96477 1
3.96482 1
3.96487 1
3.96492 1
3.96496 1
3.96501 1
3.96506 1
3.96511 1
3.96516 1
3.9652 1
3.96525 1
3.9653 1
3.96535 1
3.9654 1
3.96544 1
3.96549 1
3.96554 1
3.96559 1
3.96564 1
3.96568 1
3.96573 1
3.96578 1
3.96583 1
3.96588 1
3.96593 1
3.96597 1
3.96602 1
3.96607 1
3.96612 1
3.96617 1
3.96621 1
3.96626 1
3.96631 1
3.96636 1
3.96641 1
3.96645 1
3.9665 1
3.96655 1
3.9666 1
3.96665 1
3.96669 1
3.96674 1
3.96679 1
3.96684 1
3.96689 1
3.96693 1
3.96698 1
3.96703 1
3.96708 1
3.96713 1
3.96717 1
3.96722 1
3.96727 1
3.96732 1
3.96737 1
3.96742 1
3.96746 1
3.96751 1
3.96756 1
3.96761 1
3.96766 1
3.9677 1
3.96775 1
3.9678 1
3.96785 1
3.9679 1
3.96794 1
3.96799 1
3.96804 1
3.96809 1
3.96814 1
3.96818 1
3.96823 1
3.96828 1
3.96833 1
3.96838 1
3.96842 1
3.96847 1
3.96852 1
3.96857 1
3.96862 1
3.96866 1
3.96871 1
3.96876 1
3.96881 1
3.96886 1
3.96891 1
3.96895 1
3.969 1
3.96905 1
3.9691 1
3.96915 1
3.96919 1
3.96924 1
3.96929 1
3.96934 1
3.96939 1
3.96943 1
3.96948 1
3.96953 1
3.96958 1
3.96963 1
3.96967 1
3.96972 1
3.96977 1
3.96982 1
3.96987 1
3.96991 1
3.96996 1
3.97001 1
3.97006 1
3.97011 1
3.97015 1
3.9702 1
3.97025 1
3.9703 1
3.97035 1
3.9704 1
3.97044 1
3.97049 1
3.97054 1
3.97059 1
3.97064 1
3.97068 1
3.97073 1
3.97078 1
3.97083 1
3.97088 1
3.97092 1
3.97097 1
3.97102 1
3.97107 1
3.97112 1
3.97116 1
3.97121 1
3.97126 1
3.97131 1
3.97136 1
3.9714 1
3.97145 1
3.9715 1
3.97155 1
3.9716 1
3.97164 1
3.97169 1
3.97174 1
3.97179 1
3.97184 1
3.97188 1
3.97193 1
3.97198 1
3.97203 1
3.97208 1
3.97213 1
3.97217 1
3.97222 1
3.97227 1
3.97232 1
3.97237 1
3.97241 1
3.97246 1
3.97251 1
3.97256 1
3.97261 1
3.97265 1
3.9727 1
3.97275 1
3.9728 1
3.97285 1
3.97289 1
3.97294 1
3.97299 1
3.97304 1
3.97309 1
3.97313 1
3.97318 1
3.97323 1
3.97328 1
3.97333 1
3.97337 1
3.97342 1
3.97347 1
3.97352 1
3.97357 1
3.97362 1
3.97366 1
3.97371 1
3.97376 1
3.97381 1
3.97386 1
3.9739 1
3.97395 1
3.974 1
3.97405 1
3.9741 1
3.97414 1
3.97419 1
3.97424 1
3.97429 1
3.97434 1
3.97438 1
3.97443 1
3.97448 1
3.97453 1
3.97458 1
3.97462 1
3.97467 1
3.97472 1
3.97477 1
3.97482 1
3.97486 1
3.97491 1
3.97496 1
3.97501 1
3.97506 1
3.97511 1
3.97515 1
3.9752 1
3.97525 1
3.9753 1
3.97535 1
3.97539 1
3.97544 1
3.97549 1
3.97554 1
3.97559 1
3.97563 1
3.97568 1
3.97573 1
3.97578 1
3.97583 1
3.97587 1
3.97592 1
3.97597 1
3.97602 1
3.97607 1
3.97611 1
3.97616 1
3.97621 1
3.97626 1
3.97631 1
3.97635 1
3.9764 1
3.97645 1
3.9765 1
3.97655 1
3.9766 1
3.97664 1
3.97669 1
3.97674 1
3.97679 1
3.97684 1
3.97688 1
3.97693 1
3.97698 1
3.97703 1
3.97708 1
3.97712 1
3.97717 1
3.97722 1
3.97727 1
3.97732 1
3.97736 1
3.97741 1
3.97746 1
3.97751 1
3.97756 1
3.9776 1
3.97765 1
3.9777 1
3.97775 1
3.9778 1
3.97784 1
3.97789 1
3.97794 1
3.97799 1
3.97804 1
3.97809 1
3.97813 1
3.97818 1
3.97823 1
3.97828 1
3.97833 1
3.97837 1
3.97842 1
3.97847 1
3.97852 1
3.97857 1
3.97861 1
3.97866 1
3.97871 1
3.97876 1
3.97881 1
3.97885 1
3.9789 1
3.97895 1
3.979 1
3.97905 1
3.97909 1
3.97914 1
3.97919 1
3.97924 1
3.97929 1
3.97933 1
3.97938 1
3.97943 1
3.97948 1
3.97953 1
3.97958 1
3.97962 1
3.97967 1
3.97972 1
3.97977 1
3.97982 1
3.97986 1
3.97991 1
3.97996 1
3.98001 1
3.98006 1
3.9801 1
3.98015 1
3.9802 1
3.98025 1
3.9803 1
3.98034 1
3.98039 1
3.98044 1
3.98049 1
3.98054 1
3.98058 1
3.98063 1
3.98068 1
3.98073 1
3.98078 1
3.98082 1
3.98087 1
3.98092 1
3.98097 1
3.98102 1
3.98107 1
3.98111 1
3.98116 1
3.98121 1
3.98126 1
3.98131 1
3.98135 1
3.9814 1
3.98145 1
3.9815 1
3.98155 1
3.98159 1
3.98164 1
3.98169 1
3.98174 1
3.98179 1
3.98183 1
3.98188 1
3.98193 1
3.98198 1
3.98203 1
3.98207 1
3.98212 1
3.98217 1
3.98222 1
3.98227 1
3.98231 1
3.98236 1
3.98241 1
3.98246 1
3.98251 1
3.98256 1
3.9826 1
3.98265 1
3.9827 1
3.98275 1
3.9828 1
3.98284 1
3.98289 1
3.98294 1
3.98299 1
3.98304 1
3.98308 1
3.98313 1
3.98318 1
3.98323 1
3.98328 1
3.98332 1
3.98337 1
3.98342 1
3.98347 1
3.98352 1
3.98356 1
3.98361 1
3.98366 1
3.98371 1
3.98376 1
3.9838 1
3.98385 1
3.9839 1
3.98395 1
3.984 1
3.98405 1
3.98409 1
3.98414 1
3.98419 1
3.98424 1
3.98429 1
3.98433 1
3.98438 1
3.98443 1
3.98448 1
3.98453 1
3.98457 1
3.98462 1
3.98467 1
3.98472 1
3.98477 1
3.98481 1
3.98486 1
3.98491 1
3.98496 1
3.98501 1
3.98505 1
3.9851 1
3.98515 1
3.9852 1
3.98525 1
3.98529 1
3.98534 1
3.98539 1
3.98544 1
3.98549 1
3.98554 1
3.98558 1
3.98563 1
3.98568 1
3.98573 1
3.98578 1
3.98582 1
3.98587 1
3.98592 1
3.98597 1
3.98602 1
3.98606 1
3.98611 1
3.98616 1
3.98621 1
3.98626 1
3.9863 1
3.98635 1
3.9864 1
3.98645 1
3.9865 1
3.98654 1
3.98659 1
3.98664 1
3.98669 1
3.98674 1
3.98678 1
3.98683 1
3.98688 1
3.98693 1
3.98698 1
3.98703 1
3.98707 1
3.98712 1
3.98717 1
3.98722 1
3.98727 1
3.98731 1
3.98736 1
3.98741 1
3.98746 1
3.98751 1
3.98755 1
3.9876 1
3.98765 1
3.9877 1
3.98775 1
3.98779 1
3.98784 1
3.98789 1
3.98794 1
3.98799 1
3.98803 1
3.98808 1
3.98813 1
3.98818 1
3.98823 1
3.98827 1
3.98832 1
3.98837 1
3.98842 1
3.98847 1
3.98852 1
3.98856 1
3.98861 1
3.98866 1
3.98871 1
3.98876 1
3.9888 1
3.98885 1
3.9889 1
3.98895 1
3.989 1
3.98904 1
3.98909 1
3.98914 1
3.98919 1
3.98924 1
3.98928 1
3.98933 1
3.98938 1
3.98943 1
3.98948 1
3.98952 1
3.98957 1
3.98962 1
3.98967 1
3.98972 1
3.98976 1
3.98981 1
3.98986 1
3.98991 1
3.98996 1
3.99001 1
3.99005 1
3.9901 1
3.99015 1
3.9902 1
3.99025 1
3.99029 1
3.99034 1
3.99039 1
3.99044 1
3.99049 1
3.99053 1
3.99058 1
3.99063 1
3.99068 1
3.99073 1
3.99077 1
3.99082 1
3.99087 1
3.99092 1
3.99097 1
3.99101 1
3.99106 1
3.99111 1
3.99116 1
3.99121 1
3.99125 1
3.9913 1
3.99135 1
3.9914 1
3.99145 1
3.9915 1
3.99154 1
3.99159 1
3.99164 1
3.99169 1
3.99174 1
3.99178 1
3.99183 1
3.99188 1
3.99193 1
3.99198 1
3.99202 1
3.99207 1
3.99212 1
3.99217 1
3.99222 1
3.99226 1
3.99231 1
3.99236 1
3.99241 1
3.99246 1
3.9925 1
3.99255 1
3.9926 1
3.99265 1
3.9927 1
3.99274 1
3.99279 1
3.99284 1
3.99289 1
3.99294 1
3.99299 1
3.99303 1
3.99308 1
3.99313 1
3.99318 1
3.99323 1
3.99327 1
3.99332 1
3.99337 1
3.99342 1
3.99347 1
3.99351 1
3.99356 1
3.99361 1
3.99366 1
3.99371 1
3.99375 1
3.9938 1
3.99385 1
3.9939 1
3.99395 1
3.99399 1
3.99404 1
3.99409 1
3.99414 1
3.99419 1
3.99423 1
3.99428 1
3.99433 1
3.99438 1
3.99443 1
3.99448 1
3.99452 1
3.99457 1
3.99462 1
3.99467 1
3.99472 1
3.99476 1
3.99481 1
3.99486 1
3.99491 1
3.99496 1
3.995 1
3.99505 1
3.9951 1
3.99515 1
3.9952 1
3.99524 1
3.99529 1
3.99534 1
3.99539 1
3.99544 1
3.99548 1
3.99553 1
3.99558 1
3.99563 1
3.99568 1
3.99572 1
3.99577 1
3.99582 1
3.99587 1
3.99592 1
3.99597 1
3.99601 1
3.99606 1
3.99611 1
3.99616 1
3.99621 1
3.99625 1
3.9963 1
3.99635 1
3.9964 1
3.99645 1
3.99649 1
3.99654 1
3.99659 1
3.99664 1
3.99669 1
3.99673 1
3.99678 1
3.99683 1
3.99688 1
3.99693 1
3.99697 1
3.99702 1
3.99707 1
3.99712 1
3.99717 1
3.99721 1
3.99726 1
3.99731 1
3.99736 1
3.99741 1
3.99746 1
3.9975 1
3.99755 1
3.9976 1
3.99765 1
3.9977 1
3.99774 1
3.99779 1
3.99784 1
3.99789 1
3.99794 1
3.99798 1
3.99803 1
3.99808 1
3.99813 1
3.99818 1
3.99822 1
3.99827 1
3.99832 1
3.99837 1
3.99842 1
3.99846 1
3.99851 1
3.99856 1
3.99861 1
3.99866 1
3.9987 1
3.99875 1
3.9988 1
3.99885 1
3.9989 1
3.99895 1
3.99899 1
3.99904 1
3.99909 1
3.99914 1
3.99919 1
3.99923 1
3.99928 1
3.99933 1
3.99938 1
3.99943 1
3.99947 1
3.99952 1
3.99957 1
3.99962 1
3.99967 1
3.99971 1
3.99976 1
3.99981 1
3.99986 1
3.99991 1
3.99995 1
4 1
4.00005 1
4.0001 1
4.00015 1
4.00019 1
4.00024 1
4.00029 1
4.00034 1
4.00039 1
4.00044 1
4.00048 1
4.00053 1
4.00058 1
4.00063 1
4.00068 1
4.00072 1
4.00077 1
4.00082 1
4.00087 1
4.00092 1
4.00096 1
4.00101 1
4.00106 1
4.00111 1
4.00116 1
4.0012 1
4.00125 1
4.0013 1
4.00135 1
4.0014 1
4.00144 1
4.00149 1
4.00154 1
4.00159 1
4.00164 1
4.00168 1
4.00173 1
4.00178 1
4.00183 1
4.00188 1
4.00192 1
4.00197 1
4.00202 1
4.00207 1
4.00212 1
4.00217 1
4.00221 1
4.00226 1
4.00231 1
4.00236 1
4.00241 1
4.00245 1
4.0025 1
4.00255 1
4.0026 1
4.00265 1
4.00269 1
4.00274 1
4.00279 1
4.00284 1
4.00289 1
4.00293 1
4.00298 1
4.00303 1
4.00308 1
4.00313 1
4.00317 1
4.00322 1
4.00327 1
4.00332 1
4.00337 1
4.00341 1
4.00346 1
4.00351 1
4.00356 1
4.00361 1
4.00366 1
4.0037 1
4.00375 1
4.0038 1
4.00385 1
4.0039 1
4.00394 1
4.00399 1
4.00404 1
4.00409 1
4.00414 1
4.00418 1
4.00423 1
4.00428 1
4.00433 1
4.00438 1
4.00442 1
4.00447 1
4.00452 1
4.00457 1
4.00462 1
4.00466 1
4.00471 1
4.00476 1
4.00481 1
4.00486 1
4.0049 1
4.00495 1
4.005 1
4.00505 1
4.0051 1
4.00515 1
4.00519 1
4.00524 1
4.00529 1
4.00534 1
4.00539 1
4.00543 1
4.00548 1
4.00553 1
4.00558 1
4.00563 1
4.00567 1
4.00572 1
4.00577 1
4.00582 1
4.00587 1
4.00591 1
4.00596 1
4.00601 1
4.00606 1
4.00611 1
4.00615 1
4.0062 1
4.00625 1
4.0063 1
4.00635 1
4.00639 1
4.00644 1
4.00649 1
4.00654 1
4.00659 1
4.00664 1
4.00668 1
4.00673 1
4.00678 1
4.00683 1
4.00688 1
4.00692 1
4.00697 1
4.00702 1
4.00707 1
4.00712 1
4.00716 1
4.00721 1
4.00726 1
4.00731 1
4.00736 1
4.0074 1
4.00745 1
4.0075 1
4.00755 1
4.0076 1
4.00764 1
4.00769 1
4.00774 1
4.00779 1
4.00784 1
4.00788 1
4.00793 1
4.00798 1
4.00803 1
4.00808 1
4.00813 1
4.00817 1
4.00822 1
4.00827 1
4.00832 1
4.00837 1
4.00841 1
4.00846 1
4.00851 1
4.00856 1
4.00861 1
4.00865 1
4.0087 1
4.00875 1
4.0088 1
4.00885 1
4.00889 1
4.00894 1
4.00899 1
4.00904 1
4.00909 1
4.00913 1
4.00918 1
4.00923 1
4.00928 1
4.00933 1
4.00937 1
4.00942 1
4.00947 1
4.00952 1
4.00957 1
4.00962 1
4.00966 1
4.00971 1
4.00976 1
4.00981 1
4.00986 1
4.0099 1
4.00995 1
4.01 1
4.01005 1
4.0101 1
4.01014 1
4.01019 1
4.01024 1
4.01029 1
4.01034 1
4.01038 1
4.01043 1
4.01048 1
4.01053 1
4.01058 1
4.01062 1
4.01067 1
4.01072 1
4.01077 1
4.01082 1
4.01086 1
4.01091 1
4.01096 1
4.01101 1
4.01106 1
4.01111 1
4.01115 1
4.0112 1
4.01125 1
4.0113 1
4.01135 1
4.01139 1
4.01144 1
4.01149 1
4.01154 1
4.01159 1
4.01163 1
4.01168 1
4.01173 1
4.01178 1
4.01183 1
4.01187 1
4.01192 1
4.01197 1
4.01202 1
4.01207 1
4.01211 1
4.01216 1
4.01221 1
4.01226 1
4.01231 1
4.01235 1
4.0124 1
4.01245 1
4.0125 1
4.01255 1
4.0126 1
4.01264 1
4.01269 1
4.01274 1
4.01279 1
4.01284 1
4.01288 1
4.01293 1
4.01298 1
4.01303 1
4.01308 1
4.01312 1
4.01317 1
4.01322 1
4.01327 1
4.01332 1
4.01336 1
4.01341 1
4.01346 1
4.01351 1
4.01356 1
4.0136 1
4.01365 1
4.0137 1
4.01375 1
4.0138 1
4.01384 1
4.01389 1
4.01394 1
4.01399 1
4.01404 1
4.01409 1
4.01413 1
4.01418 1
4.01423 1
4.01428 1
4.01433 1
4.01437 1
4.01442 1
4.01447 1
4.01452 1
4.01457 1
4.01461 1
4.01466 1
4.01471 1
4.01476 1
4.01481 1
4.01485 1
4.0149 1
4.01495 1
4.015 1
4.01505 1
4.01509 1
4.01514 1
4.01519 1
4.01524 1
4.01529 1
4.01533 1
4.01538 1
4.01543 1
4.01548 1
4.01553 1
4.01558 1
4.01562 1
4.01567 1
4.01572 1
4.01577 1
4.01582 1
4.01586 1
4.01591 1
4.01596 1
4.01601 1
4.01606 1
4.0161 1
4.01615 1
4.0162 1
4.01625 1
4.0163 1
4.01634 1
4.01639 1
4.01644 1
4.01649 1
4.01654 1
4.01658 1
4.01663 1
4.01668 1
4.01673 1
4.01678 1
4.01682 1
4.01687 1
4.01692 1
4.01697 1
4.01702 1
4.01707 1
4.01711 1
4.01716 1
4.01721 1
4.01726 1
4.01731 1
4.01735 1
4.0174 1
4.01745 1
4.0175 1
4.01755 1
4.01759 1
4.01764 1
4.01769 1
4.01774 1
4.01779 1
4.01783 1
4.01788 1
4.01793 1
4.01798 1
4.01803 1
4.01807 1
4.01812 1
4.01817 1
4.01822 1
4.01827 1
4.01831 1
4.01836 1
4.01841 1
4.01846 1
4.01851 1
4.01856 1
4.0186 1
4.01865 1
4.0187 1
4.01875 1
4.0188 1
4.01884 1
4.01889 1
4.01894 1
4.01899 1
4.01904 1
4.01908 1
4.01913 1
4.01918 1
4.01923 1
4.01928 1
4.01932 1
4.01937 1
4.01942 1
4.01947 1
4.01952 1
4.01956 1
4.01961 1
4.01966 1
4.01971 1
4.01976 1
4.0198 1
4.01985 1
4.0199 1
4.01995 1
4.02 1
4.02005 1
4.02009 1
4.02014 1
4.02019 1
4.02024 1
4.02029 1
4.02033 1
4.02038 1
4.02043 1
4.02048 1
4.02053 1
4.02057 1
4.02062 1
4.02067 1
4.02072 1
4.02077 1
4.02081 1
4.02086 1
4.02091 1
4.02096 1
4.02101 1
4.02105 1
4.0211 1
4.02115 1
4.0212 1
4.02125 1
4.02129 1
4.02134 1
4.02139 1
4.02144 1
4.02149 1
4.02154 1
4.02158 1
4.02163 1
4.02168 1
4.02173 1
4.02178 1
4.02182 1
4.02187 1
4.02192 1
4.02197 1
4.02202 1
4.02206 1
4.02211 1
4.02216 1
4.02221 1
4.02226 1
4.0223 1
4.02235 1
4.0224 1
4.02245 1
4.0225 1
4.02254 1
4.02259 1
4.02264 1
4.02269 1
4.02274 1
4.02278 1
4.02283 1
4.02288 1
4.02293 1
4.02298 1
4.02303 1
4.02307 1
4.02312 1
4.02317 1
4.02322 1
4.02327 1
4.02331 1
4.02336 1
4.02341 1
4.02346 1
4.02351 1
4.02355 1
4.0236 1
4.02365 1
4.0237 1
4.02375 1
4.02379 1
4.02384 1
4.02389 1
4.02394 1
4.02399 1
4.02403 1
4.02408 1
4.02413 1
4.02418 1
4.02423 1
4.02427 1
4.02432 1
4.02437 1
4.02442 1
4.02447 1
4.02452 1
4.02456 1
4.02461 1
4.02466 1
4.02471 1
4.02476 1
4.0248 1
4.02485 1
4.0249 1
4.02495 1
4.025 1
4.02504 1
4.02509 1
4.02514 1
4.02519 1
4.02524 1
4.02528 1
4.02533 1
4.02538 1
4.02543 1
4.02548 1
4.02552 1
4.02557 1
4.02562 1
4.02567 1
4.02572 1
4.02576 1
4.02581 1
4.02586 1
4.02591 1
4.02596 1
4.02601 1
4.02605 1
4.0261 1
4.02615 1
4.0262 1
4.02625 1
4.02629 1
4.02634 1
4.02639 1
4.02644 1
4.02649 1
4.02653 1
4.02658 1
4.02663 1
4.02668 1
4.02673 1
4.02677 1
4.02682 1
4.02687 1
4.02692 1
4.02697 1
4.02701 1
4.02706 1
4.02711 1
4.02716 1
4.02721 1
4.02725 1
4.0273 1
4.02735 1
4.0274 1
4.02745 1
4.0275 1
4.02754 1
4.02759 1
4.02764 1
4.02769 1
4.02774 1
4.02778 1
4.02783 1
4.02788 1
4.02793 1
4.02798 1
4.02802 1
4.02807 1
4.02812 1
4.02817 1
4.02822 1
4.02826 1
4.02831 1
4.02836 1
4.02841 1
4.02846 1
4.0285 1
4.02855 1
4.0286 1
4.02865 1
4.0287 1
4.02874 1
4.02879 1
4.02884 1
4.02889 1
4.02894 1
4.02899 1
4.02903 1
4.02908 1
4.02913 1
4.02918 1
4.02923 1
4.02927 1
4.02932 1
4.02937 1
4.02942 1
4.02947 1
4.02951 1
4.02956 1
4.02961 1
4.02966 1
4.02971 1
4.02975 1
4.0298 1
4.02985 1
4.0299 1
4.02995 1
4.02999 1
4.03004 1
4.03009 1
4.03014 1
4.03019 1
4.03023 1
4.03028 1
4.03033 1
4.03038 1
4.03043 1
4.03048 1
4.03052 1
4.03057 1
4.03062 1
4.03067 1
4.03072 1
4.03076 1
4.03081 1
4.03086 1
4.03091 1
4.03096 1
4.031 1
4.03105 1
4.0311 1
4.03115 1
4.0312 1
4.03124 1
4.03129 1
4.03134 1
4.03139 1
4.03144 1
4.03148 1
4.03153 1
4.03158 1
4.03163 1
4.03168 1
4.03172 1
4.03177 1
4.03182 1
4.03187 1
4.03192 1
4.03196 1
4.03201 1
4.03206 1
4.03211 1
4.03216 1
4.03221 1
4.03225 1
4.0323 1
4.03235 1
4.0324 1
4.03245 1
4.03249 1
4.03254 1
4.03259 1
4.03264 1
4.03269 1
4.03273 1
4.03278 1
4.03283 1
4.03288 1
4.03293 1
4.03297 1
4.03302 1
4.03307 1
4.03312 1
4.03317 1
4.03321 1
4.03326 1
4.03331 1
4.03336 1
4.03341 1
4.03345 1
4.0335 1
4.03355 1
4.0336 1
4.03365 1
4.0337 1
4.03374 1
4.03379 1
4.03384 1
4.03389 1
4.03394 1
4.03398 1
4.03403 1
4.03408 1
4.03413 1
4.03418 1
4.03422 1
4.03427 1
4.03432 1
4.03437 1
4.03442 1
4.03446 1
4.03451 1
4.03456 1
4.03461 1
4.03466 1
4.0347 1
4.03475 1
4.0348 1
4.03485 1
4.0349 1
4.03494 1
4.03499 1
4.03504 1
4.03509 1
4.03514 1
4.03519 1
4.03523 1
4.03528 1
4.03533 1
4.03538 1
4.03543 1
4.03547 1
4.03552 1
4.03557 1
4.03562 1
4.03567 1
4.03571 1
4.03576 1
4.03581 1
4.03586 1
4.03591 1
4.03595 1
4.036 1
4.03605 1
4.0361 1
4.03615 1
4.03619 1
4.03624 1
4.03629 1
4.03634 1
4.03639 1
4.03643 1
4.03648 1
4.03653 1
4.03658 1
4.03663 1
4.03668 1
4.03672 1
4.03677 1
4.03682 1
4.03687 1
4.03692 1
4.03696 1
4.03701 1
4.03706 1
4.03711 1
4.03716 1
4.0372 1
4.03725 1
4.0373 1
4.03735 1
4.0374 1
4.03744 1
4.03749 1
4.03754 1
4.03759 1
4.03764 1
4.03768 1
4.03773 1
4.03778 1
4.03783 1
4.03788 1
4.03792 1
4.03797 1
4.03802 1
4.03807 1
4.03812 1
4.03817 1
4.03821 1
4.03826 1
4.03831 1
4.03836 1
4.03841 1
4.03845 1
4.0385 1
4.03855 1
4.0386 1
4.03865 1
4.03869 1
4.03874 1
4.03879 1
4.03884 1
4.03889 1
4.03893 1
4.03898 1
4.03903 1
4.03908 1
4.03913 1
4.03917 1
4.03922 1
4.03927 1
4.03932 1
4.03937 1
4.03941 1
4.03946 1
4.03951 1
4.03956 1
4.03961 1
4.03966 1
4.0397 1
4.03975 1
4.0398 1
4.03985 1
4.0399 1
4.03994 1
4.03999 1
4.04004 1
4.04009 1
4.04014 1
4.04018 1
4.04023 1
4.04028 1
4.04033 1
4.04038 1
4.04042 1
4.04047 1
4.04052 1
4.04057 1
4.04062 1
4.04066 1
4.04071 1
4.04076 1
4.04081 1
4.04086 1
4.0409 1
4.04095 1
4.041 1
4.04105 1
4.0411 1
4.04115 1
4.04119 1
4.04124 1
4.04129 1
4.04134 1
4.04139 1
4.04143 1
4.04148 1
4.04153 1
4.04158 1
4.04163 1
4.04167 1
4.04172 1
4.04177 1
4.04182 1
4.04187 1
4.04191 1
4.04196 1
4.04201 1
4.04206 1
4.04211 1
4.04215 1
4.0422 1
4.04225 1
4.0423 1
4.04235 1
4.04239 1
4.04244 1
4.04249 1
4.04254 1
4.04259 1
4.04264 1
4.04268 1
4.04273 1
4.04278 1
4.04283 1
4.04288 1
4.04292 1
4.04297 1
4.04302 1
4.04307 1
4.04312 1
4.04316 1
4.04321 1
4.04326 1
4.04331 1
4.04336 1
4.0434 1
4.04345 1
4.0435 1
4.04355 1
4.0436 1
4.04364 1
4.04369 1
4.04374 1
4.04379 1
4.04384 1
4.04388 1
4.04393 1
4.04398 1
4.04403 1
4.04408 1
4.04413 1
4.04417 1
4.04422 1
4.04427 1
4.04432 1
4.04437 1
4.04441 1
4.04446 1
4.04451 1
4.04456 1
4.04461 1
4.04465 1
4.0447 1
4.04475 1
4.0448 1
4.04485 1
4.04489 1
4.04494 1
4.04499 1
4.04504 1
4.04509 1
4.04513 1
4.04518 1
4.04523 1
4.04528 1
4.04533 1
4.04537 1
4.04542 1
4.04547 1
4.04552 1
4.04557 1
4.04562 1
4.04566 1
4.04571 1
4.04576 1
4.04581 1
4.04586 1
4.0459 1
4.04595 1
4.046 1
4.04605 1
4.0461 1
4.04614 1
4.04619 1
4.04624 1
4.04629 1
4.04634 1
4.04638 1
4.04643 1
4.04648 1
4.04653 1
4.04658 1
4.04662 1
4.04667 1
4.04672 1
4.04677 1
4.04682 1
4.04686 1
4.04691 1
4.04696 1
4.04701 1
4.04706 1
4.04711 1
4.04715 1
4.0472 1
4.04725 1
4.0473 1
4.04735 1
4.04739 1
4.04744 1
4.04749 1
4.04754 1
4.04759 1
4.04763 1
4.04768 1
4.04773 1
4.04778 1
4.04783 1
4.04787 1
4.04792 1
4.04797 1
4.04802 1
4.04807 1
4.04811 1
4.04816 1
4.04821 1
4.04826 1
4.04831 1
4.04835 1
4.0484 1
4.04845 1
4.0485 1
4.04855 1
4.0486 1
4.04864 1
4.04869 1
4.04874 1
4.04879 1
4.04884 1
4.04888 1
4.04893 1
4.04898 1
4.04903 1
4.04908 1
4.04912 1
4.04917 1
4.04922 1
4.04927 1
4.04932 1
4.04936 1
4.04941 1
4.04946 1
4.04951 1
4.04956 1
4.0496 1
4.04965 1
4.0497 1
4.04975 1
4.0498 1
4.04984 1
4.04989 1
4.04994 1
4.04999 1
4.05004 1
4.05009 1
4.05013 1
4.05018 1
4.05023 1
4.05028 1
4.05033 1
4.05037 1
4.05042 1
4.05047 1
4.05052 1
4.05057 1
4.05061 1
4.05066 1
4.05071 1
4.05076 1
4.05081 1
4.05085 1
4.0509 1
4.05095 1
4.051 1
4.05105 1
4.05109 1
4.05114 1
4.05119 1
4.05124 1
4.05129 1
4.05133 1
4.05138 1
4.05143 1
4.05148 1
4.05153 1
4.05158 1
4.05162 1
4.05167 1
4.05172 1
4.05177 1
4.05182 1
4.05186 1
4.05191 1
4.05196 1
4.05201 1
4.05206 1
4.0521 1
4.05215 1
4.0522 1
4.05225 1
4.0523 1
4.05234 1
4.05239 1
4.05244 1
4.05249 1
4.05254 1
4.05258 1
4.05263 1
4.05268 1
4.05273 1
4.05278 1
4.05282 1
4.05287 1
4.05292 1
4.05297 1
4.05302 1
4.05307 1
4.05311 1
4.05316 1
4.05321 1
4.05326 1
4.05331 1
4.05335 1
4.0534 1
4.05345 1
4.0535 1
4.05355 1
4.05359 1
4.05364 1
4.05369 1
4.05374 1
4.05379 1
4.05383 1
4.05388 1
4.05393 1
4.05398 1
4.05403 1
4.05407 1
4.05412 1
4.05417 1
4.05422 1
4.05427 1
4.05431 1
4.05436 1
4.05441 1
4.05446 1
4.05451 1
4.05456 1
4.0546 1
4.05465 1
4.0547 1
4.05475 1
4.0548 1
4.05484 1
4.05489 1
4.05494 1
4.05499 1
4.05504 1
4.05508 1
4.05513 1
4.05518 1
4.05523 1
4.05528 1
4.05532 1
4.05537 1
4.05542 1
4.05547 1
4.05552 1
4.05556 1
4.05561 1
4.05566 1
4.05571 1
4.05576 1
4.0558 1
4.05585 1
4.0559 1
4.05595 1
4.056 1
4.05605 1
4.05609 1
4.05614 1
4.05619 1
4.05624 1
4.05629 1
4.05633 1
4.05638 1
4.05643 1
4.05648 1
4.05653 1
4.05657 1
4.05662 1
4.05667 1
4.05672 1
4.05677 1
4.05681 1
4.05686 1
4.05691 1
4.05696 1
4.05701 1
4.05705 1
4.0571 1
4.05715 1
4.0572 1
4.05725 1
4.05729 1
4.05734 1
4.05739 1
4.05744 1
4.05749 1
4.05754 1
4.05758 1
4.05763 1
4.05768 1
4.05773 1
4.05778 1
4.05782 1
4.05787 1
4.05792 1
4.05797 1
4.05802 1
4.05806 1
4.05811 1
4.05816 1
4.05821 1
4.05826 1
4.0583 1
4.05835 1
4.0584 1
4.05845 1
4.0585 1
4.05854 1
4.05859 1
4.05864 1
4.05869 1
4.05874 1
4.05878 1
4.05883 1
4.05888 1
4.05893 1
4.05898 1
4.05903 1
4.05907 1
4.05912 1
4.05917 1
4.05922 1
4.05927 1
4.05931 1
4.05936 1
4.05941 1
4.05946 1
4.05951 1
4.05955 1
4.0596 1
4.05965 1
4.0597 1
4.05975 1
4.05979 1
4.05984 1
4.05989 1
4.05994 1
4.05999 1
4.06003 1
4.06008 1
4.06013 1
4.06018 1
4.06023 1
4.06027 1
4.06032 1
4.06037 1
4.06042 1
4.06047 1
4.06052 1
4.06056 1
4.06061 1
4.06066 1
4.06071 1
4.06076 1
4.0608 1
4.06085 1
4.0609 1
4.06095 1
4.061 1
4.06104 1
4.06109 1
4.06114 1
4.06119 1
4.06124 1
4.06128 1
4.06133 1
4.06138 1
4.06143 1
4.06148 1
4.06152 1
4.06157 1
4.06162 1
4.06167 1
4.06172 1
4.06176 1
4.06181 1
4.06186 1
4.06191 1
4.06196 1
4.062 1
4.06205 1
4.0621 1
4.06215 1
4.0622 1
4.06225 1
4.06229 1
4.06234 1
4.06239 1
4.06244 1
4.06249 1
4.06253 1
4.06258 1
4.06263 1
4.06268 1
4.06273 1
4.06277 1
4.06282 1
4.06287 1
4.06292 1
4.06297 1
4.06301 1
4.06306 1
4.06311 1
4.06316 1
4.06321 1
4.06325 1
4.0633 1
4.06335 1
4.0634 1
4.06345 1
4.06349 1
4.06354 1
4.06359 1
4.06364 1
4.06369 1
4.06374 1
4.06378 1
4.06383 1
4.06388 1
4.06393 1
4.06398 1
4.06402 1
4.06407 1
4.06412 1
4.06417 1
4.06422 1
4.06426 1
4.06431 1
4.06436 1
4.06441 1
4.06446 1
4.0645 1
4.06455 1
4.0646 1
4.06465 1
4.0647 1
4.06474 1
4.06479 1
4.06484 1
4.06489 1
4.06494 1
4.06498 1
4.06503 1
4.06508 1
4.06513 1
4.06518 1
4.06523 1
4.06527 1
4.06532 1
4.06537 1
4.06542 1
4.06547 1
4.06551 1
4.06556 1
4.06561 1
4.06566 1
4.06571 1
4.06575 1
4.0658 1
4.06585 1
4.0659 1
4.06595 1
4.06599 1
4.06604 1
4.06609 1
4.06614 1
4.06619 1
4.06623 1
4.06628 1
4.06633 1
4.06638 1
4.06643 1
4.06647 1
4.06652 1
4.06657 1
4.06662 1
4.06667 1
4.06672 1
4.06676 1
4.06681 1
4.06686 1
4.06691 1
4.06696 1
4.067 1
4.06705 1
4.0671 1
4.06715 1
4.0672 1
4.06724 1
4.06729 1
4.06734 1
4.06739 1
4.06744 1
4.06748 1
4.06753 1
4.06758 1
4.06763 1
4.06768 1
4.06772 1
4.06777 1
4.06782 1
4.06787 1
4.06792 1
4.06796 1
4.06801 1
4.06806 1
4.06811 1
4.06816 1
4.06821 1
4.06825 1
4.0683 1
4.06835 1
4.0684 1
4.06845 1
4.06849 1
4.06854 1
4.06859 1
4.06864 1
4.06869 1
4.06873 1
4.06878 1
4.06883 1
4.06888 1
4.06893 1
4.06897 1
4.06902 1
4.06907 1
4.06912 1
4.06917 1
4.06921 1
4.06926 1
4.06931 1
4.06936 1
4.06941 1
4.06945 1
4.0695 1
4.06955 1
4.0696 1
4.06965 1
4.0697 1
4.06974 1
4.06979 1
4.06984 1
4.06989 1
4.06994 1
4.06998 1
4.07003 1
4.07008 1
4.07013 1
4.07018 1
4.07022 1
4.07027 1
4.07032 1
4.07037 1
4.07042 1
4.07046 1
4.07051 1
4.07056 1
4.07061 1
4.07066 1
4.0707 1
4.07075 1
4.0708 1
4.07085 1
4.0709 1
4.07094 1
4.07099 1
4.07104 1
4.07109 1
4.07114 1
4.07119 1
4.07123 1
4.07128 1
4.07133 1
4.07138 1
4.07143 1
4.07147 1
4.07152 1
4.07157 1
4.07162 1
4.07167 1
4.07171 1
4.07176 1
4.07181 1
4.07186 1
4.07191 1
4.07195 1
4.072 1
4.07205 1
4.0721 1
4.07215 1
4.07219 1
4.07224 1
4.07229 1
4.07234 1
4.07239 1
4.07243 1
4.07248 1
4.07253 1
4.07258 1
4.07263 1
4.07268 1
4.07272 1
4.07277 1
4.07282 1
4.07287 1
4.07292 1
4.07296 1
4.07301 1
4.07306 1
4.07311 1
4.07316 1
4.0732 1
4.07325 1
4.0733 1
4.07335 1
4.0734 1
4.07344 1
4.07349 1
4.07354 1
4.07359 1
4.07364 1
4.07368 1
4.07373 1
4.07378 1
4.07383 1
4.07388 1
4.07392 1
4.07397 1
4.07402 1
4.07407 1
4.07412 1
4.07417 1
4.07421 1
4.07426 1
4.07431 1
4.07436 1
4.07441 1
4.07445 1
4.0745 1
4.07455 1
4.0746 1
4.07465 1
4.07469 1
4.07474 1
4.07479 1
4.07484 1
4.07489 1
4.07493 1
4.07498 1
4.07503 1
4.07508 1
4.07513 1
4.07517 1
4.07522 1
4.07527 1
4.07532 1
4.07537 1
4.07541 1
4.07546 1
4.07551 1
4.07556 1
4.07561 1
4.07566 1
4.0757 1
4.07575 1
4.0758 1
4.07585 1
4.0759 1
4.07594 1
4.07599 1
4.07604 1
4.07609 1
4.07614 1
4.07618 1
4.07623 1
4.07628 1
4.07633 1
4.07638 1
4.07642 1
4.07647 1
4.07652 1
4.07657 1
4.07662 1
4.07666 1
4.07671 1
4.07676 1
4.07681 1
4.07686 1
4.0769 1
4.07695 1
4.077 1
4.07705 1
4.0771 1
4.07715 1
4.07719 1
4.07724 1
4.07729 1
4.07734 1
4.07739 1
4.07743 1
4.07748 1
4.07753 1
4.07758 1
4.07763 1
4.07767 1
4.07772 1
4.07777 1
4.07782 1
4.07787 1
4.07791 1
4.07796 1
4.07801 1
4.07806 1
4.07811 1
4.07815 1
4.0782 1
4.07825 1
4.0783 1
4.07835 1
4.07839 1
4.07844 1
4.07849 1
4.07854 1
4.07859 1
4.07864 1
4.07868 1
4.07873 1
4.07878 1
4.07883 1
4.07888 1
4.07892 1
4.07897 1
4.07902 1
4.07907 1
4.07912 1
4.07916 1
4.07921 1
4.07926 1
4.07931 1
4.07936 1
4.0794 1
4.07945 1
4.0795 1
4.07955 1
4.0796 1
4.07964 1
4.07969 1
4.07974 1
4.07979 1
4.07984 1
4.07988 1
4.07993 1
4.07998 1
4.08003 1
4.08008 1
4.08013 1
4.08017 1
4.08022 1
4.08027 1
4.08032 1
4.08037 1
4.08041 1
4.08046 1
4.08051 1
4.08056 1
4.08061 1
4.08065 1
4.0807 1
4.08075 1
4.0808 1
4.08085 1
4.08089 1
4.08094 1
4.08099 1
4.08104 1
4.08109 1
4.08113 1
4.08118 1
4.08123 1
4.08128 1
4.08133 1
4.08137 1
4.08142 1
4.08147 1
4.08152 1
4.08157 1
4.08162 1
4.08166 1
4.08171 1
4.08176 1
4.08181 1
4.08186 1
4.0819 1
4.08195 1
4.082 1
4.08205 1
4.0821 1
4.08214 1
4.08219 1
4.08224 1
4.08229 1
4.08234 1
4.08238 1
4.08243 1
4.08248 1
4.08253 1
4.08258 1
4.08262 1
4.08267 1
4.08272 1
4.08277 1
4.08282 1
4.08286 1
4.08291 1
4.08296 1
4.08301 1
4.08306 1
4.08311 1
4.08315 1
4.0832 1
4.08325 1
4.0833 1
4.08335 1
4.08339 1
4.08344 1
4.08349 1
4.08354 1
4.08359 1
4.08363 1
4.08368 1
4.08373 1
4.08378 1
4.08383 1
4.08387 1
4.08392 1
4.08397 1
4.08402 1
4.08407 1
4.08411 1
4.08416 1
4.08421 1
4.08426 1
4.08431 1
4.08435 1
4.0844 1
4.08445 1
4.0845 1
4.08455 1
4.0846 1
4.08464 1
4.08469 1
4.08474 1
4.08479 1
4.08484 1
4.08488 1
4.08493 1
4.08498 1
4.08503 1
4.08508 1
4.08512 1
4.08517 1
4.08522 1
4.08527 1
4.08532 1
4.08536 1
4.08541 1
4.08546 1
4.08551 1
4.08556 1
4.0856 1
4.08565 1
4.0857 1
4.08575 1
4.0858 1
4.08584 1
4.08589 1
4.08594 1
4.08599 1
4.08604 1
4.08609 1
4.08613 1
4.08618 1
4.08623 1
4.08628 1
4.08633 1
4.08637 1
4.08642 1
4.08647 1
4.08652 1
4.08657 1
4.08661 1
4.08666 1
4.08671 1
4.08676 1
4.08681 1
4.08685 1
4.0869 1
4.08695 1
4.087 1
4.08705 1
4.08709 1
4.08714 1
4.08719 1
4.08724 1
4.08729 1
4.08733 1
4.08738 1
4.08743 1
4.08748 1
4.08753 1
4.08758 1
4.08762 1
4.08767 1
4.08772 1
4.08777 1
4.08782 1
4.08786 1
4.08791 1
4.08796 1
4.08801 1
4.08806 1
4.0881 1
4.08815 1
4.0882 1
4.08825 1
4.0883 1
4.08834 1
4.08839 1
4.08844 1
4.08849 1
4.08854 1
4.08858 1
4.08863 1
4.08868 1
4.08873 1
4.08878 1
4.08882 1
4.08887 1
4.08892 1
4.08897 1
4.08902 1
4.08907 1
4.08911 1
4.08916 1
4.08921 1
4.08926 1
4.08931 1
4.08935 1
4.0894 1
4.08945 1
4.0895 1
4.08955 1
4.08959 1
4.08964 1
4.08969 1
4.08974 1
4.08979 1
4.08983 1
4.08988 1
4.08993 1
4.08998 1
4.09003 1
4.09007 1
4.09012 1
4.09017 1
4.09022 1
4.09027 1
4.09031 1
4.09036 1
4.09041 1
4.09046 1
4.09051 1
4.09056 1
4.0906 1
4.09065 1
4.0907 1
4.09075 1
4.0908 1
4.09084 1
4.09089 1
4.09094 1
4.09099 1
4.09104 1
4.09108 1
4.09113 1
4.09118 1
4.09123 1
4.09128 1
4.09132 1
4.09137 1
4.09142 1
4.09147 1
4.09152 1
4.09156 1
4.09161 1
4.09166 1
4.09171 1
4.09176 1
4.0918 1
4.09185 1
4.0919 1
4.09195 1
4.092 1
4.09204 1
4.09209 1
4.09214 1
4.09219 1
4.09224 1
4.09229 1
4.09233 1
4.09238 1
4.09243 1
4.09248 1
4.09253 1
4.09257 1
4.09262 1
4.09267 1
4.09272 1
4.09277 1
4.09281 1
4.09286 1
4.09291 1
4.09296 1
4.09301 1
4.09305 1
4.0931 1
4.09315 1
4.0932 1
4.09325 1
4.09329 1
4.09334 1
4.09339 1
4.09344 1
4.09349 1
4.09353 1
4.09358 1
4.09363 1
4.09368 1
4.09373 1
4.09378 1
4.09382 1
4.09387 1
4.09392 1
4.09397 1
4.09402 1
4.09406 1
4.09411 1
4.09416 1
4.09421 1
4.09426 1
4.0943 1
4.09435 1
4.0944 1
4.09445 1
4.0945 1
4.09454 1
4.09459 1
4.09464 1
4.09469 1
4.09474 1
4.09478 1
4.09483 1
4.09488 1
4.09493 1
4.09498 1
4.09502 1
4.09507 1
4.09512 1
4.09517 1
4.09522 1
4.09527 1
4.09531 1
4.09536 1
4.09541 1
4.09546 1
4.09551 1
4.09555 1
4.0956 1
4.09565 1
4.0957 1
4.09575 1
4.09579 1
4.09584 1
4.09589 1
4.09594 1
4.09599 1
4.09603 1
4.09608 1
4.09613 1
4.09618 1
4.09623 1
4.09627 1
4.09632 1
4.09637 1
4.09642 1
4.09647 1
4.09651 1
4.09656 1
4.09661 1
4.09666 1
4.09671 1
4.09676 1
4.0968 1
4.09685 1
4.0969 1
4.09695 1
4.097 1
4.09704 1
4.09709 1
4.09714 1
4.09719 1
4.09724 1
4.09728 1
4.09733 1
4.09738 1
4.09743 1
4.09748 1
4.09752 1
4.09757 1
4.09762 1
4.09767 1
4.09772 1
4.09776 1
4.09781 1
4.09786 1
4.09791 1
4.09796 1
4.098 1
4.09805 1
4.0981 1
4.09815 1
4.0982 1
4.09825 1
4.09829 1
4.09834 1
4.09839 1
4.09844 1
4.09849 1
4.09853 1
4.09858 1
4.09863 1
4.09868 1
4.09873 1
4.09877 1
4.09882 1
4.09887 1
4.09892 1
4.09897 1
4.09901 1
4.09906 1
4.09911 1
4.09916 1
4.09921 1
4.09925 1
4.0993 1
4.09935 1
4.0994 1
4.09945 1
4.09949 1
4.09954 1
4.09959 1
4.09964 1
4.09969 1
4.09974 1
4.09978 1
4.09983 1
4.09988 1
4.09993 1
4.09998 1
4.10002 1
4.10007 1
4.10012 1
4.10017 1
4.10022 1
4.10026 1
4.10031 1
4.10036 1
4.10041 1
4.10046 1
4.1005 1
4.10055 1
4.1006 1
4.10065 1
4.1007 1
4.10074 1
4.10079 1
4.10084 1
4.10089 1
4.10094 1
4.10098 1
4.10103 1
4.10108 1
4.10113 1
4.10118 1
4.10123 1
4.10127 1
4.10132 1
4.10137 1
4.10142 1
4.10147 1
4.10151 1
4.10156 1
4.10161 1
4.10166 1
4.10171 1
4.10175 1
4.1018 1
4.10185 1
4.1019 1
4.10195 1
4.10199 1
4.10204 1
4.10209 1
4.10214 1
4.10219 1
4.10223 1
4.10228 1
4.10233 1
4.10238 1
4.10243 1
4.10247 1
4.10252 1
4.10257 1
4.10262 1
4.10267 1
4.10272 1
4.10276 1
4.10281 1
4.10286 1
4.10291 1
4.10296 1
4.103 1
4.10305 1
4.1031 1
4.10315 1
4.1032 1
4.10324 1
4.10329 1
4.10334 1
4.10339 1
4.10344 1
4.10348 1
4.10353 1
4.10358 1
4.10363 1
4.10368 1
4.10372 1
4.10377 1
4.10382 1
4.10387 1
4.10392 1
4.10396 1
4.10401 1
4.10406 1
4.10411 1
4.10416 1
4.10421 1
4.10425 1
4.1043 1
4.10435 1
4.1044 1
4.10445 1
4.10449 1
4.10454 1
4.10459 1
4.10464 1
4.10469 1
4.10473 1
4.10478 1
4.10483 1
4.10488 1
4.10493 1
4.10497 1
4.10502 1
4.10507 1
4.10512 1
4.10517 1
4.10521 1
4.10526 1
4.10531 1
4.10536 1
4.10541 1
4.10545 1
4.1055 1
4.10555 1
4.1056 1
4.10565 1
4.1057 1
4.10574 1
4.10579 1
4.10584 1
4.10589 1
4.10594 1
4.10598 1
4.10603 1
4.10608 1
4.10613 1
4.10618 1
4.10622 1
4.10627 1
4.10632 1
4.10637 1
4.10642 1
4.10646 1
4.10651 1
4.10656 1
4.10661 1
4.10666 1
4.1067 1
4.10675 1
4.1068 1
4.10685 1
4.1069 1
4.10694 1
4.10699 1
4.10704 1
4.10709 1
4.10714 1
4.10719 1
4.10723 1
4.10728 1
4.10733 1
4.10738 1
4.10743 1
4.10747 1
4.10752 1
4.10757 1
4.10762 1
4.10767 1
4.10771 1
4.10776 1
4.10781 1
4.10786 1
4.10791 1
4.10795 1
4.108 1
4.10805 1
4.1081 1
4.10815 1
4.10819 1
4.10824 1
4.10829 1
4.10834 1
4.10839 1
4.10843 1
4.10848 1
4.10853 1
4.10858 1
4.10863 1
4.10868 1
4.10872 1
4.10877 1
4.10882 1
4.10887 1
4.10892 1
4.10896 1
4.10901 1
4.10906 1
4.10911 1
4.10916 1
4.1092 1
4.10925 1
4.1093 1
4.10935 1
4.1094 1
4.10944 1
4.10949 1
4.10954 1
4.10959 1
4.10964 1
4.10968 1
4.10973 1
4.10978 1
4.10983 1
4.10988 1
4.10992 1
4.10997 1
4.11002 1
4.11007 1
4.11012 1
4.11017 1
4.11021 1
4.11026 1
4.11031 1
4.11036 1
4.11041 1
4.11045 1
4.1105 1
4.11055 1
4.1106 1
4.11065 1
4.11069 1
4.11074 1
4.11079 1
4.11084 1
4.11089 1
4.11093 1
4.11098 1
4.11103 1
4.11108 1
4.11113 1
4.11117 1
4.11122 1
4.11127 1
4.11132 1
4.11137 1
4.11141 1
4.11146 1
4.11151 1
4.11156 1
4.11161 1
4.11166 1
4.1117 1
4.11175 1
4.1118 1
4.11185 1
4.1119 1
4.11194 1
4.11199 1
4.11204 1
4.11209 1
4.11214 1
4.11218 1
4.11223 1
4.11228 1
4.11233 1
4.11238 1
4.11242 1
4.11247 1
4.11252 1
4.11257 1
4.11262 1
4.11266 1
4.11271 1
4.11276 1
4.11281 1
4.11286 1
4.1129 1
4.11295 1
4.113 1
4.11305 1
4.1131 1
4.11315 1
4.11319 1
4.11324 1
4.11329 1
4.11334 1
4.11339 1
4.11343 1
4.11348 1
4.11353 1
4.11358 1
4.11363 1
4.11367 1
4.11372 1
4.11377 1
4.11382 1
4.11387 1
4.11391 1
4.11396 1
4.11401 1
4.11406 1
4.11411 1
4.11415 1
4.1142 1
4.11425 1
4.1143 1
4.11435 1
4.11439 1
4.11444 1
4.11449 1
4.11454 1
4.11459 1
4.11464 1
4.11468 1
4.11473 1
4.11478 1
4.11483 1
4.11488 1
4.11492 1
4.11497 1
4.11502 1
4.11507 1
4.11512 1
4.11516 1
4.11521 1
4.11526 1
4.11531 1
4.11536 1
4.1154 1
4.11545 1
4.1155 1
4.11555 1
4.1156 1
4.11564 1
4.11569 1
4.11574 1
4.11579 1
4.11584 1
4.11588 1
4.11593 1
4.11598 1
4.11603 1
4.11608 1
4.11613 1
4.11617 1
4.11622 1
4.11627 1
4.11632 1
4.11637 1
4.11641 1
4.11646 1
4.11651 1
4.11656 1
4.11661 1
4.11665 1
4.1167 1
4.11675 1
4.1168 1
4.11685 1
4.11689 1
4.11694 1
4.11699 1
4.11704 1
4.11709 1
4.11713 1
4.11718 1
4.11723 1
4.11728 1
4.11733 1
4.11737 1
4.11742 1
4.11747 1
4.11752 1
4.11757 1
4.11762 1
4.11766 1
4.11771 1
4.11776 1
4.11781 1
4.11786 1
4.1179 1
4.11795 1
4.118 1
4.11805 1
4.1181 1
4.11814 1
4.11819 1
4.11824 1
4.11829 1
4.11834 1
4.11838 1
4.11843 1
4.11848 1
4.11853 1
4.11858 1
4.11862 1
4.11867 1
4.11872 1
4.11877 1
4.11882 1
4.11886 1
4.11891 1
4.11896 1
4.11901 1
4.11906 1
4.11911 1
4.11915 1
4.1192 1
4.11925 1
4.1193 1
4.11935 1
4.11939 1
4.11944 1
4.11949 1
4.11954 1
4.11959 1
4.11963 1
4.11968 1
4.11973 1
4.11978 1
4.11983 1
4.11987 1
4.11992 1
4.11997 1
4.12002 1
4.12007 1
4.12011 1
4.12016 1
4.12021 1
4.12026 1
4.12031 1
4.12035 1
4.1204 1
4.12045 1
4.1205 1
4.12055 1
4.1206 1
4.12064 1
4.12069 1
4.12074 1
4.12079 1
4.12084 1
4.12088 1
4.12093 1
4.12098 1
4.12103 1
4.12108 1
4.12112 1
4.12117 1
4.12122 1
4.12127 1
4.12132 1
4.12136 1
4.12141 1
4.12146 1
4.12151 1
4.12156 1
4.1216 1
4.12165 1
4.1217 1
4.12175 1
4.1218 1
4.12184 1
4.12189 1
4.12194 1
4.12199 1
4.12204 1
4.12208 1
4.12213 1
4.12218 1
4.12223 1
4.12228 1
4.12233 1
4.12237 1
4.12242 1
4.12247 1
4.12252 1
4.12257 1
4.12261 1
4.12266 1
4.12271 1
4.12276 1
4.12281 1
4.12285 1
4.1229 1
4.12295 1
4.123 1
4.12305 1
4.12309 1
4.12314 1
4.12319 1
4.12324 1
4.12329 1
4.12333 1
4.12338 1
4.12343 1
4.12348 1
4.12353 1
4.12357 1
4.12362 1
4.12367 1
4.12372 1
4.12377 1
4.12382 1
4.12388 1
4.12392 1
4.12397 1
4.12402 1
4.12407 1
4.12412 1
4.12416 1
4.12421 1
4.12426 1
4.12431 1
4.12436 1
4.1244 1
4.12445 1
4.1245 1
4.12455 1
4.1246 1
4.12464 1
4.12469 1
4.12474 1
4.12479 1
4.12484 1
4.12488 1
4.12493 1
4.12498 1
4.12503 1
4.12508 1
4.12513 1
4.12517 1
4.12522 1
4.12527 1
4.12532 1
4.12537 1
4.12541 1
4.12546 1
4.12551 1
4.12556 1
4.12561 1
4.12565 1
4.1257 1
4.12575 1
4.1258 1
4.12585 1
4.12589 1
4.12594 1
4.12599 1
4.12604 1
4.12609 1
4.12613 1
4.12618 1
4.12623 1
4.12628 1
4.12633 1
4.12637 1
4.12642 1
4.12647 1
4.12652 1
4.12657 1
4.12662 1
4.12666 1
4.12671 1
4.12676 1
4.12681 1
4.12686 1
4.1269 1
4.12695 1
4.127 1
4.12705 1
4.1271 1
4.12714 1
4.12719 1
4.12724 1
4.12729 1
4.12734 1
4.12738 1
4.12743 1
4.12748 1
4.12753 1
4.12758 1
4.12762 1
4.12767 1
4.12772 1
4.12777 1
4.12782 1
4.12786 1
4.12791 1
4.12796 1
4.12801 1
4.12806 1
4.12811 1
4.12815 1
4.1282 1
4.12825 1
4.1283 1
4.12835 1
4.12839 1
4.12844 1
4.12849 1
4.12854 1
4.12859 1
4.12863 1
4.12868 1
4.12873 1
4.12878 1
4.12883 1
4.12887 1
4.12892 1
4.12897 1
4.12902 1
4.12907 1
4.12911 1
4.12916 1
4.12921 1
4.12926 1
4.12931 1
4.12935 1
4.1294 1
4.12945 1
4.1295 1
4.12955 1
4.12959 1
4.12964 1
4.12969 1
4.12974 1
4.12979 1
4.12984 1
4.12988 1
4.12993 1
4.12998 1
4.13003 1
4.13008 1
4.13012 1
4.13017 1
4.13022 1
4.13027 1
4.13032 1
4.13036 1
4.13041 1
4.13046 1
4.13051 1
4.13056 1
4.1306 1
4.13065 1
4.1307 1
4.13075 1
4.1308 1
4.13084 1
4.13089 1
4.13094 1
4.13099 1
4.13104 1
4.13108 1
4.13113 1
4.13118 1
4.13123 1
4.13128 1
4.13133 1
4.13137 1
4.13142 1
4.13147 1
4.13152 1
4.13157 1
4.13161 1
4.13166 1
4.13171 1
4.13176 1
4.13181 1
4.13185 1
4.1319 1
4.13195 1
4.132 1
4.13205 1
4.13209 1
4.13214 1
4.13219 1
4.13224 1
4.13229 1
4.13233 1
4.13238 1
4.13243 1
4.13248 1
4.13253 1
4.13257 1
4.13262 1
4.13267 1
4.13272 1
4.13277 1
4.13282 1
4.13286 1
4.13291 1
4.13296 1
4.13301 1
4.13306 1
4.1331 1
4.13315 1
4.1332 1
4.13325 1
4.1333 1
4.13334 1
4.13339 1
4.13344 1
4.13349 1
4.13354 1
4.13358 1
4.13363 1
4.13368 1
4.13373 1
4.13378 1
4.13382 1
4.13387 1
4.13392 1
4.13397 1
4.13402 1
4.13406 1
4.13411 1
4.13416 1
4.13421 1
4.13426 1
4.13431 1
4.13435 1
4.1344 1
4.13445 1
4.1345 1
4.13455 1
4.13459 1
4.13464 1
4.13469 1
4.13474 1
4.13479 1
4.13483 1
4.13488 1
4.13493 1
4.13498 1
4.13503 1
4.13507 1
4.13512 1
4.13517 1
4.13522 1
4.13527 1
4.13531 1
4.13536 1
4.13541 1
4.13546 1
4.13551 1
4.13555 1
4.1356 1
4.13565 1
4.1357 1
4.13575 1
4.1358 1
4.13584 1
4.13589 1
4.13594 1
4.13599 1
4.13604 1
4.13608 1
4.13613 1
4.13618 1
4.13623 1
4.13628 1
4.13632 1
4.13637 1
4.13642 1
4.13647 1
4.13652 1
4.13656 1
4.13661 1
4.13666 1
4.13671 1
4.13676 1
4.1368 1
4.13685 1
4.1369 1
4.13695 1
4.137 1
4.13704 1
4.13709 1
4.13714 1
4.13719 1
4.13724 1
4.13729 1
4.13733 1
4.13738 1
4.13743 1
4.13748 1
4.13753 1
4.13757 1
4.13762 1
4.13767 1
4.13772 1
4.13777 1
4.13781 1
4.13786 1
4.13791 1
4.13796 1
4.13801 1
4.13805 1
4.1381 1
4.13815 1
4.1382 1
4.13825 1
4.13829 1
4.13834 1
4.13839 1
4.13844 1
4.13849 1
4.13853 1
4.13858 1
4.13863 1
4.13868 1
4.13873 1
4.13878 1
4.13882 1
4.13887 1
4.13892 1
4.13897 1
4.13902 1
4.13906 1
4.13911 1
4.13916 1
4.13921 1
4.13926 1
4.1393 1
4.13935 1
4.1394 1
4.13945 1
4.1395 1
4.13954 1
4.13959 1
4.13964 1
4.13969 1
4.13974 1
4.13978 1
4.13983 1
4.13988 1
4.13993 1
4.13998 1
4.14002 1
4.14007 1
4.14012 1
4.14017 1
4.14022 1
4.14027 1
4.14031 1
4.14036 1
4.14041 1
4.14046 1
4.14051 1
4.14055 1
4.1406 1
4.14065 1
4.1407 1
4.14075 1
4.14079 1
4.14084 1
4.14089 1
4.14094 1
4.14099 1
4.14103 1
4.14108 1
4.14113 1
4.14118 1
4.14123 1
4.14127 1
4.14132 1
4.14137 1
4.14142 1
4.14147 1
4.14151 1
4.14156 1
4.14161 1
4.14166 1
4.14171 1
4.14176 1
4.1418 1
4.14185 1
4.1419 1
4.14195 1
4.142 1
4.14204 1
4.14209 1
4.14214 1
4.14219 1
4.14224 1
4.14228 1
4.14233 1
4.14238 1
4.14243 1
4.14248 1
4.14252 1
4.14257 1
4.14262 1
4.14267 1
4.14272 1
4.14276 1
4.14281 1
4.14286 1
4.14291 1
4.14296 1
4.143 1
4.14305 1
4.1431 1
4.14315 1
4.1432 1
4.14325 1
4.14329 1
4.14334 1
4.14339 1
4.14344 1
4.14349 1
4.14353 1
4.14358 1
4.14363 1
4.14368 1
4.14373 1
4.14377 1
4.14382 1
4.14387 1
4.14392 1
4.14397 1
4.14401 1
4.14406 1
4.14411 1
4.14416 1
4.14421 1
4.14425 1
4.1443 1
4.14435 1
4.1444 1
4.14445 1
4.14449 1
4.14454 1
4.14459 1
4.14464 1
4.14469 1
4.14474 1
4.14478 1
4.14483 1
4.14488 1
4.14493 1
4.14498 1
4.14502 1
4.14507 1
4.14512 1
4.14517 1
4.14522 1
4.14526 1
4.14531 1
4.14536 1
4.14541 1
4.14546 1
4.1455 1
4.14555 1
4.1456 1
4.14565 1
4.1457 1
4.14574 1
4.14579 1
4.14584 1
4.14589 1
4.14594 1
4.14598 1
4.14603 1
4.14608 1
4.14613 1
4.14618 1
4.14623 1
4.14627 1
4.14632 1
4.14637 1
4.14642 1
4.14647 1
4.14651 1
4.14656 1
4.14661 1
4.14666 1
4.14671 1
4.14675 1
4.1468 1
4.14685 1
4.1469 1
4.14695 1
4.14699 1
4.14704 1
4.14709 1
4.14714 1
4.14719 1
4.14723 1
4.14728 1
4.14733 1
4.14738 1
4.14743 1
4.14747 1
4.14752 1
4.14757 1
4.14762 1
4.14767 1
4.14772 1
4.14776 1
4.14781 1
4.14786 1
4.14791 1
4.14796 1
4.148 1
4.14805 1
4.1481 1
4.14815 1
4.1482 1
4.14824 1
4.14829 1
4.14834 1
4.14839 1
4.14844 1
4.14848 1
4.14853 1
4.14858 1
4.14863 1
4.14868 1
4.14872 1
4.14877 1
4.14882 1
4.14887 1
4.14892 1
4.14896 1
4.14901 1
4.14906 1
4.14911 1
4.14916 1
4.14921 1
4.14925 1
4.1493 1
4.14935 1
4.1494 1
4.14945 1
4.14949 1
4.14954 1
4.14959 1
4.14964 1
4.14969 1
4.14973 1
4.14978 1
4.14983 1
4.14988 1
4.14993 1
4.14997 1
4.15002 1
4.15007 1
4.15012 1
4.15017 1
4.15021 1
4.15026 1
4.15031 1
4.15036 1
4.15041 1
4.15045 1
4.1505 1
4.15055 1
4.1506 1
4.15065 1
4.1507 1
4.15074 1
4.15079 1
4.15084 1
4.15089 1
4.15094 1
4.15098 1
4.15103 1
4.15108 1
4.15113 1
4.15118 1
4.15122 1
4.15127 1
4.15132 1
4.15137 1
4.15142 1
4.15146 1
4.15151 1
4.15156 1
4.15161 1
4.15166 1
4.1517 1
4.15175 1
4.1518 1
4.15185 1
4.1519 1
4.15194 1
4.15199 1
4.15204 1
4.15209 1
4.15214 1
4.15219 1
4.15223 1
4.15228 1
4.15233 1
4.15238 1
4.15243 1
4.15247 1
4.15252 1
4.15257 1
4.15262 1
4.15267 1
4.15271 1
4.15276 1
4.15281 1
4.15286 1
4.15291 1
4.15295 1
4.153 1
4.15305 1
4.1531 1
4.15315 1
4.15319 1
4.15324 1
4.15329 1
4.15334 1
4.15339 1
4.15343 1
4.15348 1
4.15353 1
4.15358 1
4.15363 1
4.15368 1
4.15372 1
4.15377 1
4.15382 1
4.15387 1
4.15392 1
4.15396 1
4.15401 1
4.15406 1
4.15411 1
4.15416 1
4.1542 1
4.15425 1
4.1543 1
4.15435 1
4.1544 1
4.15444 1
4.15449 1
4.15454 1
4.15459 1
4.15464 1
4.15468 1
4.15473 1
4.15478 1
4.15483 1
4.15488 1
4.15492 1
4.15497 1
4.15502 1
4.15507 1
4.15512 1
4.15517 1
4.15521 1
4.15526 1
4.15531 1
4.15536 1
4.15541 1
4.15545 1
4.1555 1
4.15555 1
4.1556 1
4.15565 1
4.15569 1
4.15574 1
4.15579 1
4.15584 1
4.15589 1
4.15593 1
4.15598 1
4.15603 1
4.15608 1
4.15613 1
4.15617 1
4.15622 1
4.15627 1
4.15632 1
4.15637 1
4.15641 1
4.15646 1
4.15651 1
4.15656 1
4.15661 1
4.15666 1
4.1567 1
4.15675 1
4.1568 1
4.15685 1
4.1569 1
4.15694 1
4.15699 1
4.15704 1
4.15709 1
4.15714 1
4.15718 1
4.15723 1
4.15728 1
4.15733 1
4.15738 1
4.15742 1
4.15747 1
4.15752 1
4.15757 1
4.15762 1
4.15766 1
4.15771 1
4.15776 1
4.15781 1
4.15786 1
4.1579 1
4.15795 1
4.158 1
4.15805 1
4.1581 1
4.15815 1
4.15819 1
4.15824 1
4.15829 1
4.15834 1
4.15839 1
4.15843 1
4.15848 1
4.15853 1
4.15858 1
4.15863 1
4.15867 1
4.15872 1
4.15877 1
4.15882 1
4.15887 1
4.15891 1
4.15896 1
4.15901 1
4.15906 1
4.15911 1
4.15915 1
4.1592 1
4.15925 1
4.1593 1
4.15935 1
4.15939 1
4.15944 1
4.15949 1
4.15954 1
4.15959 1
4.15963 1
4.15968 1
4.15973 1
4.15978 1
4.15983 1
4.15988 1
4.15992 1
4.15997 1
4.16002 1
4.16007 1
4.16012 1
4.16016 1
4.16021 1
4.16026 1
4.16031 1
4.16036 1
4.1604 1
4.16045 1
4.1605 1
4.16055 1
4.1606 1
4.16064 1
4.16069 1
4.16074 1
4.16079 1
4.16084 1
4.16088 1
4.16093 1
4.16098 1
4.16103 1
4.16108 1
4.16112 1
4.16117 1
4.16122 1
4.16127 1
4.16132 1
4.16137 1
4.16141 1
4.16146 1
4.16151 1
4.16156 1
4.16161 1
4.16165 1
4.1617 1
4.16175 1
4.1618 1
4.16185 1
4.16189 1
4.16194 1
4.16199 1
4.16204 1
4.16209 1
4.16213 1
4.16218 1
4.16223 1
4.16228 1
4.16233 1
4.16237 1
4.16242 1
4.16247 1
4.16252 1
4.16257 1
4.16261 1
4.16266 1
4.16271 1
4.16276 1
4.16281 1
4.16286 1
4.1629 1
4.16295 1
4.163 1
4.16305 1
4.1631 1
4.16314 1
4.16319 1
4.16324 1
4.16329 1
4.16334 1
4.16338 1
4.16343 1
4.16348 1
4.16353 1
4.16358 1
4.16362 1
4.16367 1
4.16372 1
4.16377 1
4.16382 1
4.16386 1
4.16391 1
4.16396 1
4.16401 1
4.16406 1
4.1641 1
4.16415 1
4.1642 1
4.16425 1
4.1643 1
4.16435 1
4.16439 1
4.16444 1
4.16449 1
4.16454 1
4.16459 1
4.16463 1
4.16468 1
4.16473 1
4.16478 1
4.16483 1
4.16487 1
4.16492 1
4.16497 1
4.16502 1
4.16507 1
4.16511 1
4.16516 1
4.16521 1
4.16526 1
4.16531 1
4.16535 1
4.1654 1
4.16545 1
4.1655 1
4.16555 1
4.16559 1
4.16564 1
4.16569 1
4.16574 1
4.16579 1
4.16584 1
4.16588 1
4.16593 1
4.16598 1
4.16603 1
4.16608 1
4.16612 1
4.16617 1
4.16622 1
4.16627 1
4.16632 1
4.16636 1
4.16641 1
4.16646 1
4.16651 1
4.16656 1
4.1666 1
4.16665 1
4.1667 1
4.16675 1
4.1668 1
4.16684 1
4.16689 1
4.16694 1
4.16699 1
4.16704 1
4.16708 1
4.16713 1
4.16718 1
4.16723 1
4.16728 1
4.16733 1
4.16737 1
4.16742 1
4.16747 1
4.16752 1
4.16757 1
4.16761 1
4.16766 1
4.16771 1
4.16776 1
4.16781 1
4.16785 1
4.1679 1
4.16795 1
4.168 1
4.16805 1
4.16809 1
4.16814 1
4.16819 1
4.16824 1
4.16829 1
4.16833 1
4.16838 1
4.16843 1
4.16848 1
4.16853 1
4.16857 1
4.16862 1
4.16867 1
4.16872 1
4.16877 1
4.16882 1
4.16886 1
4.16891 1
4.16896 1
4.16901 1
4.16906 1
4.1691 1
4.16915 1
4.1692 1
4.16925 1
4.1693 1
4.16934 1
4.16939 1
4.16944 1
4.16949 1
4.16954 1
4.16958 1
4.16963 1
4.16968 1
4.16973 1
4.16978 1
4.16982 1
4.16987 1
4.16992 1
4.16997 1
4.17002 1
4.17006 1
4.17011 1
4.17016 1
4.17021 1
4.17026 1
4.17031 1
4.17035 1
4.1704 1
4.17045 1
4.1705 1
4.17055 1
4.17059 1
4.17064 1
4.17069 1
4.17074 1
4.17079 1
4.17083 1
4.17088 1
4.17093 1
4.17098 1
4.17103 1
4.17107 1
4.17112 1
4.17117 1
4.17122 1
4.17127 1
4.17131 1
4.17136 1
4.17141 1
4.17146 1
4.17151 1
4.17155 1
4.1716 1
4.17165 1
4.1717 1
4.17175 1
4.1718 1
4.17184 1
4.17189 1
4.17194 1
4.17199 1
4.17204 1
4.17208 1
4.17213 1
4.17218 1
4.17223 1
4.17228 1
4.17232 1
4.17237 1
4.17242 1
4.17247 1
4.17252 1
4.17256 1
4.17261 1
4.17266 1
4.17271 1
4.17276 1
4.1728 1
4.17285 1
4.1729 1
4.17295 1
4.173 1
4.17304 1
4.17309 1
4.17314 1
4.17319 1
4.17324 1
4.17329 1
4.17333 1
4.17338 1
4.17343 1
4.17348 1
4.17353 1
4.17357 1
4.17362 1
4.17367 1
4.17372 1
4.17377 1
4.17381 1
4.17386 1
4.17391 1
4.17396 1
4.17401 1
4.17405 1
4.1741 1
4.17415 1
4.1742 1
4.17425 1
4.17429 1
4.17434 1
4.17439 1
4.17444 1
4.17449 1
4.17453 1
4.17458 1
4.17463 1
4.17468 1
4.17473 1
4.17478 1
4.17482 1
4.17487 1
4.17492 1
4.17497 1
4.17502 1
4.17506 1
4.17511 1
4.17516 1
4.17521 1
4.17526 1
4.1753 1
4.17535 1
4.1754 1
4.17545 1
4.1755 1
4.17554 1
4.17559 1
4.17564 1
4.17569 1
4.17574 1
4.17578 1
4.17583 1
4.17588 1
4.17593 1
4.17598 1
4.17602 1
4.17607 1
4.17612 1
4.17617 1
4.17622 1
4.17627 1
4.17631 1
4.17636 1
4.17641 1
4.17646 1
4.17651 1
4.17655 1
4.1766 1
4.17665 1
4.1767 1
4.17675 1
4.17679 1
4.17684 1
4.17689 1
4.17694 1
4.17699 1
4.17703 1
4.17708 1
4.17713 1
4.17718 1
4.17723 1
4.17727 1
4.17732 1
4.17737 1
4.17742 1
4.17747 1
4.17751 1
4.17756 1
4.17761 1
4.17766 1
4.17771 1
4.17776 1
4.1778 1
4.17785 1
4.1779 1
4.17795 1
4.178 1
4.17804 1
4.17809 1
4.17814 1
4.17819 1
4.17824 1
4.17828 1
4.17833 1
4.17838 1
4.17843 1
4.17848 1
4.17852 1
4.17857 1
4.17862 1
4.17867 1
4.17872 1
4.17876 1
4.17881 1
4.17886 1
4.17891 1
4.17896 1
4.179 1
4.17905 1
4.1791 1
4.17915 1
4.1792 1
4.17925 1
4.17929 1
4.17934 1
4.17939 1
4.17944 1
4.17949 1
4.17953 1
4.17958 1
4.17963 1
4.17968 1
4.17973 1
4.17977 1
4.17982 1
4.17987 1
4.17992 1
4.17997 1
4.18001 1
4.18006 1
4.18011 1
4.18016 1
4.18021 1
4.18025 1
4.1803 1
4.18035 1
4.1804 1
4.18045 1
4.18049 1
4.18054 1
4.18059 1
4.18064 1
4.18069 1
4.18074 1
4.18078 1
4.18083 1
4.18088 1
4.18093 1
4.18098 1
4.18102 1
4.18107 1
4.18112 1
4.18117 1
4.18122 1
4.18126 1
4.18131 1
4.18136 1
4.18141 1
4.18146 1
4.1815 1
4.18155 1
4.1816 1
4.18165 1
4.1817 1
4.18174 1
4.18179 1
4.18184 1
4.18189 1
4.18194 1
4.18198 1
4.18203 1
4.18208 1
4.18213 1
4.18218 1
4.18223 1
4.18227 1
4.18232 1
4.18237 1
4.18242 1
4.18247 1
4.18251 1
4.18256 1
4.18261 1
4.18266 1
4.18271 1
4.18275 1
4.1828 1
4.18285 1
4.1829 1
4.18295 1
4.18299 1
4.18304 1
4.18309 1
4.18314 1
4.18319 1
4.18323 1
4.18328 1
4.18333 1
4.18338 1
4.18343 1
4.18347 1
4.18352 1
4.18357 1
4.18362 1
4.18367 1
4.18372 1
4.18376 1
4.18381 1
4.18386 1
4.18391 1
4.18396 1
4.184 1
4.18405 1
4.1841 1
4.18415 1
4.1842 1
4.18424 1
4.18429 1
4.18434 1
4.18439 1
4.18444 1
4.18448 1
4.18453 1
4.18458 1
4.18463 1
4.18468 1
4.18472 1
4.18477 1
4.18482 1
4.18487 1
4.18492 1
4.18496 1
4.18501 1
4.18506 1
4.18511 1
4.18516 1
4.18521 1
4.18525 1
4.1853 1
4.18535 1
4.1854 1
4.18545 1
4.18549 1
4.18554 1
4.18559 1
4.18564 1
4.18569 1
4.18573 1
4.18578 1
4.18583 1
4.18588 1
4.18593 1
4.18597 1
4.18602 1
4.18607 1
4.18612 1
4.18617 1
4.18621 1
4.18626 1
4.18631 1
4.18636 1
4.18641 1
4.18645 1
4.1865 1
4.18655 1
4.1866 1
4.18665 1
4.1867 1
4.18674 1
4.18679 1
4.18684 1
4.18689 1
4.18694 1
4.18698 1
4.18703 1
4.18708 1
4.18713 1
4.18718 1
4.18722 1
4.18727 1
4.18732 1
4.18737 1
4.18742 1
4.18746 1
4.18751 1
4.18756 1
4.18761 1
4.18766 1
4.1877 1
4.18775 1
4.1878 1
4.18785 1
4.1879 1
4.18794 1
4.18799 1
4.18804 1
4.18809 1
4.18814 1
4.18819 1
4.18823 1
4.18828 1
4.18833 1
4.18838 1
4.18843 1
4.18847 1
4.18852 1
4.18857 1
4.18862 1
4.18867 1
4.18871 1
4.18876 1
4.18881 1
4.18886 1
4.18891 1
4.18895 1
4.189 1
4.18905 1
4.1891 1
4.18915 1
4.18919 1
4.18924 1
4.18929 1
4.18934 1
4.18939 1
4.18943 1
4.18948 1
4.18953 1
4.18958 1
4.18963 1
4.18967 1
4.18972 1
4.18977 1
4.18982 1
4.18987 1
4.18992 1
4.18996 1
4.19001 1
4.19006 1
4.19011 1
4.19016 1
4.1902 1
4.19025 1
4.1903 1
4.19035 1
4.1904 1
4.19044 1
4.19049 1
4.19054 1
4.19059 1
4.19064 1
4.19068 1
4.19073 1
4.19078 1
4.19083 1
4.19088 1
4.19092 1
4.19097 1
4.19102 1
4.19107 1
4.19112 1
4.19116 1
4.19121 1
4.19126 1
4.19131 1
4.19136 1
4.19141 1
4.19145 1
4.1915 1
4.19155 1
4.1916 1
4.19165 1
4.19169 1
4.19174 1
4.19179 1
4.19184 1
4.19189 1
4.19193 1
4.19198 1
4.19203 1
4.19208 1
4.19213 1
4.19217 1
4.19222 1
4.19227 1
4.19232 1
4.19237 1
4.19241 1
4.19246 1
4.19251 1
4.19256 1
4.19261 1
4.19265 1
4.1927 1
4.19275 1
4.1928 1
4.19285 1
4.1929 1
4.19294 1
4.19299 1
4.19304 1
4.19309 1
4.19314 1
4.19318 1
4.19323 1
4.19328 1
4.19333 1
4.19338 1
4.19342 1
4.19347 1
4.19352 1
4.19357 1
4.19362 1
4.19366 1
4.19371 1
4.19376 1
4.19381 1
4.19386 1
4.1939 1
4.19395 1
4.194 1
4.19405 1
4.1941 1
4.19414 1
4.19419 1
4.19424 1
4.19429 1
4.19434 1
4.19439 1
4.19443 1
4.19448 1
4.19453 1
4.19458 1
4.19463 1
4.19467 1
4.19472 1
4.19477 1
4.19482 1
4.19487 1
4.19491 1
4.19496 1
4.19501 1
4.19506 1
4.19511 1
4.19515 1
4.1952 1
4.19525 1
4.1953 1
4.19535 1
4.19539 1
4.19544 1
4.19549 1
4.19554 1
4.19559 1
4.19563 1
4.19568 1
4.19573 1
4.19578 1
4.19583 1
4.19588 1
4.19592 1
4.19597 1
4.19602 1
4.19607 1
4.19612 1
4.19616 1
4.19621 1
4.19626 1
4.19631 1
4.19636 1
4.1964 1
4.19645 1
4.1965 1
4.19655 1
4.1966 1
4.19664 1
4.19669 1
4.19674 1
4.19679 1
4.19684 1
4.19688 1
4.19693 1
4.19698 1
4.19703 1
4.19708 1
4.19712 1
4.19717 1
4.19722 1
4.19727 1
4.19732 1
4.19737 1
4.19741 1
4.19746 1
4.19751 1
4.19756 1
4.19761 1
4.19765 1
4.1977 1
4.19775 1
4.1978 1
4.19785 1
4.19789 1
4.19794 1
4.19799 1
4.19804 1
4.19809 1
4.19813 1
4.19818 1
4.19823 1
4.19828 1
4.19833 1
4.19837 1
4.19842 1
4.19847 1
4.19852 1
4.19857 1
4.19861 1
4.19866 1
4.19871 1
4.19876 1
4.19881 1
4.19886 1
4.1989 1
4.19895 1
4.199 1
4.19905 1
4.1991 1
4.19914 1
4.19919 1
4.19924 1
4.19929 1
4.19934 1
4.19938 1
4.19943 1
4.19948 1
4.19953 1
4.19958 1
4.19962 1
4.19967 1
4.19972 1
4.19977 1
4.19982 1
4.19986 1
4.19991 1
4.19996 1
4.20001 1
4.20006 1
4.2001 1
4.20015 1
4.2002 1
4.20025 1
4.2003 1
4.20035 1
4.20039 1
4.20044 1
4.20049 1
4.20054 1
4.20059 1
4.20063 1
4.20068 1
4.20073 1
4.20078 1
4.20083 1
4.20087 1
4.20092 1
4.20097 1
4.20102 1
4.20107 1
4.20111 1
4.20116 1
4.20121 1
4.20126 1
4.20131 1
4.20135 1
4.2014 1
4.20145 1
4.2015 1
4.20155 1
4.20159 1
4.20164 1
4.20169 1
4.20174 1
4.20179 1
4.20184 1
4.20188 1
4.20193 1
4.20198 1
4.20203 1
4.20208 1
4.20212 1
4.20217 1
4.20222 1
4.20227 1
4.20232 1
4.20236 1
4.20241 1
4.20246 1
4.20251 1
4.20256 1
4.2026 1
4.20265 1
4.2027 1
4.20275 1
4.2028 1
4.20284 1
4.20289 1
4.20294 1
4.20299 1
4.20304 1
4.20308 1
4.20313 1
4.20318 1
4.20323 1
4.20328 1
4.20333 1
4.20337 1
4.20342 1
4.20347 1
4.20352 1
4.20357 1
4.20361 1
4.20366 1
4.20371 1
4.20376 1
4.20381 1
4.20385 1
4.2039 1
4.20395 1
4.204 1
4.20405 1
4.20409 1
4.20414 1
4.20419 1
4.20424 1
4.20429 1
4.20433 1
4.20438 1
4.20443 1
4.20448 1
4.20453 1
4.20457 1
4.20462 1
4.20467 1
4.20472 1
4.20477 1
4.20482 1
4.20486 1
4.20491 1
4.20496 1
4.20501 1
4.20506 1
4.2051 1
4.20515 1
4.2052 1
4.20525 1
4.2053 1
4.20534 1
4.20539 1
4.20544 1
4.20549 1
4.20554 1
4.20558 1
4.20563 1
4.20568 1
4.20573 1
4.20578 1
4.20582 1
4.20587 1
4.20592 1
4.20597 1
4.20602 1
4.20606 1
4.20611 1
4.20616 1
4.20621 1
4.20626 1
4.20631 1
4.20635 1
4.2064 1
4.20645 1
4.2065 1
4.20655 1
4.20659 1
4.20664 1
4.20669 1
4.20674 1
4.20679 1
4.20683 1
4.20688 1
4.20693 1
4.20698 1
4.20703 1
4.20707 1
4.20712 1
4.20717 1
4.20722 1
4.20727 1
4.20731 1
4.20736 1
4.20741 1
4.20746 1
4.20751 1
4.20755 1
4.2076 1
4.20765 1
4.2077 1
4.20775 1
4.2078 1
4.20784 1
4.20789 1
4.20794 1
4.20799 1
4.20804 1
4.20808 1
4.20813 1
4.20818 1
4.20823 1
4.20828 1
4.20832 1
4.20837 1
4.20842 1
4.20847 1
4.20852 1
4.20856 1
4.20861 1
4.20866 1
4.20871 1
4.20876 1
4.2088 1
4.20885 1
4.2089 1
4.20895 1
4.209 1
4.20904 1
4.20909 1
4.20914 1
4.20919 1
4.20924 1
4.20929 1
4.20933 1
4.20938 1
4.20943 1
4.20948 1
4.20953 1
4.20957 1
4.20962 1
4.20967 1
4.20972 1
4.20977 1
4.20981 1
4.20986 1
4.20991 1
4.20996 1
4.21001 1
4.21005 1
4.2101 1
4.21015 1
4.2102 1
4.21025 1
4.21029 1
4.21034 1
4.21039 1
4.21044 1
4.21049 1
4.21053 1
4.21058 1
4.21063 1
4.21068 1
4.21073 1
4.21078 1
4.21082 1
4.21087 1
4.21092 1
4.21097 1
4.21102 1
4.21106 1
4.21111 1
4.21116 1
4.21121 1
4.21126 1
4.2113 1
4.21135 1
4.2114 1
4.21145 1
4.2115 1
4.21154 1
4.21159 1
4.21164 1
4.21169 1
4.21174 1
4.21178 1
4.21183 1
4.21188 1
4.21193 1
4.21198 1
4.21202 1
4.21207 1
4.21212 1
4.21217 1
4.21222 1
4.21227 1
4.21231 1
4.21236 1
4.21241 1
4.21246 1
4.21251 1
4.21255 1
4.2126 1
4.21265 1
4.2127 1
4.21275 1
4.21279 1
4.21284 1
4.21289 1
4.21294 1
4.21299 1
4.21303 1
4.21308 1
4.21313 1
4.21318 1
4.21323 1
4.21327 1
4.21332 1
4.21337 1
4.21342 1
4.21347 1
4.21351 1
4.21356 1
4.21361 1
4.21366 1
4.21371 1
4.21376 1
4.2138 1
4.21385 1
4.2139 1
4.21395 1
4.214 1
4.21404 1
4.21409 1
4.21414 1
4.21419 1
4.21424 1
4.21428 1
4.21433 1
4.21438 1
4.21443 1
4.21448 1
4.21452 1
4.21457 1
4.21462 1
4.21467 1
4.21472 1
4.21476 1
4.21481 1
4.21486 1
4.21491 1
4.21496 1
4.215 1
4.21505 1
4.2151 1
4.21515 1
4.2152 1
4.21525 1
4.21529 1
4.21534 1
4.21539 1
4.21544 1
4.21549 1
4.21553 1
4.21558 1
4.21563 1
4.21568 1
4.21573 1
4.21577 1
4.21582 1
4.21587 1
4.21592 1
4.21597 1
4.21601 1
4.21606 1
4.21611 1
4.21616 1
4.21621 1
4.21625 1
4.2163 1
4.21635 1
4.2164 1
4.21645 1
4.21649 1
4.21654 1
4.21659 1
4.21664 1
4.21669 1
4.21674 1
4.21678 1
4.21683 1
4.21688 1
4.21693 1
4.21698 1
4.21702 1
4.21707 1
4.21712 1
4.21717 1
4.21722 1
4.21726 1
4.21731 1
4.21736 1
4.21741 1
4.21746 1
4.2175 1
4.21755 1
4.2176 1
4.21765 1
4.2177 1
4.21774 1
4.21779 1
4.21784 1
4.21789 1
4.21794 1
4.21798 1
4.21803 1
4.21808 1
4.21813 1
4.21818 1
4.21823 1
4.21827 1
4.21832 1
4.21837 1
4.21842 1
4.21847 1
4.21851 1
4.21856 1
4.21861 1
4.21866 1
4.21871 1
4.21875 1
4.2188 1
4.21885 1
4.2189 1
4.21895 1
4.21899 1
4.21904 1
4.21909 1
4.21914 1
4.21919 1
4.21923 1
4.21928 1
4.21933 1
4.21938 1
4.21943 1
4.21947 1
4.21952 1
4.21957 1
4.21962 1
4.21967 1
4.21971 1
4.21976 1
4.21981 1
4.21986 1
4.21991 1
4.21996 1
4.22 1
4.22005 1
4.2201 1
4.22015 1
4.2202 1
4.22024 1
4.22029 1
4.22034 1
4.22039 1
4.22044 1
4.22048 1
4.22053 1
4.22058 1
4.22063 1
4.22068 1
4.22072 1
4.22077 1
4.22082 1
4.22087 1
4.22092 1
4.22096 1
4.22101 1
4.22106 1
4.22111 1
4.22116 1
4.2212 1
4.22125 1
4.2213 1
4.22135 1
4.2214 1
4.22145 1
4.22149 1
4.22154 1
4.22159 1
4.22164 1
4.22169 1
4.22173 1
4.22178 1
4.22183 1
4.22188 1
4.22193 1
4.22197 1
4.22202 1
4.22207 1
4.22212 1
4.22217 1
4.22221 1
4.22226 1
4.22231 1
4.22236 1
4.22241 1
4.22245 1
4.2225 1
4.22255 1
4.2226 1
4.22265 1
4.22269 1
4.22274 1
4.22279 1
4.22284 1
4.22289 1
4.22294 1
4.22298 1
4.22303 1
4.22308 1
4.22313 1
4.22318 1
4.22322 1
4.22327 1
4.22332 1
4.22337 1
4.22342 1
4.22346 1
4.22351 1
4.22356 1
4.22361 1
4.22366 1
4.2237 1
4.22375 1
4.2238 1
4.22385 1
4.2239 1
4.22394 1
4.22399 1
4.22404 1
4.22409 1
4.22414 1
4.22418 1
4.22423 1
4.22428 1
4.22433 1
4.22438 1
4.22443 1
4.22447 1
4.22452 1
4.22457 1
4.22462 1
4.22467 1
4.22471 1
4.22476 1
4.22481 1
4.22486 1
4.22491 1
4.22495 1
4.225 1
4.22505 1
4.2251 1
4.22515 1
4.22519 1
4.22524 1
4.22529 1
4.22534 1
4.22539 1
4.22543 1
4.22548 1
4.22553 1
4.22558 1
4.22563 1
4.22567 1
4.22572 1
4.22577 1
4.22582 1
4.22587 1
4.22592 1
4.22596 1
4.22601 1
4.22606 1
4.22611 1
4.22616 1
4.2262 1
4.22625 1
4.2263 1
4.22635 1
4.2264 1
4.22644 1
4.22649 1
4.22654 1
4.22659 1
4.22664 1
4.22668 1
4.22673 1
4.22678 1
4.22683 1
4.22688 1
4.22692 1
4.22697 1
4.22702 1
4.22707 1
4.22712 1
4.22716 1
4.22721 1
4.22726 1
4.22731 1
4.22736 1
4.22741 1
4.22745 1
4.2275 1
4.22755 1
4.2276 1
4.22765 1
4.22769 1
4.22774 1
4.22779 1
4.22784 1
4.22789 1
4.22793 1
4.22798 1
4.22803 1
4.22808 1
4.22813 1
4.22817 1
4.22822 1
4.22827 1
4.22832 1
4.22837 1
4.22841 1
4.22846 1
4.22851 1
4.22856 1
4.22861 1
4.22865 1
4.2287 1
4.22875 1
4.2288 1
4.22885 1
4.2289 1
4.22894 1
4.22899 1
4.22904 1
4.22909 1
4.22914 1
4.22918 1
4.22923 1
4.22928 1
4.22933 1
4.22938 1
4.22942 1
4.22947 1
4.22952 1
4.22957 1
4.22962 1
4.22966 1
4.22971 1
4.22976 1
4.22981 1
4.22986 1
4.2299 1
4.22995 1
4.23 1
4.23005 1
4.2301 1
4.23014 1
4.23019 1
4.23024 1
4.23029 1
4.23034 1
4.23039 1
4.23043 1
4.23048 1
4.23053 1
4.23058 1
4.23063 1
4.23067 1
4.23072 1
4.23077 1
4.23082 1
4.23087 1
4.23091 1
4.23096 1
4.23101 1
4.23106 1
4.23111 1
4.23115 1
4.2312 1
4.23125 1
4.2313 1
4.23135 1
4.23139 1
4.23144 1
4.23149 1
4.23154 1
4.23159 1
4.23163 1
4.23168 1
4.23173 1
4.23178 1
4.23183 1
4.23188 1
4.23192 1
4.23197 1
4.23202 1
4.23207 1
4.23212 1
4.23216 1
4.23221 1
4.23226 1
4.23231 1
4.23236 1
4.2324 1
4.23245 1
4.2325 1
4.23255 1
4.2326 1
4.23264 1
4.23269 1
4.23274 1
4.23279 1
4.23284 1
4.23288 1
4.23293 1
4.23298 1
4.23303 1
4.23308 1
4.23312 1
4.23317 1
4.23322 1
4.23327 1
4.23332 1
4.23337 1
4.23341 1
4.23346 1
4.23351 1
4.23356 1
4.23361 1
4.23365 1
4.2337 1
4.23375 1
4.2338 1
4.23385 1
4.23389 1
4.23394 1
4.23399 1
4.23404 1
4.23409 1
4.23413 1
4.23418 1
4.23423 1
4.23428 1
4.23433 1
4.23437 1
4.23442 1
4.23447 1
4.23452 1
4.23457 1
4.23461 1
4.23466 1
4.23471 1
4.23476 1
4.23481 1
4.23486 1
4.2349 1
4.23495 1
4.235 1
4.23505 1
4.2351 1
4.23514 1
4.23519 1
4.23524 1
4.23529 1
4.23534 1
4.23538 1
4.23543 1
4.23548 1
4.23553 1
4.23558 1
4.23562 1
4.23567 1
4.23572 1
4.23577 1
4.23582 1
4.23586 1
4.23591 1
4.23596 1
4.23601 1
4.23606 1
4.2361 1
4.23615 1
4.2362 1
4.23625 1
4.2363 1
4.23635 1
4.23639 1
4.23644 1
4.23649 1
4.23654 1
4.23659 1
4.23663 1
4.23668 1
4.23673 1
4.23678 1
4.23683 1
4.23687 1
4.23692 1
4.23697 1
4.23702 1
4.23707 1
4.23711 1
4.23716 1
4.23721 1
4.23726 1
4.23731 1
4.23735 1
4.2374 1
4.23745 1
4.2375 1
4.23755 1
4.23759 1
4.23764 1
4.23769 1
4.23774 1
4.23779 1
4.23784 1
4.23788 1
4.23793 1
4.23798 1
4.23803 1
4.23808 1
4.23812 1
4.23817 1
4.23822 1
4.23827 1
4.23832 1
4.23836 1
4.23841 1
4.23846 1
4.23851 1
4.23856 1
4.2386 1
4.23865 1
4.2387 1
4.23875 1
4.2388 1
4.23884 1
4.23889 1
4.23894 1
4.23899 1
4.23904 1
4.23908 1
4.23913 1
4.23918 1
4.23923 1
4.23928 1
4.23933 1
4.23937 1
4.23942 1
4.23947 1
4.23952 1
4.23957 1
4.23961 1
4.23966 1
4.23971 1
4.23976 1
4.23981 1
4.23985 1
4.2399 1
4.23995 1
4.24 1
4.24005 1
4.24009 1
4.24014 1
4.24019 1
4.24024 1
4.24029 1
4.24033 1
4.24038 1
4.24043 1
4.24048 1
4.24053 1
4.24057 1
4.24062 1
4.24067 1
4.24072 1
4.24077 1
4.24082 1
4.24086 1
4.24091 1
4.24096 1
4.24101 1
4.24106 1
4.2411 1
4.24115 1
4.2412 1
4.24125 1
4.2413 1
4.24134 1
4.24139 1
4.24144 1
4.24149 1
4.24154 1
4.24158 1
4.24163 1
4.24168 1
4.24173 1
4.24178 1
4.24182 1
4.24187 1
4.24192 1
4.24197 1
4.24202 1
4.24206 1
4.24211 1
4.24216 1
4.24221 1
4.24226 1
4.24231 1
4.24235 1
4.2424 1
4.24245 1
4.2425 1
4.24255 1
4.24259 1
4.24264 1
4.24269 1
4.24274 1
4.24279 1
4.24283 1
4.24288 1
4.24293 1
4.24298 1
4.24303 1
4.24307 1
4.24312 1
4.24317 1
4.24322 1
4.24327 1
4.24331 1
4.24336 1
4.24341 1
4.24346 1
4.24351 1
4.24355 1
4.2436 1
4.24365 1
4.2437 1
4.24375 1
4.2438 1
4.24384 1
4.24389 1
4.24394 1
4.24399 1
4.24404 1
4.24408 1
4.24413 1
4.24418 1
4.24423 1
4.24428 1
4.24432 1
4.24437 1
4.24442 1
4.24447 1
4.24452 1
4.24456 1
4.24461 1
4.24466 1
4.24471 1
4.24476 1
4.2448 1
4.24485 1
4.2449 1
4.24495 1
4.245 1
4.24504 1
4.24509 1
4.24514 1
4.24519 1
4.24524 1
4.24529 1
4.24533 1
4.24538 1
4.24543 1
4.24548 1
4.24553 1
4.24557 1
4.24562 1
4.24567 1
4.24572 1
4.24577 1
4.24581 1
4.24586 1
4.24591 1
4.24596 1
4.24601 1
4.24605 1
4.2461 1
4.24615 1
4.2462 1
4.24625 1
4.24629 1
4.24634 1
4.24639 1
4.24644 1
4.24649 1
4.24653 1
4.24658 1
4.24663 1
4.24668 1
4.24673 1
4.24678 1
4.24682 1
4.24687 1
4.24692 1
4.24697 1
4.24702 1
4.24706 1
4.24711 1
4.24716 1
4.24721 1
4.24726 1
4.2473 1
4.24735 1
4.2474 1
4.24745 1
4.2475 1
4.24754 1
4.24759 1
4.24764 1
4.24769 1
4.24774 1
4.24778 1
4.24783 1
4.24788 1
4.24793 1
4.24798 1
4.24802 1
4.24807 1
4.24812 1
4.24817 1
4.24822 1
4.24827 1
4.24831 1
4.24836 1
4.24841 1
4.24846 1
4.24851 1
4.24855 1
4.2486 1
4.24865 1
4.2487 1
4.24875 1
4.24879 1
4.24884 1
4.24889 1
4.24894 1
4.24899 1
4.24903 1
4.24908 1
4.24913 1
4.24918 1
4.24923 1
4.24927 1
4.24932 1
4.24937 1
4.24942 1
4.24947 1
4.24951 1
4.24956 1
4.24961 1
4.24966 1
4.24971 1
4.24975 1
4.2498 1
4.24985 1
4.2499 1
4.24995 1
4.25 1
4.25004 1
4.25009 1
4.25014 1
4.25019 1
4.25024 1
4.25028 1
4.25033 1
4.25038 1
4.25043 1
4.25048 1
4.25052 1
4.25057 1
4.25062 1
4.25067 1
4.25072 1
4.25076 1
4.25081 1
4.25086 1
4.25091 1
4.25096 1
4.251 1
4.25105 1
4.2511 1
4.25115 1
4.2512 1
4.25124 1
4.25129 1
4.25134 1
4.25139 1
4.25144 1
4.25149 1
4.25153 1
4.25158 1
4.25163 1
4.25168 1
4.25173 1
4.25177 1
4.25182 1
4.25187 1
4.25192 1
4.25197 1
4.25201 1
4.25206 1
4.25211 1
4.25216 1
4.25221 1
4.25225 1
4.2523 1
4.25235 1
4.2524 1
4.25245 1
4.25249 1
4.25254 1
4.25259 1
4.25264 1
4.25269 1
4.25273 1
4.25278 1
4.25283 1
4.25288 1
4.25293 1
4.25298 1
4.25302 1
4.25307 1
4.25312 1
4.25317 1
4.25322 1
4.25326 1
4.25331 1
4.25336 1
4.25341 1
4.25346 1
4.2535 1
4.25355 1
4.2536 1
4.25365 1
4.2537 1
4.25374 1
4.25379 1
4.25384 1
4.25389 1
4.25394 1
4.25398 1
4.25403 1
4.25408 1
4.25413 1
4.25418 1
4.25422 1
4.25427 1
4.25432 1
4.25437 1
4.25442 1
4.25447 1
4.25451 1
4.25456 1
4.25461 1
4.25466 1
4.25471 1
4.25475 1
4.2548 1
4.25485 1
4.2549 1
4.25495 1
4.25499 1
4.25504 1
4.25509 1
4.25514 1
4.25519 1
4.25523 1
4.25528 1
4.25533 1
4.25538 1
4.25543 1
4.25547 1
4.25552 1
4.25557 1
4.25562 1
4.25567 1
4.25571 1
4.25576 1
4.25581 1
4.25586 1
4.25591 1
4.25596 1
4.256 1
4.25605 1
4.2561 1
4.25615 1
4.2562 1
4.25624 1
4.25629 1
4.25634 1
4.25639 1
4.25644 1
4.25648 1
4.25653 1
4.25658 1
4.25663 1
4.25668 1
4.25672 1
4.25677 1
4.25682 1
4.25687 1
4.25692 1
4.25696 1
4.25701 1
4.25706 1
4.25711 1
4.25716 1
4.2572 1
4.25725 1
4.2573 1
4.25735 1
4.2574 1
4.25745 1
4.25749 1
4.25754 1
4.25759 1
4.25764 1
4.25769 1
4.25773 1
4.25778 1
4.25783 1
4.25788 1
4.25793 1
4.25797 1
4.25802 1
4.25807 1
4.25812 1
4.25817 1
4.25821 1
4.25826 1
4.25831 1
4.25836 1
4.25841 1
4.25845 1
4.2585 1
4.25855 1
4.2586 1
4.25865 1
4.25869 1
4.25874 1
4.25879 1
4.25884 1
4.25889 1
4.25894 1
4.25898 1
4.25903 1
4.25908 1
4.25913 1
4.25918 1
4.25922 1
4.25927 1
4.25932 1
4.25937 1
4.25942 1
4.25946 1
4.25951 1
4.25956 1
4.25961 1
4.25966 1
4.2597 1
4.25975 1
4.2598 1
4.25985 1
4.2599 1
4.25994 1
4.25999 1
4.26004 1
4.26009 1
4.26014 1
4.26018 1
4.26023 1
4.26028 1
4.26033 1
4.26038 1
4.26043 1
4.26047 1
4.26052 1
4.26057 1
4.26062 1
4.26067 1
4.26071 1
4.26076 1
4.26081 1
4.26086 1
4.26091 1
4.26095 1
4.261 1
4.26105 1
4.2611 1
4.26115 1
4.26119 1
4.26124 1
4.26129 1
4.26134 1
4.26139 1
4.26143 1
4.26148 1
4.26153 1
4.26158 1
4.26163 1
4.26167 1
4.26172 1
4.26177 1
4.26182 1
4.26187 1
4.26192 1
4.26196 1
4.26201 1
4.26206 1
4.26211 1
4.26216 1
4.2622 1
4.26225 1
4.2623 1
4.26235 1
4.2624 1
4.26244 1
4.26249 1
4.26254 1
4.26259 1
4.26264 1
4.26268 1
4.26273 1
4.26278 1
4.26283 1
4.26288 1
4.26292 1
4.26297 1
4.26302 1
4.26307 1
4.26312 1
4.26316 1
4.26321 1
4.26326 1
4.26331 1
4.26336 1
4.26341 1
4.26345 1
4.2635 1
4.26355 1
4.2636 1
4.26365 1
4.26369 1
4.26374 1
4.26379 1
4.26384 1
4.26389 1
4.26393 1
4.26398 1
4.26403 1
4.26408 1
4.26413 1
4.26417 1
4.26422 1
4.26427 1
4.26432 1
4.26437 1
4.26441 1
4.26446 1
4.26451 1
4.26456 1
4.26461 1
4.26465 1
4.2647 1
4.26475 1
4.2648 1
4.26485 1
4.2649 1
4.26494 1
4.26499 1
4.26504 1
4.26509 1
4.26514 1
4.26518 1
4.26523 1
4.26528 1
4.26533 1
4.26538 1
4.26542 1
4.26547 1
4.26552 1
4.26557 1
4.26562 1
4.26566 1
4.26571 1
4.26576 1
4.26581 1
4.26586 1
4.2659 1
4.26595 1
4.266 1
4.26605 1
4.2661 1
4.26614 1
4.26619 1
4.26624 1
4.26629 1
4.26634 1
4.26639 1
4.26643 1
4.26648 1
4.26653 1
4.26658 1
4.26663 1
4.26667 1
4.26672 1
4.26677 1
4.26682 1
4.26687 1
4.26691 1
4.26696 1
4.26701 1
4.26706 1
4.26711 1
4.26715 1
4.2672 1
4.26725 1
4.2673 1
4.26735 1
4.26739 1
4.26744 1
4.26749 1
4.26754 1
4.26759 1
4.26763 1
4.26768 1
4.26773 1
4.26778 1
4.26783 1
4.26788 1
4.26792 1
4.26797 1
4.26802 1
4.26807 1
4.26812 1
4.26816 1
4.26821 1
4.26826 1
4.26831 1
4.26836 1
4.2684 1
4.26845 1
4.2685 1
4.26855 1
4.2686 1
4.26864 1
4.26869 1
4.26874 1
4.26879 1
4.26884 1
4.26888 1
4.26893 1
4.26898 1
4.26903 1
4.26908 1
4.26912 1
4.26917 1
4.26922 1
4.26927 1
4.26932 1
4.26937 1
4.26941 1
4.26946 1
4.26951 1
4.26956 1
4.26961 1
4.26965 1
4.2697 1
4.26975 1
4.2698 1
4.26985 1
4.26989 1
4.26994 1
4.26999 1
4.27004 1
4.27009 1
4.27013 1
4.27018 1
4.27023 1
4.27028 1
4.27033 1
4.27037 1
4.27042 1
4.27047 1
4.27052 1
4.27057 1
4.27061 1
4.27066 1
4.27071 1
4.27076 1
4.27081 1
4.27086 1
4.2709 1
4.27095 1
4.271 1
4.27105 1
4.2711 1
4.27114 1
4.27119 1
4.27124 1
4.27129 1
4.27134 1
4.27138 1
4.27143 1
4.27148 1
4.27153 1
4.27158 1
4.27162 1
4.27167 1
4.27172 1
4.27177 1
4.27182 1
4.27186 1
4.27191 1
4.27196 1
4.27201 1
4.27206 1
4.2721 1
4.27215 1
4.2722 1
4.27225 1
4.2723 1
4.27235 1
4.27239 1
4.27244 1
4.27249 1
4.27254 1
4.27259 1
4.27263 1
4.27268 1
4.27273 1
4.27278 1
4.27283 1
4.27287 1
4.27292 1
4.27297 1
4.27302 1
4.27307 1
4.27311 1
4.27316 1
4.27321 1
4.27326 1
4.27331 1
4.27335 1
4.2734 1
4.27345 1
4.2735 1
4.27355 1
4.27359 1
4.27364 1
4.27369 1
4.27374 1
4.27379 1
4.27384 1
4.27388 1
4.27393 1
4.27398 1
4.27403 1
4.27408 1
4.27412 1
4.27417 1
4.27422 1
4.27427 1
4.27432 1
4.27436 1
4.27441 1
4.27446 1
4.27451 1
4.27456 1
4.2746 1
4.27465 1
4.2747 1
4.27475 1
4.2748 1
4.27484 1
4.27489 1
4.27494 1
4.27499 1
4.27504 1
4.27508 1
4.27513 1
4.27518 1
4.27523 1
4.27528 1
4.27533 1
4.27537 1
4.27542 1
4.27547 1
4.27552 1
4.27557 1
4.27561 1
4.27566 1
4.27571 1
4.27576 1
4.27581 1
4.27585 1
4.2759 1
4.27595 1
4.276 1
4.27605 1
4.27609 1
4.27614 1
4.27619 1
4.27624 1
4.27629 1
4.27633 1
4.27638 1
4.27643 1
4.27648 1
4.27653 1
4.27657 1
4.27662 1
4.27667 1
4.27672 1
4.27677 1
4.27682 1
4.27686 1
4.27691 1
4.27696 1
4.27701 1
4.27706 1
4.2771 1
4.27715 1
4.2772 1
4.27725 1
4.2773 1
4.27734 1
4.27739 1
4.27744 1
4.27749 1
4.27754 1
4.27758 1
4.27763 1
4.27768 1
4.27773 1
4.27778 1
4.27782 1
4.27787 1
4.27792 1
4.27797 1
4.27802 1
4.27806 1
4.27811 1
4.27816 1
4.27821 1
4.27826 1
4.27831 1
4.27835 1
4.2784 1
4.27845 1
4.2785 1
4.27855 1
4.27859 1
4.27864 1
4.27869 1
4.27874 1
4.27879 1
4.27883 1
4.27888 1
4.27893 1
4.27898 1
4.27903 1
4.27907 1
4.27912 1
4.27917 1
4.27922 1
4.27927 1
4.27931 1
4.27936 1
4.27941 1
4.27946 1
4.27951 1
4.27955 1
4.2796 1
4.27965 1
4.2797 1
4.27975 1
4.27979 1
4.27984 1
4.27989 1
4.27994 1
4.27999 1
4.28004 1
4.28008 1
4.28013 1
4.28018 1
4.28023 1
4.28028 1
4.28032 1
4.28037 1
4.28042 1
4.28047 1
4.28052 1
4.28056 1
4.28061 1
4.28066 1
4.28071 1
4.28076 1
4.2808 1
4.28085 1
4.2809 1
4.28095 1
4.281 1
4.28104 1
4.28109 1
4.28114 1
4.28119 1
4.28124 1
4.28128 1
4.28133 1
4.28138 1
4.28143 1
4.28148 1
4.28153 1
4.28157 1
4.28162 1
4.28167 1
4.28172 1
4.28177 1
4.28181 1
4.28186 1
4.28191 1
4.28196 1
4.28201 1
4.28205 1
4.2821 1
4.28215 1
4.2822 1
4.28225 1
4.28229 1
4.28234 1
4.28239 1
4.28244 1
4.28249 1
4.28253 1
4.28258 1
4.28263 1
4.28268 1
4.28273 1
4.28277 1
4.28282 1
4.28287 1
4.28292 1
4.28297 1
4.28302 1
4.28306 1
4.28311 1
4.28316 1
4.28321 1
4.28326 1
4.2833 1
4.28335 1
4.2834 1
4.28345 1
4.2835 1
4.28354 1
4.28359 1
4.28364 1
4.28369 1
4.28374 1
4.28378 1
4.28383 1
4.28388 1
4.28393 1
4.28398 1
4.28402 1
4.28407 1
4.28412 1
4.28417 1
4.28422 1
4.28426 1
4.28431 1
4.28436 1
4.28441 1
4.28446 1
4.28451 1
4.28455 1
4.2846 1
4.28465 1
4.2847 1
4.28475 1
4.28479 1
4.28484 1
4.28489 1
4.28494 1
4.28499 1
4.28503 1
4.28508 1
4.28513 1
4.28518 1
4.28523 1
4.28527 1
4.28532 1
4.28537 1
4.28542 1
4.28547 1
4.28551 1
4.28556 1
4.28561 1
4.28566 1
4.28571 1
4.28575 1
4.2858 1
4.28585 1
4.2859 1
4.28595 1
4.286 1
4.28604 1
4.28609 1
4.28614 1
4.28619 1
4.28624 1
4.28628 1
4.28633 1
4.28638 1
4.28643 1
4.28648 1
4.28652 1
4.28657 1
4.28662 1
4.28667 1
4.28672 1
4.28676 1
4.28681 1
4.28686 1
4.28691 1
4.28696 1
4.287 1
4.28705 1
4.2871 1
4.28715 1
4.2872 1
4.28724 1
4.28729 1
4.28734 1
4.28739 1
4.28744 1
4.28749 1
4.28753 1
4.28758 1
4.28763 1
4.28768 1
4.28773 1
4.28777 1
4.28782 1
4.28787 1
4.28792 1
4.28797 1
4.28801 1
4.28806 1
4.28811 1
4.28816 1
4.28821 1
4.28825 1
4.2883 1
4.28835 1
4.2884 1
4.28845 1
4.28849 1
4.28854 1
4.28859 1
4.28864 1
4.28869 1
4.28873 1
4.28878 1
4.28883 1
4.28888 1
4.28893 1
4.28898 1
4.28902 1
4.28907 1
4.28912 1
4.28917 1
4.28922 1
4.28926 1
4.28931 1
4.28936 1
4.28941 1
4.28946 1
4.2895 1
4.28955 1
4.2896 1
4.28965 1
4.2897 1
4.28974 1
4.28979 1
4.28984 1
4.28989 1
4.28994 1
4.28998 1
4.29003 1
4.29008 1
4.29013 1
4.29018 1
4.29022 1
4.29027 1
4.29032 1
4.29037 1
4.29042 1
4.29047 1
4.29051 1
4.29056 1
4.29061 1
4.29066 1
4.29071 1
4.29075 1
4.2908 1
4.29085 1
4.2909 1
4.29095 1
4.29099 1
4.29104 1
4.29109 1
4.29114 1
4.29119 1
4.29123 1
4.29128 1
4.29133 1
4.29138 1
4.29143 1
4.29147 1
4.29152 1
4.29157 1
4.29162 1
4.29167 1
4.29171 1
4.29176 1
4.29181 1
4.29186 1
4.29191 1
4.29196 1
4.292 1
4.29205 1
4.2921 1
4.29215 1
4.2922 1
4.29224 1
4.29229 1
4.29234 1
4.29239 1
4.29244 1
4.29248 1
4.29253 1
4.29258 1
4.29263 1
4.29268 1
4.29272 1
4.29277 1
4.29282 1
4.29287 1
4.29292 1
4.29296 1
4.29301 1
4.29306 1
4.29311 1
4.29316 1
4.2932 1
4.29325 1
4.2933 1
4.29335 1
4.2934 1
4.29345 1
4.29349 1
4.29354 1
4.29359 1
4.29364 1
4.29369 1
4.29373 1
4.29378 1
4.29383 1
4.29388 1
4.29393 1
4.29397 1
4.29402 1
4.29407 1
4.29412 1
4.29417 1
4.29421 1
4.29426 1
4.29431 1
4.29436 1
4.29441 1
4.29445 1
4.2945 1
4.29455 1
4.2946 1
4.29465 1
4.29469 1
4.29474 1
4.29479 1
4.29484 1
4.29489 1
4.29494 1
4.29498 1
4.29503 1
4.29508 1
4.29513 1
4.29518 1
4.29522 1
4.29527 1
4.29532 1
4.29537 1
4.29542 1
4.29546 1
4.29551 1
4.29556 1
4.29561 1
4.29566 1
4.2957 1
4.29575 1
4.2958 1
4.29585 1
4.2959 1
4.29594 1
4.29599 1
4.29604 1
4.29609 1
4.29614 1
4.29618 1
4.29623 1
4.29628 1
4.29633 1
4.29638 1
4.29643 1
4.29647 1
4.29652 1
4.29657 1
4.29662 1
4.29667 1
4.29671 1
4.29676 1
4.29681 1
4.29686 1
4.29691 1
4.29695 1
4.297 1
4.29705 1
4.2971 1
4.29715 1
4.29719 1
4.29724 1
4.29729 1
4.29734 1
4.29739 1
4.29743 1
4.29748 1
4.29753 1
4.29758 1
4.29763 1
4.29767 1
4.29772 1
4.29777 1
4.29782 1
4.29787 1
4.29792 1
4.29796 1
4.29801 1
4.29806 1
4.29811 1
4.29816 1
4.2982 1
4.29825 1
4.2983 1
4.29835 1
4.2984 1
4.29844 1
4.29849 1
4.29854 1
4.29859 1
4.29864 1
4.29868 1
4.29873 1
4.29878 1
4.29883 1
4.29888 1
4.29892 1
4.29897 1
4.29902 1
4.29907 1
4.29912 1
4.29916 1
4.29921 1
4.29926 1
4.29931 1
4.29936 1
4.29941 1
4.29945 1
4.2995 1
4.29955 1
4.2996 1
4.29965 1
4.29969 1
4.29974 1
4.29979 1
4.29984 1
4.29989 1
4.29993 1
4.29998 1
4.30003 1
4.30008 1
4.30013 1
4.30017 1
4.30022 1
4.30027 1
4.30032 1
4.30037 1
4.30041 1
4.30046 1
4.30051 1
4.30056 1
4.30061 1
4.30065 1
4.3007 1
4.30075 1
4.3008 1
4.30085 1
4.3009 1
4.30094 1
4.30099 1
4.30104 1
4.30109 1
4.30114 1
4.30118 1
4.30123 1
4.30128 1
4.30133 1
4.30138 1
4.30142 1
4.30147 1
4.30152 1
4.30157 1
4.30162 1
4.30166 1
4.30171 1
4.30176 1
4.30181 1
4.30186 1
4.3019 1
4.30195 1
4.302 1
