0 0
0.001 0
0.002 0
0.003 0
0.004 0
0.005 0
0.006 0
0.007 0
0.008 0
0.009 0
0.01 0
0.011 0
0.012 0
0.013 0
0.014 0
0.015 0
0.016 0
0.017 0
0.018 0
0.019 0
0.02 0
0.021 0
0.022 0
0.023 0
0.024 0
0.025 0
0.026 0
0.027 0
0.028 0
0.029 0
0.03 0
0.031 0
0.032 0
0.033 0
0.034 0
0.035 0
0.036 0
0.037 0
0.038 0
0.039 0
0.04 0
0.041 0
0.042 0
0.043 0
0.044 0
0.045 0
0.046 0
0.047 0
0.048 0
0.049 0
0.05 0
0.051 0
0.052 0
0.053 0
0.054 0
0.055 0
0.056 0
0.057 0
0.058 0
0.059 0
0.06 0
0.061 0
0.062 0
0.063 0
0.064 0
0.065 0
0.066 0
0.067 0
0.068 0
0.069 0
0.07 0
0.071 0
0.072 0
0.073 0
0.074 0
0.075 0
0.076 0
0.077 0
0.078 0
0.079 0
0.08 0
0.081 0
0.082 0
0.083 0
0.084 0
0.085 0
0.086 0
0.087 0
0.088 0
0.089 0
0.09 0
0.091 0
0.092 0
0.093 0
0.094 0
0.095 0
0.096 0
0.097 0
0.098 0
0.099 0
0.1 0
0.101 0
0.102 0
0.103 0
0.104 0
0.105 0
0.106 0
0.107 0
0.108 0
0.109 0
0.11 0
0.111 0
0.112 0
0.113 0
0.114 0
0.115 0
0.116 0
0.117 0
0.118 0
0.119 0
0.12 0
0.121 0
0.122 0
0.123 0
0.124 0
0.125 0
0.126 0
0.127 0
0.128 0
0.129 0
0.13 0
0.131 0
0.132 0
0.133 0
0.134 0
0.135 0
0.136 0
0.137 0
0.138 0
0.139 0
0.14 0
0.141 0
0.142 0
0.143 0
0.144 0
0.145 0
0.146 0
0.147 0
0.148 0
0.149 0
0.15 0
0.151 0
0.152 0
0.153 0
0.154 0
0.155 0
0.156 0
0.157 0
0.158 0
0.159 0
0.16 0
0.161 0
0.162 0
0.163 0
0.164 0
0.165 0
0.166 0
0.167 0
0.168 0
0.169 0
0.17 0
0.171 0
0.172 0
0.173 0
0.174 0
0.175 0
0.176 0
0.177 0
0.178 0
0.179 0
0.18 0
0.181 0
0.182 0
0.183 0
0.184 0
0.185 0
0.186 0
0.187 0
0.188 0
0.189 0
0.19 0
0.191 0
0.192 0
0.193 0
0.194 0
0.195 0
0.196 0
0.197 0
0.198 0
0.199 0
0.2 0
0.201 0
0.202 0
0.203 0
0.204 0
0.205 0
0.206 0
0.207 0
0.208 0
0.209 0
0.21 0
0.211 0
0.212 0
0.213 0
0.214 0
0.215 0
0.216 0
0.217 0
0.218 0
0.219 0
0.22 0
0.221 0
0.222 0
0.223 0
0.224 0
0.225 0
0.226 0
0.227 0
0.228 0
0.229 0
0.23 0
0.231 0
0.232 0
0.233 0
0.234 0
0.235 0
0.236 0
0.237 0
0.238 0
0.239 0
0.24 0
0.241 0
0.242 0
0.243 0
0.244 0
0.245 0
0.246 0
0.247 0
0.248 0
0.249 0
0.25 0
0.251 0
0.252 0
0.253 0
0.254 0
0.255 0
0.256 0
0.257 0
0.258 0
0.259 0
0.26 0
0.261 0
0.262 0
0.263 0
0.264 0
0.265 0
0.266 0
0.267 0
0.268 0
0.269 0
0.27 0
0.271 0
0.272 0
0.273 0
0.274 0
0.275 0
0.276 0
0.277 0
0.278 0
0.279 0
0.28 0
0.281 0
0.282 0
0.283 0
0.284 0
0.285 0
0.286 0
0.287 0
0.288 0
0.289 0
0.29 0
0.291 0
0.292 0
0.293 0
0.294 0
0.295 0
0.296 0
0.297 0
0.298 0
0.299 0
0.3 0
0.301 0
0.302 0
0.303 0
0.304 0
0.305 0
0.306 0
0.307 0
0.308 0
0.309 0
0.31 0
0.311 0
0.312 0
0.313 0
0.314 0
0.315 0
0.316 0
0.317 0
0.318 0
0.319 0
0.32 0
0.321 0
0.322 0
0.323 0
0.324 0
0.325 0
0.326 0
0.327 0
0.328 0
0.329 0
0.33 0
0.331 0
0.332 0
0.333 0
0.334 0
0.335 0
0.336 0
0.337 0
0.338 0
0.339 0
0.34 0
0.341 0
0.342 0
0.343 0
0.344 0
0.345 0
0.346 0
0.347 0
0.348 0
0.349 0
0.35 0
0.351 0
0.352 0
0.353 0
0.354 0
0.355 0
0.356 0
0.357 0
0.358 0
0.359 0
0.36 0
0.361 0
0.362 0
0.363 0
0.364 0
0.365 0
0.366 0
0.367 0
0.368 0
0.369 0
0.37 0
0.371 0
0.372 0
0.373 0
0.374 0
0.375 0
0.376 0
0.377 0
0.378 0
0.379 0
0.38 0
0.381 0
0.382 0
0.383 0
0.384 0
0.385 0
0.386 0
0.387 0
0.388 0
0.389 0
0.39 0
0.391 0
0.392 0
0.393 0
0.394 0
0.395 0
0.396 0
0.397 0
0.398 0
0.399 0
0.4 0
0.401 0
0.402 0
0.403 0
0.404 0
0.405 0
0.406 0
0.407 0
0.408 0
0.409 0
0.41 0
0.411 0
0.412 0
0.413 0
0.414 0
0.415 0
0.416 0
0.417 0
0.418 0
0.419 0
0.42 0
0.421 0
0.422 0
0.423 0
0.424 0
0.425 0
0.426 0
0.427 0
0.428 0
0.429 0
0.43 0
0.431 0
0.432 0
0.433 0
0.434 0
0.435 0
0.436 0
0.437 0
0.438 0
0.439 0
0.44 0
0.441 0
0.442 0
0.443 0
0.444 0
0.445 0
0.446 0
0.447 0
0.448 0
0.449 0
0.45 0
0.451 0
0.452 0
0.453 0
0.454 0
0.455 0
0.456 0
0.457 0
0.458 0
0.459 0
0.46 0
0.461 0
0.462 0
0.463 0
0.464 0
0.465 0
0.466 0
0.467 0
0.468 0
0.469 0
0.47 0
0.471 0
0.472 0
0.473 0
0.474 0
0.475 0
0.476 0
0.477 0
0.478 0
0.479 0
0.48 0
0.481 0
0.482 0
0.483 0
0.484 0
0.485 0
0.486 0
0.487 0
0.488 0
0.489 0
0.49 0
0.491 0
0.492 0
0.493 0
0.494 0
0.495 0
0.496 0
0.497 0
0.498 0
0.499 0
0.5 0
0.501 0
0.502 0
0.503 0
0.504 0
0.505 0
0.506 0
0.507 0
0.508 0
0.509 0
0.51 0
0.511 0
0.512 0
0.513 0
0.514 0
0.515 0
0.516 0
0.517 0
0.518 0
0.519 0
0.52 0
0.521 0
0.522 0
0.523 0
0.524 0
0.525 0
0.526 0
0.527 0
0.528 0
0.529 0
0.53 0
0.531 0
0.532 0
0.533 0
0.534 0
0.535 0
0.536 0
0.537 0
0.538 0
0.539 0
0.54 0
0.541 0
0.542 0
0.543 0
0.544 0
0.545 0
0.546 0
0.547 0
0.548 0
0.549 0
0.55 0
0.551 0
0.552 0
0.553 0
0.554 0
0.555 0
0.556 0
0.557 0
0.558 0
0.559 0
0.56 0
0.561 0
0.562 0
0.563 0
0.564 0
0.565 0
0.566 0
0.567 0
0.568 0
0.569 0
0.57 0
0.571 0
0.572 0
0.573 0
0.574 0
0.575 0
0.576 0
0.577 0
0.578 0
0.579 0
0.58 0
0.581 0
0.582 0
0.583 0
0.584 0
0.585 0
0.586 0
0.587 0
0.588 0
0.589 0
0.59 0
0.591 0
0.592 0
0.593 0
0.594 0
0.595 0
0.596 0
0.597 0
0.598 0
0.599 0
0.6 0
0.601 0
0.602 0
0.603 0
0.604 0
0.605 0
0.606 0
0.607 0
0.608 0
0.609 0
0.61 0
0.611 0
0.612 0
0.613 0
0.614 0
0.615 0
0.616 0
0.617 0
0.618 0
0.619 0
0.62 0
0.621 0
0.622 0
0.623 0
0.624 0
0.625 0
0.626 0
0.627 0
0.628 0
0.629 0
0.63 0
0.631 0
0.632 0
0.633 0
0.634 0
0.635 0
0.636 0
0.637 0
0.638 0
0.639 0
0.64 0
0.641 0
0.642 0
0.643 0
0.644 0
0.645 0
0.646 0
0.647 0
0.648 0
0.649 0
0.65 0
0.651 0
0.652 0
0.653 0
0.654 0
0.655 0
0.656 0
0.657 0
0.658 0
0.659 0
0.66 0
0.661 0
0.662 0
0.663 0
0.664 0
0.665 0
0.666 0
0.667 0
0.668 0
0.669 0
0.67 0
0.671 0
0.672 0
0.673 0
0.674 0
0.675 0
0.676 0
0.677 0
0.678 0
0.679 0
0.68 0
0.681 0
0.682 0
0.683 0
0.684 0
0.685 0
0.686 0
0.687 0
0.688 0
0.689 0
0.69 0
0.691 0
0.692 0
0.693 0
0.694 0
0.695 0
0.696 0
0.697 0
0.698 0
0.699 0
0.7 0
0.701 0
0.702 0
0.703 0
0.704 0
0.705 0
0.706 0
0.707 0
0.708 0
0.709 0
0.71 0
0.711 0
0.712 0
0.713 0
0.714 0
0.715 0
0.716 0
0.717 0
0.718 0
0.719 0
0.72 0
0.721 0
0.722 0
0.723 0
0.724 0
0.725 0
0.726 0
0.727 0
0.728 0
0.729 0
0.73 0
0.731 0
0.732 0
0.733 0
0.734 0
0.735 0
0.736 0
0.737 0
0.738 0
0.739 0
0.74 0
0.741 0
0.742 0
0.743 0
0.744 0
0.745 0
0.746 0
0.747 0
0.748 0
0.749 0
0.75 0
0.751 0
0.752 0
0.753 0
0.754 0
0.755 0
0.756 0
0.757 0
0.758 0
0.759 0
0.76 0
0.761 0
0.762 0
0.763 0
0.764 0
0.765 0
0.766 0
0.767 0
0.768 0
0.769 0
0.77 0
0.771 0
0.772 0
0.773 0
0.774 0
0.775 0
0.776 0
0.777 0
0.778 0
0.779 0
0.78 0
0.781 0
0.782 0
0.783 0
0.784 0
0.785 0
0.786 0
0.787 0
0.788 0
0.789 0
0.79 0
0.791 0
0.792 0
0.793 0
0.794 0
0.795 0
0.796 0
0.797 0
0.798 0
0.799 0
0.8 0
0.801 0
0.802 0
0.803 0
0.804 0
0.805 0
0.806 0
0.807 0
0.808 0
0.809 0
0.81 0
0.811 0
0.812 0
0.813 0
0.814 0
0.815 0
0.816 0
0.817 0
0.818 0
0.819 0
0.82 0
0.821 0
0.822 0
0.823 0
0.824 0
0.825 0
0.826 0
0.827 0
0.828 0
0.829 0
0.83 0
0.831 0
0.832 0
0.833 0
0.834 0
0.835 0
0.836 0
0.837 0
0.838 0
0.839 0
0.84 0
0.841 0
0.842 0
0.843 0
0.844 0
0.845 0
0.846 0
0.847 0
0.848 0
0.849 0
0.85 0
0.851 0
0.852 0
0.853 0
0.854 0
0.855 0
0.856 0
0.857 0
0.858 0
0.859 0
0.86 0
0.861 0
0.862 0
0.863 0
0.864 0
0.865 0
0.866 0
0.867 0
0.868 0
0.869 0
0.87 0
0.871 0
0.872 0
0.873 0
0.874 0
0.875 0
0.876 0
0.877 0
0.878 0
0.879 0
0.88 0
0.881 0
0.882 0
0.883 0
0.884 0
0.885 0
0.886 0
0.887 0
0.888 0
0.889 0
0.89 0
0.891 0
0.892 0
0.893 0
0.894 0
0.895 0
0.896 0
0.897 0
0.898 0
0.899 0
0.9 0
0.901 0
0.902 0
0.903 0
0.904 0
0.905 0
0.906 0
0.907 0
0.908 0
0.909 0
0.91 0
0.911 0
0.912 0
0.913 0
0.914 0
0.915 0
0.916 0
0.917 0
0.918 0
0.919 0
0.92 0
0.921 0
0.922 0
0.923 0
0.924 0
0.925 0
0.926 0
0.927 0
0.928 0
0.929 0
0.93 0
0.931 0
0.932 0
0.933 0
0.934 0
0.935 0
0.936 0
0.937 0
0.938 0
0.939 0
0.94 0
0.941 0
0.942 0
0.943 0
0.944 0
0.945 0
0.946 0
0.947 0
0.948 0
0.949 0
0.95 0
0.951 0
0.952 0
0.953 0
0.954 0
0.955 0
0.956 0
0.957 0
0.958 0
0.959 0
0.96 0
0.961 0
0.962 0
0.963 0
0.964 0
0.965 0
0.966 0
0.967 0
0.968 0
0.969 0
0.97 0
0.971 0
0.972 0
0.973 0
0.974 0
0.975 0
0.976 0
0.977 0
0.978 0
0.979 0
0.98 0
0.981 0
0.982 0
0.983 0
0.984 0
0.985 0
0.986 0
0.987 0
0.988 0
0.989 0
0.99 0
0.991 0
0.992 0
0.993 0
0.994 0
0.995 0
0.996 0
0.997 0
0.998 0
0.999 0
1 0
1.001 0
1.002 0
1.003 0
1.004 0
1.005 0
1.006 0
1.007 0
1.008 0
1.009 0
1.01 0
1.011 0
1.012 0
1.013 0
1.014 0
1.015 0
1.016 0
1.017 0
1.018 0
1.019 0
1.02 0
1.021 0
1.022 0
1.023 0
1.024 0
1.025 0
1.026 0
1.027 0
1.028 0
1.029 0
1.03 0
1.031 0
1.032 0
1.033 0
1.034 0
1.035 0
1.036 0
1.037 0
1.038 0
1.039 0
1.04 0
1.041 0
1.042 0
1.043 0
1.044 0
1.045 0
1.046 0
1.047 0
1.048 0
1.049 0
1.05 0
1.051 0
1.052 0
1.053 0
1.054 0
1.055 0
1.056 0
1.057 0
1.058 0
1.059 0
1.06 0
1.061 0
1.062 0
1.063 0
1.064 0
1.065 0
1.066 0
1.067 0
1.068 0
1.069 0
1.07 0
1.071 0
1.072 0
1.073 0
1.074 0
1.075 0
1.076 0
1.077 0
1.078 0
1.079 0
1.08 0
1.081 0
1.082 0
1.083 0
1.084 0
1.085 0
1.086 0
1.087 0
1.088 0
1.089 0
1.09 0
1.091 0
1.092 0
1.093 0
1.094 0
1.095 0
1.096 0
1.097 0
1.098 0
1.099 0
1.1 0
1.101 0
1.102 0
1.103 0
1.104 0
1.105 0
1.106 0
1.107 0
1.108 0
1.109 0
1.11 0
1.111 0
1.112 0
1.113 0
1.114 0
1.115 0
1.116 0
1.117 0
1.118 0
1.119 0
1.12 0
1.121 0
1.122 0
1.123 0
1.124 0
1.125 0
1.126 0
1.127 0
1.128 0
1.129 0
1.13 0
1.131 0
1.132 0
1.133 0
1.134 0
1.135 0
1.136 0
1.137 0
1.138 0
1.139 0
1.14 0
1.141 0
1.142 0
1.143 0
1.144 0
1.145 0
1.146 0
1.147 0
1.148 0
1.149 0
1.15 0
1.151 0
1.152 0
1.153 0
1.154 0
1.155 0
1.156 0
1.157 0
1.158 0
1.159 0
1.16 0
1.161 0
1.162 0
1.163 0
1.164 0
1.165 0
1.166 0
1.167 0
1.168 0
1.169 0
1.17 0
1.171 0
1.172 0
1.173 0
1.174 0
1.175 0
1.176 0
1.177 0
1.178 0
1.179 0
1.18 0
1.181 0
1.182 0
1.183 0
1.184 0
1.185 0
1.186 0
1.187 0
1.188 0
1.189 0
1.19 0
1.191 0
1.192 0
1.193 0
1.194 0
1.195 0
1.196 0
1.197 0
1.198 0
1.199 0
1.2 0
1.201 0
1.202 0
1.203 0
1.204 0
1.205 0
1.206 0
1.207 0
1.208 0
1.209 0
1.21 0
1.211 0
1.212 0
1.213 0
1.214 0
1.215 0
1.216 0
1.217 0
1.218 0
1.219 0
1.22 0
1.221 0
1.222 0
1.223 0
1.224 0
1.225 0
1.226 0
1.227 0
1.228 0
1.229 0
1.23 0
1.231 0
1.232 0
1.233 0
1.234 0
1.235 0
1.236 0
1.237 0
1.238 0
1.239 0
1.24 0
1.241 0
1.242 0
1.243 0
1.244 0
1.245 0
1.246 0
1.247 0
1.248 0
1.249 0
1.25 0
1.251 0
1.252 0
1.253 0
1.254 0
1.255 0
1.256 0
1.257 0
1.258 0
1.259 0
1.26 0
1.261 0
1.262 0
1.263 0
1.264 0
1.265 0
1.266 0
1.267 0
1.268 0
1.269 0
1.27 0
1.271 0
1.272 0
1.273 0
1.274 0
1.275 0
1.276 0
1.277 0
1.278 0
1.279 0
1.28 0
1.281 0
1.282 0
1.283 0
1.284 0
1.285 0
1.286 0
1.287 0
1.288 0
1.289 0
1.29 0
1.291 0
1.292 0
1.293 0
1.294 0
1.295 0
1.296 0
1.297 0
1.298 0
1.299 0
1.3 0
1.301 0
1.302 0
1.303 0
1.304 0
1.305 0
1.306 0
1.307 0
1.308 0
1.309 0
1.31 0
1.311 0
1.312 0
1.313 0
1.314 0
1.315 0
1.316 0
1.317 0
1.318 0
1.319 0
1.32 0
1.321 0
1.322 0
1.323 0
1.324 0
1.325 0
1.326 0
1.327 0
1.328 0
1.329 0
1.33 0
1.331 0
1.332 0
1.333 0
1.334 0
1.335 0
1.336 0
1.337 0
1.338 0
1.339 0
1.34 0
1.341 0
1.342 0
1.343 0
1.344 0
1.345 0
1.346 0
1.347 0
1.348 0
1.349 0
1.35 0
1.351 0
1.352 0
1.353 0
1.354 0
1.355 0
1.356 0
1.357 0
1.358 0
1.359 0
1.36 0
1.361 0
1.362 0
1.363 0
1.364 0
1.365 0
1.366 0
1.367 0
1.368 0
1.369 0
1.37 0
1.371 0
1.372 0
1.373 0
1.374 0
1.375 0
1.376 0
1.377 0
1.378 0
1.379 0
1.38 0
1.381 0
1.382 0
1.383 0
1.384 0
1.385 0
1.386 0
1.387 0
1.388 0
1.389 0
1.39 0
1.391 0
1.392 0
1.393 0
1.394 0
1.395 0
1.396 0
1.397 0
1.398 0
1.399 0
1.4 0
1.401 0
1.402 0
1.403 0
1.404 0
1.405 0
1.406 0
1.407 0
1.408 0
1.409 0
1.41 0
1.411 0
1.412 0
1.413 0
1.414 0
1.415 0
1.416 0
1.417 0
1.418 0
1.419 0
1.42 0
1.421 0
1.422 0
1.423 0
1.424 0
1.425 0
1.426 0
1.427 0
1.428 0
1.429 0
1.43 0
1.431 0
1.432 0
1.433 0
1.434 0
1.435 0
1.436 0
1.437 0
1.438 0
1.439 0
1.44 0
1.441 0
1.442 0
1.443 0
1.444 0
1.445 0
1.446 0
1.447 0
1.448 0
1.449 0
1.45 0
1.451 0
1.452 0
1.453 0
1.454 0
1.455 0
1.456 0
1.457 0
1.458 0
1.459 0
1.46 0
1.461 0
1.462 0
1.463 0
1.464 0
1.465 0
1.466 0
1.467 0
1.468 0
1.469 0
1.47 0
1.471 0
1.472 0
1.473 0
1.474 0
1.475 0
1.476 0
1.477 0
1.478 0
1.479 0
1.48 0
1.481 0
1.482 0
1.483 0
1.484 0
1.485 0
1.486 0
1.487 0
1.488 0
1.489 0
1.49 0
1.491 0
1.492 0
1.493 0
1.494 0
1.495 0
1.496 0
1.497 0
1.498 0
1.499 0
1.5 0
1.501 0
1.502 0
1.503 0
1.504 0
1.505 0
1.506 0
1.507 0
1.508 0
1.509 0
1.51 0
1.511 0
1.512 0
1.513 0
1.514 0
1.515 0
1.516 0
1.517 0
1.518 0
1.519 0
1.52 0
1.521 0
1.522 0
1.523 0
1.524 0
1.525 0
1.526 0
1.527 0
1.528 0
1.529 0
1.53 0
1.531 0
1.532 0
1.533 0
1.534 0
1.535 0
1.536 0
1.537 0
1.538 0
1.539 0
1.54 0
1.541 0
1.542 0
1.543 0
1.544 0
1.545 0
1.546 0
1.547 0
1.548 0
1.549 0
1.55 0
1.551 0
1.552 0
1.553 0
1.554 0
1.555 0
1.556 0
1.557 0
1.558 0
1.559 0
1.56 0
1.561 0
1.562 0
1.563 0
1.564 0
1.565 0
1.566 0
1.567 0
1.568 0
1.569 0
1.57 0
1.571 0
1.572 0
1.573 0
1.574 0
1.575 0
1.576 0
1.577 0
1.578 0
1.579 0
1.58 0
1.581 0
1.582 0
1.583 0
1.584 0
1.585 0
1.586 0
1.587 0
1.588 0
1.589 0
1.59 0
1.591 0
1.592 0
1.593 0
1.594 0
1.595 0
1.596 0
1.597 0
1.598 0
1.599 0
1.6 0
1.601 0
1.602 0
1.603 0
1.604 0
1.605 0
1.606 0
1.607 0
1.608 0
1.609 0
1.61 0
1.611 0
1.612 0
1.613 0
1.614 0
1.615 0
1.616 0
1.617 0
1.618 0
1.619 0
1.62 0
1.621 0
1.622 0
1.623 0
1.624 0
1.625 0
1.626 0
1.627 0
1.628 0
1.629 0
1.63 0
1.631 0
1.632 0
1.633 0
1.634 0
1.635 0
1.636 0
1.637 0
1.638 0
1.639 0
1.64 0
1.641 0
1.642 0
1.643 0
1.644 0
1.645 0
1.646 0
1.647 0
1.648 0
1.649 0
1.65 0
1.651 0
1.652 0
1.653 0
1.654 0
1.655 0
1.656 0
1.657 0
1.658 0
1.659 0
1.66 0
1.661 0
1.662 0
1.663 0
1.664 0
1.665 0
1.666 0
1.667 0
1.668 0
1.669 0
1.67 0
1.671 0
1.672 0
1.673 0
1.674 0
1.675 0
1.676 0
1.677 0
1.678 0
1.679 0
1.68 0
1.681 0
1.682 0
1.683 0
1.684 0
1.685 0
1.686 0
1.687 0
1.688 0
1.689 0
1.69 0
1.691 0
1.692 0
1.693 0
1.694 0
1.695 0
1.696 0
1.697 0
1.698 0
1.699 0
1.7 0
1.701 0
1.702 0
1.703 0
1.704 0
1.705 0
1.706 0
1.707 0
1.708 0
1.709 0
1.71 0
1.711 0
1.712 0
1.713 0
1.714 0
1.715 0
1.716 0
1.717 0
1.718 0
1.719 0
1.72 0
1.721 0
1.722 0
1.723 0
1.724 0
1.725 0
1.726 0
1.727 0
1.728 0
1.729 0
1.73 0
1.731 0
1.732 0
1.733 0
1.734 0
1.735 0
1.736 0
1.737 0
1.738 0
1.739 0
1.74 0
1.741 0
1.742 0
1.743 0
1.744 0
1.745 0
1.746 0
1.747 0
1.748 0
1.749 0
1.75 0
1.751 0
1.752 0
1.753 0
1.754 0
1.755 0
1.756 0
1.757 0
1.758 0
1.759 0
1.76 0
1.761 0
1.762 0
1.763 0
1.764 0
1.765 0
1.766 0
1.767 0
1.768 0
1.769 0
1.77 0
1.771 0
1.772 0
1.773 0
1.774 0
1.775 0
1.776 0
1.777 0
1.778 0
1.779 0
1.78 0
1.781 0
1.782 0
1.783 0
1.784 0
1.785 0
1.786 0
1.787 0
1.788 0
1.789 0
1.79 0
1.791 0
1.792 0
1.793 0
1.794 0
1.795 0
1.796 0
1.797 0
1.798 0
1.799 0
1.8 0
1.801 0
1.802 0
1.803 0
1.804 0
1.805 0
1.806 0
1.807 0
1.808 0
1.809 0
1.81 0
1.811 0
1.812 0
1.813 0
1.814 0
1.815 0
1.816 0
1.817 0
1.818 0
1.819 0
1.82 0
1.821 0
1.822 0
1.823 0
1.824 0
1.825 0
1.826 0
1.827 0
1.828 3000
1.829 6000
1.83 10500
1.831 13500
1.832 21000
1.833 27000
1.834 36000
1.835 45000
1.836 55500
1.837 67500
1.838 79500
1.839 96000
1.84 111000
1.841 127500
1.842 147000
1.843 165000
1.844 186000
1.845 207000
1.846 229500
1.847 253500
1.848 277500
1.849 304500
1.85 331500
1.851 360000
1.852 390000
1.853 421500
1.854 453000
1.855 483000
1.856 514500
1.857 546000
1.858 577500
1.859 609000
1.86 639000
1.861 672000
1.862 702000
1.863 733500
1.864 763500
1.865 795000
1.866 828000
1.867 858000
1.868 889500
1.869 919500
1.87 952500
1.871 984000
1.872 1014000
1.873 1045500
1.874 1075500
1.875 1108500
1.876 1138500
1.877 1170000
1.878 1201500
1.879 1233000
1.88 1264500
1.881 1294500
1.882 1326000
1.883 1357500
1.884 1389000
1.885 1420500
1.886 1450500
1.887 1482000
1.888 1513500
1.889 1545000
1.89 1576500
1.891 1606500
1.892 1638000
1.893 1669500
1.894 1701000
1.895 1732500
1.896 1762500
1.897 1795500
1.898 1825500
1.899 1857000
1.9 1887000
1.901 1918500
1.902 1951500
1.903 1981500
1.904 2013000
1.905 2043000
1.906 2076000
1.907 2106000
1.908 2137500
1.909 2169000
1.91 2199000
1.911 2232000
1.912 2262000
1.913 2293500
1.914 2325000
1.915 2356500
1.916 2388000
1.917 2418000
1.918 2449500
1.919 2479500
1.92 2512500
1.921 2544000
1.922 2574000
1.923 2605500
1.924 2637000
1.925 2668500
1.926 2700000
1.927 2730000
1.928 2761500
1.929 2793000
1.93 2824500
1.931 2854500
1.932 2886000
1.933 2919000
1.934 2949000
1.935 2980500
1.936 3010500
1.937 3042000
1.938 3075000
1.939 3105000
1.94 3136500
1.941 3166500
1.942 3199500
1.943 3229500
1.944 3261000
1.945 3292500
1.946 3322500
1.947 3355500
1.948 3385500
1.949 3417000
1.95 3448500
1.951 3480000
1.952 3511500
1.953 3541500
1.954 3573000
1.955 3603000
1.956 3636000
1.957 3667500
1.958 3697500
1.959 3729000
1.96 3760500
1.961 3792000
1.962 3822000
1.963 3853500
1.964 3885000
1.965 3916500
1.966 3948000
1.967 3978000
1.968 4009500
1.969 4042500
1.97 4072500
1.971 4104000
1.972 4134000
1.973 4165500
1.974 4197000
1.975 4228500
1.976 4260000
1.977 4290000
1.978 4323000
1.979 4353000
1.98 4384500
1.981 4416000
1.982 4446000
1.983 4479000
1.984 4509000
1.985 4540500
1.986 4570500
1.987 4603500
1.988 4635000
1.989 4665000
1.99 4696500
1.991 4726500
1.992 4759500
1.993 4791000
1.994 4821000
1.995 4852500
1.996 4884000
1.997 4915500
1.998 4945500
1.999 4977000
2 5008500
2.001 5040000
2.002 5071500
2.003 5101500
2.004 5133000
2.005 5166000
2.006 5196000
2.007 5227500
2.008 5257500
2.009 5289000
2.01 5320500
2.011 5352000
2.012 5383500
2.013 5413500
2.014 5446500
2.015 5476500
2.016 5508000
2.017 5538000
2.018 5569500
2.019 5602500
2.02 5632500
2.021 5664000
2.022 5694000
2.023 5727000
2.024 5758500
2.025 5788500
2.026 5820000
2.027 5850000
2.028 5883000
2.029 5913000
2.03 5944500
2.031 5976000
2.032 6007500
2.033 6039000
2.034 6069000
2.035 6100500
2.036 6132000
2.037 6163500
2.038 6195000
2.039 6225000
2.04 6256500
2.041 6288000
2.042 6319500
2.043 6351000
2.044 6381000
2.045 6412500
2.046 6444000
2.047 6475500
2.048 6507000
2.049 6537000
2.05 6570000
2.051 6600000
2.052 6631500
2.053 6661500
2.054 6693000
2.055 6726000
2.056 6756000
2.057 6787500
2.058 6817500
2.059 6850500
2.06 6882000
2.061 6912000
2.062 6943500
2.063 6973500
2.064 7006500
2.065 7036500
2.066 7068000
2.067 7099500
2.068 7131000
2.069 7162500
2.07 7192500
2.071 7224000
2.072 7255500
2.073 7287000
2.074 7318500
2.075 7348500
2.076 7380000
2.077 7411500
2.078 7443000
2.079 7474500
2.08 7504500
2.081 7536000
2.082 7567500
2.083 7599000
2.084 7629000
2.085 7660500
2.086 7693500
2.087 7723500
2.088 7755000
2.089 7785000
2.09 7816500
2.091 7849500
2.092 7879500
2.093 7911000
2.094 7941000
2.095 7974000
2.096 8004000
2.097 8035500
2.098 8067000
2.099 8097000
2.1 8130000
2.101 8160000
2.102 8191500
2.103 8223000
2.104 8254500
2.105 8286000
2.106 8316000
2.107 8347500
2.108 8377500
2.109 8410500
2.11 8442000
2.111 8472000
2.112 8503500
2.113 8535000
2.114 8566500
2.115 8598000
2.116 8628000
2.117 8659500
2.118 8691000
2.119 8722500
2.12 8752500
2.121 8784000
2.122 8817000
2.123 8847000
2.124 8878500
2.125 8908500
2.126 8940000
2.127 8973000
2.128 9003000
2.129 9034500
2.13 9064500
2.131 9097500
2.132 9127500
2.133 9159000
2.134 9190500
2.135 9220500
2.136 9253500
2.137 9283500
2.138 9315000
2.139 9345000
2.14 9378000
2.141 9409500
2.142 9439500
2.143 9471000
2.144 9501000
2.145 9534000
2.146 9565500
2.147 9595500
2.148 9627000
2.149 9658500
2.15 9690000
2.151 9720000
2.152 9751500
2.153 9783000
2.154 9814500
2.155 9846000
2.156 9876000
2.157 9907500
2.158 9940500
2.159 9970500
2.16 9999000
2.161 9997500
2.162 9997500
2.163 9997500
2.164 9999000
2.165 9999000
2.166 9997500
2.167 9999000
2.168 9997500
2.169 9999000
2.17 9999000
2.171 9997500
2.172 9999000
2.173 9997500
2.174 9999000
2.175 9997500
2.176 9999000
2.177 9999000
2.178 9997500
2.179 9999000
2.18 9997500
2.181 9999000
2.182 9999000
2.183 9997500
2.184 9999000
2.185 9999000
2.186 9999000
2.187 9997500
2.188 9997500
2.189 9999000
2.19 9999000
2.191 9999000
2.192 9997500
2.193 9997500
2.194 9997500
2.195 9999000
2.196 9999000
2.197 9997500
2.198 9997500
2.199 9997500
2.2 9999000
2.201 9999000
2.202 9997500
2.203 9999000
2.204 9997500
2.205 9999000
2.206 9997500
2.207 9997500
2.208 9999000
2.209 9997500
2.21 9999000
2.211 9997500
2.212 9999000
2.213 9999000
2.214 9997500
2.215 9999000
2.216 9997500
2.217 9999000
2.218 9997500
2.219 9997500
2.22 9999000
2.221 9999000
2.222 9999000
2.223 9997500
2.224 9997500
2.225 9999000
2.226 9999000
2.227 9999000
2.228 9997500
2.229 9999000
2.23 9999000
2.231 9999000
2.232 9999000
2.233 9997500
2.234 9999000
2.235 9999000
2.236 9999000
2.237 9999000
2.238 9997500
2.239 9999000
2.24 9999000
2.241 9999000
2.242 9997500
2.243 9997500
2.244 9999000
2.245 9999000
2.246 9999000
2.247 9997500
2.248 9999000
2.249 9999000
2.25 9999000
2.251 9999000
2.252 9997500
2.253 9999000
2.254 9997500
2.255 9999000
2.256 9999000
2.257 9999000
2.258 9999000
2.259 9997500
2.26 9999000
2.261 9997500
2.262 9999000
2.263 9999000
2.264 9997500
2.265 9999000
2.266 9997500
2.267 9999000
2.268 9999000
2.269 9999000
2.27 9999000
2.271 9999000
2.272 9999000
2.273 9997500
2.274 9999000
2.275 9999000
2.276 9999000
2.277 9999000
2.278 9997500
2.279 9999000
2.28 9999000
2.281 9999000
2.282 9999000
2.283 9999000
2.284 9999000
2.285 9997500
2.286 9999000
2.287 9999000
2.288 9999000
2.289 9999000
2.29 9997500
2.291 9999000
2.292 9999000
2.293 9999000
2.294 9999000
2.295 9999000
2.296 9999000
2.297 9997500
2.298 9999000
2.299 9999000
2.3 9999000
2.301 9999000
2.302 9997500
2.303 9999000
2.304 9999000
2.305 9999000
2.306 9999000
2.307 9999000
2.308 9999000
2.309 9997500
2.31 9999000
2.311 9999000
2.312 9999000
2.313 9999000
2.314 9997500
2.315 9999000
2.316 9997500
2.317 9999000
2.318 9999000
2.319 9999000
2.32 9999000
2.321 9997500
2.322 9999000
2.323 9999000
2.324 9999000
2.325 9999000
2.326 9997500
2.327 9999000
2.328 9997500
2.329 9999000
2.33 9999000
2.331 9999000
2.332 9999000
2.333 9997500
2.334 9999000
2.335 9999000
2.336 9999000
2.337 9999000
2.338 9999000
2.339 9999000
2.34 9997500
2.341 9999000
2.342 9999000
2.343 9999000
2.344 9999000
2.345 9997500
2.346 9997500
2.347 9999000
2.348 9999000
2.349 9999000
2.35 9997500
2.351 9997500
2.352 9997500
2.353 9999000
2.354 9999000
2.355 9997500
2.356 9999000
2.357 9997500
2.358 9999000
2.359 9999000
2.36 9997500
2.361 9999000
2.362 9997500
2.363 9999000
2.364 9997500
2.365 9999000
2.366 9999000
2.367 9997500
2.368 9999000
2.369 9997500
2.37 9999000
2.371 9997500
2.372 9997500
2.373 9999000
2.374 9999000
2.375 9999000
2.376 9997500
2.377 9997500
2.378 9999000
2.379 9999000
2.38 9999000
2.381 9997500
2.382 9997500
2.383 9999000
2.384 9999000
2.385 9999000
2.386 9997500
2.387 9999000
2.388 9999000
2.389 9999000
2.39 9999000
2.391 9997500
2.392 9999000
2.393 9999000
2.394 9999000
2.395 9997500
2.396 9997500
2.397 9999000
2.398 9999000
2.399 9999000
2.4 9997500
2.401 9999000
2.402 9999000
2.403 9999000
2.404 9999000
2.405 9997500
2.406 9999000
2.407 9997500
2.408 9999000
2.409 9999000
2.41 9999000
2.411 9999000
2.412 9997500
2.413 9999000
2.414 9999000
2.415 9999000
2.416 9999000
2.417 9997500
2.418 9999000
2.419 9999000
2.42 9999000
2.421 9999000
2.422 9997500
2.423 9999000
2.424 9999000
2.425 9999000
2.426 9999000
2.427 9997500
2.428 9999000
2.429 9999000
2.43 9999000
2.431 9997500
2.432 9997500
2.433 9999000
2.434 9999000
2.435 9999000
2.436 9997500
2.437 9999000
2.438 9997500
2.439 9999000
2.44 9999000
2.441 9997500
2.442 9999000
2.443 9997500
2.444 9999000
2.445 9999000
2.446 9999000
2.447 9999000
2.448 9997500
2.449 9999000
2.45 9997500
2.451 9978000
2.452 9918000
2.453 9855000
2.454 9795000
2.455 9732000
2.456 9670500
2.457 9610500
2.458 9547500
2.459 9487500
2.46 9424500
2.461 9363000
2.462 9301500
2.463 9240000
2.464 9178500
2.465 9117000
2.466 9055500
2.467 8994000
2.468 8932500
2.469 8871000
2.47 8809500
2.471 8748000
2.472 8686500
2.473 8625000
2.474 8562000
2.475 8502000
2.476 8440500
2.477 8377500
2.478 8317500
2.479 8254500
2.48 8194500
2.481 8133000
2.482 8070000
2.483 8010000
2.484 7947000
2.485 7887000
2.486 7824000
2.487 7762500
2.488 7702500
2.489 7639500
2.49 7578000
2.491 7516500
2.492 7455000
2.493 7393500
2.494 7332000
2.495 7270500
2.496 7209000
2.497 7147500
2.498 7086000
2.499 7024500
2.5 6963000
2.501 6901500
2.502 6840000
2.503 6777000
2.504 6717000
2.505 6654000
2.506 6592500
2.507 6532500
2.508 6469500
2.509 6409500
2.51 6346500
2.511 6285000
2.512 6225000
2.513 6162000
2.514 6102000
2.515 6039000
2.516 5977500
2.517 5916000
2.518 5854500
2.519 5793000
2.52 5731500
2.521 5670000
2.522 5608500
2.523 5547000
2.524 5485500
2.525 5424000
2.526 5362500
2.527 5301000
2.528 5239500
2.529 5176500
2.53 5116500
2.531 5055000
2.532 4992000
2.533 4932000
2.534 4869000
2.535 4809000
2.536 4747500
2.537 4684500
2.538 4624500
2.539 4561500
2.54 4501500
2.541 4438500
2.542 4377000
2.543 4317000
2.544 4254000
2.545 4192500
2.546 4131000
2.547 4069500
2.548 4008000
2.549 3946500
2.55 3885000
2.551 3823500
2.552 3762000
2.553 3700500
2.554 3639000
2.555 3577500
2.556 3516000
2.557 3454500
2.558 3391500
2.559 3331500
2.56 3268500
2.561 3208500
2.562 3147000
2.563 3084000
2.564 3024000
2.565 2961000
2.566 2901000
2.567 2839500
2.568 2776500
2.569 2716500
2.57 2653500
2.571 2592000
2.572 2530500
2.573 2469000
2.574 2409000
2.575 2346000
2.576 2284500
2.577 2223000
2.578 2161500
2.579 2101500
2.58 2038500
2.581 1977000
2.582 1915500
2.583 1854000
2.584 1791000
2.585 1731000
2.586 1669500
2.587 1608000
2.588 1546500
2.589 1483500
2.59 1423500
2.591 1362000
2.592 1300500
2.593 1239000
2.594 1176000
2.595 1116000
2.596 1053000
2.597 993000
2.598 931500
2.599 868500
2.6 808500
2.601 745500
2.602 684000
2.603 624000
2.604 561000
2.605 501000
2.606 438000
2.607 376500
2.608 315000
2.609 253500
2.61 193500
2.611 130500
2.612 69000
2.613 7500
2.614 0
2.615 0
2.616 0
2.617 0
2.618 0
2.619 0
2.62 0
2.621 0
2.622 0
2.623 0
2.624 0
2.625 0
2.626 0
2.627 0
2.628 0
2.629 0
2.63 0
2.631 0
2.632 0
2.633 0
2.634 0
2.635 0
2.636 0
2.637 0
2.638 0
2.639 0
2.64 0
2.641 0
2.642 0
2.643 0
2.644 0
2.645 0
2.646 0
2.647 24000
2.648 45000
2.649 67500
2.65 88500
2.651 112500
2.652 133500
2.653 156000
2.654 178500
2.655 201000
2.656 223500
2.657 244500
2.658 267000
2.659 291000
2.66 312000
2.661 334500
2.662 355500
2.663 379500
2.664 400500
2.665 423000
2.666 445500
2.667 468000
2.668 490500
2.669 511500
2.67 534000
2.671 558000
2.672 579000
2.673 601500
2.674 622500
2.675 646500
2.676 667500
2.677 690000
2.678 714000
2.679 735000
2.68 757500
2.681 778500
2.682 802500
2.683 825000
2.684 846000
2.685 868500
2.686 891000
2.687 913500
2.688 934500
2.689 957000
2.69 981000
2.691 1002000
2.692 1024500
2.693 1045500
2.694 1069500
2.695 1092000
2.696 1113000
2.697 1135500
2.698 1158000
2.699 1180500
2.7 1201500
2.701 1224000
2.702 1248000
2.703 1269000
2.704 1291500
2.705 1312500
2.706 1336500
2.707 1357500
2.708 1380000
2.709 1402500
2.71 1425000
2.711 1447500
2.712 1468500
2.713 1491000
2.714 1515000
2.715 1536000
2.716 1558500
2.717 1579500
2.718 1603500
2.719 1624500
2.72 1647000
2.721 1665000
2.722 1641000
2.723 1617000
2.724 1591500
2.725 1569000
2.726 1545000
2.727 1519500
2.728 1497000
2.729 1471500
2.73 1447500
2.731 1423500
2.732 1399500
2.733 1377000
2.734 1351500
2.735 1327500
2.736 1303500
2.737 1279500
2.738 1255500
2.739 1231500
2.74 1207500
2.741 1182000
2.742 1159500
2.743 1134000
2.744 1110000
2.745 1087500
2.746 1062000
2.747 1038000
2.748 1014000
2.749 990000
2.75 967500
2.751 942000
2.752 918000
2.753 894000
2.754 870000
2.755 844500
2.756 822000
2.757 798000
2.758 772500
2.759 750000
2.76 724500
2.761 700500
2.762 676500
2.763 652500
2.764 628500
2.765 604500
2.766 580500
2.767 556500
2.768 532500
2.769 508500
2.77 484500
2.771 460500
2.772 435000
2.773 412500
2.774 387000
2.775 363000
2.776 340500
2.777 315000
2.778 291000
2.779 267000
2.78 243000
2.781 219000
2.782 195000
2.783 171000
2.784 145500
2.785 123000
2.786 97500
2.787 75000
2.788 51000
2.789 25500
2.79 3000
2.791 0
2.792 0
2.793 0
2.794 0
2.795 0
2.796 0
2.797 0
2.798 0
2.799 0
2.8 0
2.801 0
2.802 0
2.803 0
2.804 0
2.805 0
2.806 0
2.807 0
2.808 0
2.809 0
2.81 0
2.811 0
2.812 0
2.813 0
2.814 0
2.815 0
2.816 0
2.817 0
2.818 0
2.819 0
2.82 0
2.821 0
2.822 0
2.823 0
2.824 0
2.825 0
2.826 0
2.827 0
2.828 0
2.829 0
2.83 0
2.831 0
2.832 0
2.833 0
2.834 0
2.835 0
2.836 0
2.837 0
2.838 0
2.839 0
2.84 0
2.841 0
2.842 0
2.843 0
2.844 0
2.845 0
2.846 0
2.847 0
2.848 0
2.849 0
2.85 0
2.851 0
2.852 0
2.853 0
2.854 0
2.855 0
2.856 0
2.857 0
2.858 0
2.859 0
2.86 0
2.861 0
2.862 0
2.863 0
2.864 0
2.865 0
2.866 0
2.867 0
2.868 0
2.869 0
2.87 0
2.871 0
2.872 0
2.873 0
2.874 0
2.875 0
2.876 0
2.877 0
2.878 0
2.879 0
2.88 0
2.881 0
2.882 0
2.883 0
2.884 0
2.885 0
2.886 0
2.887 0
2.888 0
2.889 0
2.89 0
2.891 0
2.892 0
2.893 0
2.894 0
2.895 0
2.896 0
2.897 0
2.898 0
2.899 0
2.9 0
2.901 0
2.902 0
2.903 0
2.904 0
2.905 0
2.906 0
2.907 0
2.908 0
2.909 0
2.91 0
2.911 0
2.912 0
2.913 0
2.914 0
2.915 0
2.916 0
2.917 0
2.918 0
2.919 0
2.92 0
2.921 0
2.922 0
2.923 0
2.924 0
2.925 0
2.926 0
2.927 0
2.928 0
2.929 0
2.93 0
2.931 0
2.932 0
2.933 0
2.934 0
2.935 0
2.936 0
2.937 0
2.938 0
2.939 0
2.94 0
2.941 0
2.942 0
2.943 0
2.944 0
2.945 0
2.946 0
2.947 0
2.948 0
2.949 0
2.95 0
2.951 0
2.952 0
2.953 0
2.954 0
2.955 0
2.956 0
2.957 0
2.958 0
2.959 0
2.96 0
2.961 0
2.962 0
2.963 0
2.964 0
2.965 0
2.966 0
2.967 0
2.968 0
2.969 0
2.97 0
2.971 0
2.972 0
2.973 0
2.974 0
2.975 0
2.976 0
2.977 0
2.978 0
2.979 0
2.98 0
2.981 0
2.982 0
2.983 0
2.984 0
2.985 0
2.986 0
2.987 0
2.988 0
2.989 0
2.99 0
2.991 0
2.992 0
2.993 0
2.994 0
2.995 0
2.996 0
2.997 0
2.998 0
2.999 0
3 0
3.001 0
3.002 0
3.003 0
3.004 0
3.005 0
3.006 0
3.007 0
3.008 0
3.009 0
3.01 0
3.011 0
3.012 0
3.013 0
3.014 0
3.015 0
3.016 0
3.017 0
3.018 0
3.019 0
3.02 0
3.021 0
3.022 0
3.023 0
3.024 0
3.025 0
3.026 0
3.027 0
3.028 0
3.029 0
3.03 0
3.031 0
3.032 0
3.033 0
3.034 0
3.035 0
3.036 0
3.037 0
3.038 0
3.039 0
3.04 0
3.041 0
3.042 0
3.043 0
3.044 0
3.045 0
3.046 0
3.047 0
3.048 0
3.049 0
3.05 0
3.051 0
3.052 0
3.053 0
3.054 0
3.055 0
3.056 0
3.057 0
3.058 0
3.059 0
3.06 0
3.061 0
3.062 0
3.063 0
3.064 0
3.065 0
3.066 0
3.067 0
3.068 0
3.069 0
3.07 0
3.071 0
3.072 0
3.073 0
3.074 0
3.075 0
3.076 0
3.077 0
3.078 0
3.079 0
3.08 0
3.081 0
3.082 0
3.083 0
3.084 0
3.085 0
3.086 0
3.087 0
3.088 0
3.089 0
3.09 0
3.091 0
3.092 0
3.093 0
3.094 0
3.095 0
3.096 0
3.097 0
3.098 0
3.099 0
3.1 0
3.101 0
3.102 0
3.103 0
3.104 0
3.105 0
3.106 0
3.107 0
3.108 0
3.109 0
3.11 0
3.111 0
3.112 0
3.113 0
3.114 0
3.115 0
3.116 0
3.117 0
3.118 0
3.119 0
3.12 0
3.121 0
3.122 0
3.123 0
3.124 0
3.125 0
3.126 0
3.127 0
3.128 0
3.129 0
3.13 0
3.131 0
3.132 0
3.133 0
3.134 0
3.135 0
3.136 0
3.137 0
3.138 0
3.139 0
3.14 0
3.141 0
3.142 0
3.143 0
3.144 0
3.145 0
3.146 0
3.147 0
3.148 0
3.149 0
3.15 0
3.151 0
3.152 0
3.153 0
3.154 0
3.155 0
3.156 0
3.157 0
3.158 0
3.159 0
3.16 0
3.161 0
3.162 0
3.163 0
3.164 0
3.165 0
3.166 0
3.167 0
3.168 0
3.169 0
3.17 0
3.171 0
3.172 0
3.173 0
3.174 0
3.175 0
3.176 0
3.177 0
3.178 0
3.179 0
3.18 0
3.181 0
3.182 0
3.183 0
3.184 0
3.185 0
3.186 0
3.187 0
3.188 0
3.189 0
3.19 0
3.191 0
3.192 0
3.193 0
3.194 0
3.195 0
3.196 0
3.197 0
3.198 0
3.199 0
3.2 0
3.201 0
3.202 0
3.203 0
3.204 0
3.205 0
3.206 0
3.207 0
3.208 0
3.209 0
3.21 0
3.211 0
3.212 0
3.213 0
3.214 0
3.215 0
3.216 0
3.217 0
3.218 0
3.219 0
3.22 0
3.221 0
3.222 0
3.223 0
3.224 0
3.225 0
3.226 0
3.227 0
3.228 0
3.229 0
3.23 0
3.231 0
3.232 0
3.233 0
3.234 0
3.235 0
3.236 0
3.237 0
3.238 0
3.239 0
3.24 0
3.241 0
3.242 0
3.243 0
3.244 0
3.245 0
3.246 0
3.247 21000
3.248 43500
3.249 66000
3.25 87000
3.251 109500
3.252 133500
3.253 154500
3.254 177000
3.255 198000
3.256 222000
3.257 244500
3.258 265500
3.259 288000
3.26 310500
3.261 333000
3.262 354000
3.263 376500
3.264 400500
3.265 421500
3.266 444000
3.267 465000
3.268 489000
3.269 511500
3.27 532500
3.271 555000
3.272 577500
3.273 600000
3.274 621000
3.275 643500
3.276 666000
3.277 688500
3.278 711000
3.279 732000
3.28 754500
3.281 778500
3.282 799500
3.283 822000
3.284 843000
3.285 867000
3.286 888000
3.287 910500
3.288 933000
3.289 955500
3.29 978000
3.291 999000
3.292 1021500
3.293 1044000
3.294 1066500
3.295 1089000
3.296 1110000
3.297 1134000
3.298 1155000
3.299 1177500
3.3 1200000
3.301 1222500
3.302 1245000
3.303 1266000
3.304 1288500
3.305 1311000
3.306 1333500
3.307 1356000
3.308 1377000
3.309 1401000
3.31 1422000
3.311 1444500
3.312 1467000
3.313 1489500
3.314 1512000
3.315 1533000
3.316 1555500
3.317 1576500
3.318 1600500
3.319 1623000
3.32 1644000
3.321 1666500
3.322 1641000
3.323 1618500
3.324 1594500
3.325 1569000
3.326 1546500
3.327 1521000
3.328 1498500
3.329 1473000
3.33 1449000
3.331 1426500
3.332 1401000
3.333 1377000
3.334 1353000
3.335 1329000
3.336 1305000
3.337 1281000
3.338 1257000
3.339 1231500
3.34 1209000
3.341 1183500
3.342 1159500
3.343 1137000
3.344 1111500
3.345 1087500
3.346 1063500
3.347 1039500
3.348 1014000
3.349 991500
3.35 967500
3.351 942000
3.352 919500
3.353 894000
3.354 870000
3.355 847500
3.356 822000
3.357 799500
3.358 774000
3.359 750000
3.36 726000
3.361 702000
3.362 678000
3.363 654000
3.364 630000
3.365 604500
3.366 582000
3.367 558000
3.368 532500
3.369 510000
3.37 484500
3.371 460500
3.372 436500
3.373 412500
3.374 388500
3.375 364500
3.376 340500
3.377 315000
3.378 292500
3.379 268500
3.38 243000
3.381 220500
3.382 195000
3.383 172500
3.384 147000
3.385 123000
3.386 100500
3.387 75000
3.388 51000
3.389 27000
3.39 3000
3.391 0
3.392 0
3.393 0
3.394 0
3.395 0
3.396 0
3.397 0
3.398 0
3.399 0
3.4 0
3.401 0
3.402 0
3.403 0
3.404 0
3.405 0
3.406 0
3.407 0
3.408 0
3.409 0
3.41 0
3.411 0
3.412 0
3.413 0
3.414 0
3.415 0
3.416 0
3.417 0
3.418 0
3.419 0
3.42 0
3.421 0
3.422 0
3.423 0
3.424 0
3.425 0
3.426 0
3.427 0
3.428 0
3.429 0
3.43 0
3.431 0
3.432 0
3.433 0
3.434 0
3.435 0
3.436 0
3.437 0
3.438 0
3.439 0
3.44 0
3.441 0
3.442 0
3.443 0
3.444 0
3.445 0
3.446 0
3.447 0
3.448 0
3.449 0
3.45 0
3.451 0
3.452 0
3.453 0
3.454 0
3.455 0
3.456 0
3.457 0
3.458 0
3.459 0
3.46 0
3.461 0
3.462 0
3.463 0
3.464 0
3.465 0
3.466 0
3.467 0
3.468 0
3.469 0
3.47 0
3.471 0
3.472 0
3.473 0
3.474 0
3.475 0
3.476 0
3.477 0
3.478 0
3.479 0
3.48 0
3.481 0
3.482 0
3.483 0
3.484 0
3.485 0
3.486 0
3.487 0
3.488 0
3.489 0
3.49 0
3.491 0
3.492 0
3.493 0
3.494 0
3.495 0
3.496 0
3.497 0
3.498 0
3.499 0
3.5 0
3.501 0
3.502 0
3.503 0
3.504 0
3.505 0
3.506 0
3.507 0
3.508 0
3.509 0
3.51 0
3.511 0
3.512 0
3.513 0
3.514 0
3.515 0
3.516 0
3.517 0
3.518 0
3.519 0
3.52 0
3.521 0
