29.7648 1
29.7666 1
29.7684 1
29.7702 1
29.772 1
29.7739 1
29.7757 1
29.7775 1
29.7793 1
29.7811 1
29.7829 1
29.7847 1
29.7865 1
29.7883 1
29.7901 1
29.7919 1
29.7937 1
29.7955 1
29.7973 1
29.7991 1
29.8009 1
29.8027 1
29.8045 1
29.8063 1
29.8081 1
29.8099 1
29.8117 1
29.8135 1
29.8153 1
29.8171 1
29.8189 1
29.8207 1
29.8225 1
29.8243 1
29.8261 1
29.8279 1
29.8297 1
29.8315 1
29.8333 1
29.8351 1
29.8369 1
29.8387 1
29.8405 1
29.8423 1
29.8441 1
29.8459 1
29.8477 1
29.8496 1
29.8514 1
29.8532 1
29.855 1
29.8568 1
29.8586 1
29.8604 1
29.8622 1
29.864 1
29.8658 1
29.8676 1
29.8694 1
29.8712 1
29.873 1
29.8748 1
29.8766 1
29.8784 1
29.8802 1
29.882 1
29.8838 1
29.8856 1
29.8874 1
29.8892 1
29.891 1
29.8928 1
29.8946 1
29.8964 1
29.8982 1
29.9 1
29.9018 1
29.9036 1
29.9054 1
29.9072 1
29.909 1
29.9108 1
29.9126 1
29.9144 1
29.9162 1
29.918 1
29.9198 1
29.9216 1
29.9235 1
29.9253 1
29.9271 1
29.9289 1
29.9307 1
29.9325 1
29.9343 1
29.9361 1
29.9379 1
29.9397 1
29.9415 1
29.9433 1
29.9451 1
29.9469 1
29.9487 1
29.9505 1
29.9523 1
29.9541 1
29.9559 1
29.9577 1
29.9595 1
29.9613 1
29.9631 1
29.9649 1
29.9667 1
29.9685 1
29.9703 1
29.9721 1
29.9739 1
29.9757 1
29.9775 1
29.9793 1
29.9811 1
29.9829 1
29.9847 1
29.9865 1
29.9883 1
29.9901 1
29.9919 1
29.9937 1
29.9955 1
29.9973 1
29.9992 1
30.001 1
30.0028 1
30.0046 1
30.0064 1
30.0082 1
30.01 1
30.0118 1
30.0136 1
30.0154 1
30.0172 1
30.019 1
30.0208 1
30.0226 1
30.0244 1
30.0262 1
30.028 1
30.0298 1
30.0316 1
30.0334 1
30.0352 1
30.037 1
30.0388 1
30.0406 1
30.0424 1
30.0442 1
30.046 1
30.0478 1
30.0496 1
30.0514 1
30.0532 1
30.055 1
30.0568 1
30.0586 1
30.0604 1
30.0622 1
30.064 1
30.0658 1
30.0676 1
30.0694 1
30.0712 1
30.073 1
30.0749 1
30.0767 1
30.0785 1
30.0803 1
30.0821 1
30.0839 1
30.0857 1
30.0875 1
30.0893 1
30.0911 1
30.0929 1
30.0947 1
30.0965 1
30.0983 1
30.1001 1
30.1019 1
30.1037 1
30.1055 1
30.1073 1
30.1091 1
30.1109 1
30.1127 1
30.1145 1
30.1163 1
30.1181 1
30.1199 1
30.1217 1
30.1235 1
30.1253 1
30.1271 1
30.1289 1
30.1307 1
30.1325 1
30.1343 1
30.1361 1
30.1379 1
30.1397 1
30.1415 1
30.1433 1
30.1451 1
30.1469 1
30.1488 1
30.1506 1
30.1524 1
30.1542 1
30.156 1
30.1578 1
30.1596 1
30.1614 1
30.1632 1
30.165 1
30.1668 1
30.1686 1
30.1704 1
30.1722 1
30.174 1
30.1758 1
30.1776 1
30.1794 1
30.1812 1
30.183 1
30.1848 1
30.1866 1
30.1884 1
30.1902 1
30.192 1
30.1938 1
30.1956 1
30.1974 1
30.1992 1
30.201 1
30.2028 1
30.2046 1
30.2064 1
30.2082 1
30.21 1
30.2118 1
30.2136 1
30.2154 1
30.2172 1
30.219 1
30.2208 1
30.2226 1
30.2245 1
30.2263 1
30.2281 1
30.2299 1
30.2317 1
30.2335 1
30.2353 1
30.2371 1
30.2389 1
30.2407 1
30.2425 1
30.2443 1
30.2461 1
30.2479 1
30.2497 1
30.2515 1
30.2533 1
30.2551 1
30.2569 1
30.2587 1
30.2605 1
30.2623 1
30.2641 1
30.2659 1
30.2677 1
30.2695 1
30.2713 1
30.2731 1
30.2749 1
30.2767 1
30.2785 1
30.2803 1
30.2821 1
30.2839 1
30.2857 1
30.2875 1
30.2893 1
30.2911 1
30.2929 1
30.2947 1
30.2965 1
30.2983 1
30.3002 1
30.302 1
30.3038 1
30.3056 1
30.3074 1
30.3092 1
30.311 1
30.3128 1
30.3146 1
30.3164 1
30.3182 1
30.32 1
30.3218 1
30.3236 1
30.3254 1
30.3272 1
30.329 1
30.3308 1
30.3326 1
30.3344 1
30.3362 1
30.338 1
30.3398 1
30.3416 1
30.3434 1
30.3452 1
30.347 1
30.3488 1
30.3506 1
30.3524 1
30.3542 1
30.356 1
30.3578 1
30.3596 1
30.3614 1
30.3632 1
30.365 1
30.3668 1
30.3686 1
30.3704 1
30.3722 1
30.3741 1
30.3759 1
30.3777 1
30.3795 1
30.3813 1
30.3831 1
30.3849 1
30.3867 1
30.3885 1
30.3903 1
30.3921 1
30.3939 1
30.3957 1
30.3975 1
30.3993 1
30.4011 1
30.4029 1
30.4047 1
30.4065 1
30.4083 1
30.4101 1
30.4119 1
30.4137 1
30.4155 1
30.4173 1
30.4191 1
30.4209 1
30.4227 1
30.4245 1
30.4263 1
30.4281 1
30.4299 1
30.4317 1
30.4335 1
30.4353 1
30.4371 1
30.4389 1
30.4407 1
30.4425 1
30.4443 1
30.4461 1
30.4479 1
30.4498 1
30.4516 1
30.4534 1
30.4552 1
30.457 1
30.4588 1
30.4606 1
30.4624 1
30.4642 1
30.466 1
30.4678 1
30.4696 1
30.4714 1
30.4732 1
30.475 1
30.4768 1
30.4786 1
30.4804 1
30.4822 1
30.484 1
30.4858 1
30.4876 1
30.4894 1
30.4912 1
30.493 1
30.4948 1
30.4966 1
30.4984 1
30.5002 1
30.502 1
30.5038 1
30.5056 1
30.5074 1
30.5092 1
30.511 1
30.5128 1
30.5146 1
30.5164 1
30.5182 1
30.52 1
30.5218 1
30.5236 1
30.5255 1
30.5273 1
30.5291 1
30.5309 1
30.5327 1
30.5345 1
30.5363 1
30.5381 1
30.5399 1
30.5417 1
30.5435 1
30.5453 1
30.5471 1
30.5489 1
30.5507 1
30.5525 1
30.5543 1
30.5561 1
30.5579 1
30.5597 1
30.5615 1
30.5633 1
30.5651 1
30.5669 1
30.5687 1
30.5705 1
30.5723 1
30.5741 1
30.5759 1
30.5777 1
30.5795 1
30.5813 1
30.5831 1
30.5849 1
30.5867 1
30.5885 1
30.5903 1
30.5921 1
30.5939 1
30.5957 1
30.5975 1
30.5994 1
30.6012 1
30.603 1
30.6048 1
30.6066 1
30.6084 1
30.6102 1
30.612 1
30.6138 1
30.615 1
30.6168 1
30.618 1
30.6192 1
30.621 1
30.6222 1
30.6234 1
30.6252 1
30.6258 1
30.6276 1
30.6294 1
30.63 1
30.6318 1
30.633 1
30.6342 1
30.636 1
30.6372 1
30.6384 1
30.6396 1
30.6414 1
30.6426 1
30.6438 1
30.6456 1
30.6468 1
30.648 1
30.6498 1
30.6504 1
30.6522 1
30.6534 1
30.6546 1
30.6564 1
30.6576 1
30.6588 1
30.6606 1
30.6618 1
30.663 1
30.6642 1
30.666 1
30.6672 1
30.6684 1
30.6702 1
30.6708 1
30.6726 1
30.6738 1
30.6751 1
30.6769 1
30.6781 1
30.6793 1
30.6805 1
30.6823 1
30.6835 1
30.6847 1
30.6865 1
30.6871 1
30.6889 1
30.6907 1
30.6913 1
30.6931 1
30.6943 1
30.6955 1
30.6973 1
30.6985 1
30.6997 1
30.7009 1
30.7027 1
30.7039 1
30.7051 1
30.7069 1
30.7075 1
30.7093 1
30.7105 1
30.7117 1
30.7135 1
30.7147 1
30.7159 1
30.7177 1
30.7189 1
30.7201 1
30.7213 1
30.7231 1
30.7237 1
30.7255 1
30.7273 1
30.7279 1
30.7297 1
30.7309 1
30.7321 1
30.7339 1
30.7351 1
30.7363 1
30.7375 1
30.7393 1
30.7405 1
30.7417 1
30.7435 1
30.7441 1
30.7459 1
30.7471 1
30.7483 1
30.7502 1
30.7514 1
30.7526 1
30.7538 1
30.7556 1
30.7568 1
30.758 1
30.7598 1
30.7604 1
30.7622 1
30.7634 1
30.7646 1
30.7664 1
30.7676 1
30.7688 1
30.77 1
30.7718 1
30.773 1
30.7742 1
30.776 1
30.7766 1
30.7784 1
30.7796 1
30.7808 1
30.7826 1
30.7838 1
30.785 1
30.7862 1
30.788 1
30.7886 1
30.7904 1
30.7922 1
30.7928 1
30.7946 1
30.7958 1
30.797 1
30.7988 1
30.8 1
30.8012 1
30.8024 1
30.8042 1
30.8048 1
30.8066 1
30.8078 1
30.809 1
30.8108 1
30.812 1
30.8132 1
30.815 1
30.8162 1
30.8174 1
30.8186 1
30.8204 1
30.821 1
30.8228 1
30.824 1
30.8253 1
30.8271 1
30.8283 1
30.8295 1
30.8307 1
30.8325 1
30.8331 1
30.8349 1
30.8367 1
30.8373 1
30.8391 1
30.8403 1
30.8415 1
30.8433 1
30.8445 1
30.8457 1
30.8469 1
30.8487 1
30.8493 1
30.8511 1
30.8523 1
30.8535 1
30.8553 1
30.8565 1
30.8577 1
30.8589 1
30.8607 1
30.8613 1
30.8631 1
30.8643 1
30.8655 1
30.8673 1
30.8685 1
30.8697 1
30.8715 1
30.8727 1
30.8739 1
30.8751 1
30.8769 1
30.8775 1
30.8793 1
30.8805 1
30.8817 1
30.8835 1
30.8847 1
30.8859 1
30.8871 1
30.8889 1
30.8895 1
30.8913 1
30.8925 1
30.8937 1
30.8955 1
30.8967 1
30.8979 1
30.8991 1
30.901 1
30.9016 1
30.9034 1
30.9046 1
30.9058 1
30.9076 1
30.9088 1
30.91 1
30.9112 1
30.913 1
30.9136 1
30.9154 1
30.9166 1
30.9178 1
30.9196 1
30.9208 1
30.922 1
30.9232 1
30.925 1
30.9256 1
30.9274 1
30.9286 1
30.9298 1
30.9316 1
30.9328 1
30.934 1
30.9352 1
30.937 1
30.9376 1
30.9394 1
30.9406 1
30.9418 1
30.9436 1
30.9448 1
30.946 1
30.9472 1
30.949 1
30.9496 1
30.9514 1
30.9526 1
30.9538 1
30.9556 1
30.9568 1
30.958 1
30.9592 1
30.961 1
30.9616 1
30.9634 1
30.9646 1
30.9658 1
30.9676 1
30.9688 1
30.97 1
30.9712 1
30.973 1
30.9736 1
30.9755 1
30.9767 1
30.9779 1
30.9797 1
30.9809 1
30.9821 1
30.9833 1
30.9851 1
30.9857 1
30.9875 1
30.9887 1
30.9899 1
30.9917 1
30.9929 1
30.9941 1
30.9953 1
30.9971 1
30.9977 1
30.9995 1
31.0007 1
31.0019 1
31.0037 1
31.0049 1
31.0061 1
31.0073 1
31.0091 1
31.0097 1
31.0115 1
31.0127 1
31.0139 1
31.0157 1
31.0169 1
31.0175 1
31.0193 1
31.0205 1
31.0217 1
31.0235 1
31.0247 1
31.0259 1
31.0271 1
31.0289 1
31.0295 1
31.0313 1
31.0325 1
31.0337 1
31.0355 1
31.0367 1
31.0379 1
31.0391 1
31.0409 1
31.0415 1
31.0433 1
31.0445 1
31.0457 1
31.0475 1
31.0487 1
31.0493 1
31.0512 1
31.0524 1
31.0536 1
31.0554 1
31.0566 1
31.0578 1
31.059 1
31.0608 1
31.0614 1
31.0632 1
31.0644 1
31.0656 1
31.0674 1
31.0686 1
31.0698 1
31.071 1
31.0722 1
31.0734 1
31.0752 1
31.0764 1
31.0776 1
31.0788 1
31.0806 1
31.0812 1
31.083 1
31.0842 1
31.0854 1
31.0872 1
31.0884 1
31.0896 1
31.0908 1
31.092 1
31.0932 1
31.095 1
31.0962 1
31.0974 1
31.0986 1
31.1004 1
31.101 1
31.1028 1
31.104 1
31.1052 1
31.107 1
31.1082 1
31.1088 1
31.1106 1
31.1118 1
31.113 1
31.1148 1
31.116 1
31.1172 1
31.1184 1
31.1202 1
31.1208 1
31.1226 1
31.1238 1
31.1251 1
31.1269 1
31.1281 1
31.1287 1
31.1305 1
31.1317 1
31.1329 1
31.1347 1
31.1359 1
31.1371 1
31.1383 1
31.1401 1
31.1407 1
31.1425 1
31.1437 1
31.1449 1
31.1461 1
31.1479 1
31.1485 1
31.1503 1
31.1515 1
31.1527 1
31.1545 1
31.1557 1
31.1563 1
31.1581 1
31.1593 1
31.1605 1
31.1623 1
31.1635 1
31.1647 1
31.1659 1
31.1671 1
31.1683 1
31.1701 1
31.1713 1
31.1725 1
31.1737 1
31.1755 1
31.1761 1
31.1779 1
31.1791 1
31.1803 1
31.1821 1
31.1833 1
31.1839 1
31.1857 1
31.1869 1
31.1881 1
31.1899 1
31.1911 1
31.1917 1
31.1935 1
31.1947 1
31.1959 1
31.1977 1
31.1989 1
31.2002 1
31.2014 1
31.2026 1
31.2038 1
31.2056 1
31.2068 1
31.208 1
31.2092 1
31.211 1
31.2116 1
31.2134 1
31.2146 1
31.2158 1
31.217 1
31.2188 1
31.2194 1
31.2212 1
31.2224 1
31.2236 1
31.2254 1
31.2266 1
31.2272 1
31.229 1
31.2302 1
31.2314 1
31.2332 1
31.2344 1
31.235 1
31.2368 1
31.238 1
31.2392 1
31.241 1
31.2422 1
31.2428 1
31.2446 1
31.2458 1
31.247 1
31.2488 1
31.25 1
31.2512 1
31.2524 1
31.2536 1
31.2548 1
31.2566 1
31.2578 1
31.259 1
31.2602 1
31.2614 1
31.2626 1
31.2644 1
31.2656 1
31.2668 1
31.268 1
31.2698 1
31.2704 1
31.2722 1
31.2734 1
31.2746 1
31.2759 1
31.2777 1
31.2783 1
31.2801 1
31.2813 1
31.2825 1
31.2837 1
31.2855 1
31.2861 1
31.2879 1
31.2891 1
31.2903 1
31.2915 1
31.2933 1
31.2939 1
31.2957 1
31.2969 1
31.2981 1
31.2993 1
31.3011 1
31.3017 1
31.3035 1
31.3047 1
31.3059 1
31.3071 1
31.3089 1
31.3095 1
31.3113 1
31.3125 1
31.3137 1
31.3149 1
31.3167 1
31.3173 1
31.3191 1
31.3203 1
31.3215 1
31.3227 1
31.3245 1
31.3251 1
31.3269 1
31.3281 1
31.3293 1
31.3305 1
31.3323 1
31.3329 1
31.3347 1
31.3359 1
31.3371 1
31.3383 1
31.3401 1
31.3407 1
31.3425 1
31.3437 1
31.3449 1
31.3461 1
31.3479 1
31.3485 1
31.3504 1
31.3516 1
31.3528 1
31.354 1
31.3552 1
31.3564 1
31.3582 1
31.3594 1
31.3606 1
31.3618 1
31.363 1
31.3642 1
31.366 1
31.3672 1
31.3684 1
31.3696 1
31.3708 1
31.372 1
31.3738 1
31.375 1
31.3756 1
31.3774 1
31.3786 1
31.3798 1
31.3816 1
31.3828 1
31.3834 1
31.3852 1
31.3864 1
31.3876 1
31.3894 1
31.3906 1
31.3912 1
31.393 1
31.3942 1
31.3954 1
31.3972 1
31.3984 1
31.399 1
31.4008 1
31.402 1
31.4032 1
31.4044 1
31.4062 1
31.4068 1
31.4086 1
31.4098 1
31.411 1
31.4122 1
31.4134 1
31.4146 1
31.4164 1
31.4176 1
31.4188 1
31.42 1
31.4212 1
31.4224 1
31.4242 1
31.4255 1
31.4261 1
31.4279 1
31.4291 1
31.4303 1
31.4321 1
31.4333 1
31.4339 1
31.4357 1
31.4369 1
31.4381 1
31.4399 1
31.4411 1
31.4417 1
31.4435 1
31.4447 1
31.4459 1
31.4471 1
31.4483 1
31.4495 1
31.4513 1
31.4525 1
31.4537 1
31.4549 1
31.4561 1
31.4573 1
31.4591 1
31.4603 1
31.4609 1
31.4627 1
31.4639 1
31.4651 1
31.4669 1
31.4681 1
31.4687 1
31.4705 1
31.4717 1
31.4729 1
31.4741 1
31.4753 1
31.4765 1
31.4783 1
31.4795 1
31.4807 1
31.4819 1
31.4831 1
31.4843 1
31.4861 1
31.4873 1
31.4879 1
31.4897 1
31.4909 1
31.4921 1
31.4939 1
31.4951 1
31.4957 1
31.4975 1
31.4987 1
31.4999 1
31.5012 1
31.5024 1
31.5036 1
31.5054 1
31.5066 1
31.5072 1
31.509 1
31.5102 1
31.5114 1
31.5132 1
31.5144 1
31.515 1
31.5168 1
31.518 1
31.5192 1
31.5204 1
31.5216 1
31.5228 1
31.5246 1
31.5258 1
31.5264 1
31.5282 1
31.5294 1
31.5306 1
31.5324 1
31.5336 1
31.5342 1
31.536 1
31.5372 1
31.5384 1
31.5396 1
31.5408 1
31.542 1
31.5438 1
31.545 1
31.5456 1
31.5474 1
31.5486 1
31.5498 1
31.5516 1
31.5528 1
31.5534 1
31.5552 1
31.5564 1
31.5576 1
31.5588 1
31.56 1
31.5612 1
31.563 1
31.5642 1
31.5648 1
31.5666 1
31.5678 1
31.569 1
31.5708 1
31.572 1
31.5726 1
31.5744 1
31.5757 1
31.5769 1
31.5781 1
31.5793 1
31.5805 1
31.5823 1
31.5835 1
31.5841 1
31.5859 1
31.5871 1
31.5883 1
31.5901 1
31.5913 1
31.5919 1
31.5937 1
31.5949 1
31.5955 1
31.5973 1
31.5985 1
31.5997 1
31.6015 1
31.6027 1
31.6033 1
31.6051 1
31.6063 1
31.6075 1
31.6087 1
31.6099 1
31.6111 1
31.6129 1
31.6141 1
31.6147 1
31.6165 1
31.6177 1
31.6189 1
31.6207 1
31.6213 1
31.6225 1
31.6243 1
31.6255 1
31.6261 1
31.6279 1
31.6291 1
31.6303 1
31.6321 1
31.6333 1
31.6339 1
31.6357 1
31.6369 1
31.6375 1
31.6393 1
31.6405 1
31.6417 1
31.6435 1
31.6447 1
31.6453 1
31.6471 1
31.6483 1
31.6495 1
31.6508 1
31.652 1
31.6532 1
31.655 1
31.6562 1
31.6568 1
31.6586 1
31.6598 1
31.661 1
31.6622 1
31.6634 1
31.6646 1
31.6664 1
31.6676 1
31.6682 1
31.67 1
31.6712 1
31.6724 1
31.6736 1
31.6748 1
31.676 1
31.6778 1
31.679 1
31.6796 1
31.6814 1
31.6826 1
31.6838 1
31.685 1
31.6862 1
31.6874 1
31.6892 1
31.6904 1
31.691 1
31.6928 1
31.694 1
31.6952 1
31.6964 1
31.6976 1
31.6988 1
31.7006 1
31.7018 1
31.7024 1
31.7042 1
31.7054 1
31.7066 1
31.7078 1
31.709 1
31.7102 1
31.712 1
31.7132 1
31.7138 1
31.7156 1
31.7168 1
31.718 1
31.7192 1
31.7204 1
31.7216 1
31.7234 1
31.7246 1
31.7252 1
31.7271 1
31.7283 1
31.7295 1
31.7307 1
31.7319 1
31.7331 1
31.7349 1
31.7361 1
31.7367 1
31.7385 1
31.7397 1
31.7409 1
31.7421 1
31.7433 1
31.7445 1
31.7463 1
31.7475 1
31.7481 1
31.7499 1
31.7511 1
31.7517 1
31.7535 1
31.7547 1
31.7559 1
31.7577 1
31.7583 1
31.7595 1
31.7613 1
31.7625 1
31.7631 1
31.7649 1
31.7661 1
31.7673 1
31.7685 1
31.7697 1
31.7709 1
31.7727 1
31.7739 1
31.7745 1
31.7763 1
31.7775 1
31.7787 1
31.7799 1
31.7811 1
31.7823 1
31.7841 1
31.7853 1
31.7859 1
31.7877 1
31.7889 1
31.7895 1
31.7913 1
31.7925 1
31.7937 1
31.7955 1
31.7961 1
31.7973 1
31.7991 1
31.8003 1
31.801 1
31.8028 1
31.804 1
31.8052 1
31.8064 1
31.8076 1
31.8088 1
31.8106 1
31.8118 1
31.8124 1
31.8142 1
31.8154 1
31.816 1
31.8178 1
31.819 1
31.8202 1
31.822 1
31.8226 1
31.8238 1
31.8256 1
31.8268 1
31.8274 1
31.8292 1
31.8304 1
31.8316 1
31.8328 1
31.834 1
31.8352 1
31.837 1
31.8376 1
31.8388 1
31.8406 1
31.8418 1
31.8424 1
31.8442 1
31.8454 1
31.8466 1
31.8478 1
31.849 1
31.8502 1
31.852 1
31.8532 1
31.8538 1
31.8556 1
31.8568 1
31.8574 1
31.8592 1
31.8604 1
31.8616 1
31.8634 1
31.864 1
31.8652 1
31.867 1
31.8682 1
31.8688 1
31.8706 1
31.8718 1
31.8724 1
31.8742 1
31.8754 1
31.8767 1
31.8785 1
31.8791 1
31.8803 1
31.8821 1
31.8833 1
31.8839 1
31.8857 1
31.8869 1
31.8875 1
31.8893 1
31.8905 1
31.8917 1
31.8935 1
31.8941 1
31.8953 1
31.8971 1
31.8983 1
31.8989 1
31.9007 1
31.9019 1
31.9025 1
31.9043 1
31.9055 1
31.9067 1
31.9085 1
31.9091 1
31.9103 1
31.9121 1
31.9133 1
31.9139 1
31.9157 1
31.9169 1
31.9175 1
31.9193 1
31.9205 1
31.9217 1
31.9229 1
31.9241 1
31.9253 1
31.9271 1
31.9283 1
31.9289 1
31.9307 1
31.9319 1
31.9325 1
31.9343 1
31.9355 1
31.9367 1
31.9379 1
31.9391 1
31.9403 1
31.9421 1
31.9427 1
31.9439 1
31.9457 1
31.9469 1
31.9475 1
31.9493 1
31.9505 1
31.9512 1
31.953 1
31.9542 1
31.9554 1
31.9572 1
31.9578 1
31.959 1
31.9608 1
31.962 1
31.9626 1
31.9644 1
31.9656 1
31.9662 1
31.968 1
31.9692 1
31.9704 1
31.9716 1
31.9728 1
31.974 1
31.9758 1
31.9764 1
31.9776 1
31.9794 1
31.9806 1
31.9812 1
31.983 1
31.9842 1
31.9848 1
31.9866 1
31.9878 1
31.989 1
31.9902 1
31.9914 1
31.9926 1
31.9944 1
31.995 1
31.9962 1
31.998 1
31.9992 1
31.9998 1
32.0016 1
32.0028 1
32.0034 1
32.0052 1
32.0064 1
32.0076 1
32.0094 1
32.01 1
32.0112 1
32.013 1
32.0136 1
32.0148 1
32.0166 1
32.0178 1
32.0184 1
32.0202 1
32.0214 1
32.022 1
32.0238 1
32.025 1
32.0263 1
32.0275 1
32.0287 1
32.0299 1
32.0317 1
32.0323 1
32.0335 1
32.0353 1
32.0365 1
32.0371 1
32.0389 1
32.0401 1
32.0407 1
32.0425 1
32.0437 1
32.0449 1
32.0461 1
32.0473 1
32.0485 1
32.0503 1
32.0509 1
32.0521 1
32.0539 1
32.0551 1
32.0557 1
32.0575 1
32.0587 1
32.0593 1
32.0611 1
32.0623 1
32.0629 1
32.0647 1
32.0659 1
32.0671 1
32.0689 1
32.0695 1
32.0707 1
32.0725 1
32.0731 1
32.0743 1
32.0761 1
32.0773 1
32.0779 1
32.0797 1
32.0809 1
32.0815 1
32.0833 1
32.0845 1
32.0851 1
32.0869 1
32.0881 1
32.0893 1
32.0911 1
32.0917 1
32.0929 1
32.0947 1
32.0953 1
32.0965 1
32.0983 1
32.0995 1
32.1001 1
32.102 1
32.1032 1
32.1038 1
32.1056 1
32.1068 1
32.1074 1
32.1092 1
32.1104 1
32.1116 1
32.1134 1
32.114 1
32.1152 1
32.117 1
32.1176 1
32.1188 1
32.1206 1
32.1218 1
32.1224 1
32.1242 1
32.1254 1
32.126 1
32.1278 1
32.129 1
32.1296 1
32.1314 1
32.1326 1
32.1338 1
32.135 1
32.1362 1
32.1374 1
32.1392 1
32.1398 1
32.141 1
32.1428 1
32.1434 1
32.1446 1
32.1464 1
32.1476 1
32.1482 1
32.15 1
32.1512 1
32.1518 1
32.1536 1
32.1548 1
32.1554 1
32.1572 1
32.1584 1
32.1596 1
32.1608 1
32.162 1
32.1632 1
32.165 1
32.1656 1
32.1668 1
32.1686 1
32.1692 1
32.1704 1
32.1722 1
32.1734 1
32.174 1
32.1758 1
32.1771 1
32.1777 1
32.1795 1
32.1807 1
32.1813 1
32.1831 1
32.1843 1
32.1849 1
32.1867 1
32.1879 1
32.1891 1
32.1903 1
32.1915 1
32.1927 1
32.1945 1
32.1951 1
32.1963 1
32.1981 1
32.1987 1
32.1999 1
32.2017 1
32.2029 1
32.2035 1
32.2053 1
32.2065 1
32.2071 1
32.2089 1
32.2101 1
32.2107 1
32.2125 1
32.2137 1
32.2143 1
32.2161 1
32.2173 1
32.2185 1
32.2197 1
32.2209 1
32.2221 1
32.2239 1
32.2245 1
32.2257 1
32.2275 1
32.2281 1
32.2293 1
32.2311 1
32.2317 1
32.2329 1
32.2347 1
32.2359 1
32.2365 1
32.2383 1
32.2395 1
32.2401 1
32.2419 1
32.2431 1
32.2437 1
32.2455 1
32.2467 1
32.2473 1
32.2491 1
32.2503 1
32.2509 1
32.2528 1
32.254 1
32.2552 1
32.257 1
32.2576 1
32.2588 1
32.2606 1
32.2612 1
32.2624 1
32.2642 1
32.2648 1
32.266 1
32.2678 1
32.2684 1
32.2696 1
32.2714 1
32.2726 1
32.2732 1
32.275 1
32.2762 1
32.2768 1
32.2786 1
32.2798 1
32.2804 1
32.2822 1
32.2834 1
32.284 1
32.2858 1
32.287 1
32.2876 1
32.2894 1
32.2906 1
32.2912 1
32.293 1
32.2942 1
32.2954 1
32.2972 1
32.2978 1
32.299 1
32.3008 1
32.3014 1
32.3026 1
32.3044 1
32.305 1
32.3062 1
32.308 1
32.3086 1
32.3098 1
32.3116 1
32.3122 1
32.3134 1
32.3152 1
32.3158 1
32.317 1
32.3188 1
32.32 1
32.3206 1
32.3224 1
32.3236 1
32.3242 1
32.326 1
32.3273 1
32.3279 1
32.3297 1
32.3309 1
32.3315 1
32.3333 1
32.3345 1
32.3351 1
32.3369 1
32.3381 1
32.3387 1
32.3405 1
32.3417 1
32.3423 1
32.3441 1
32.3453 1
32.3465 1
32.3483 1
32.3489 1
32.3501 1
32.3519 1
32.3525 1
32.3537 1
32.3555 1
32.3561 1
32.3573 1
32.3591 1
32.3597 1
32.3609 1
32.3627 1
32.3633 1
32.3645 1
32.3663 1
32.3669 1
32.3681 1
32.3699 1
32.3705 1
32.3717 1
32.3735 1
32.3741 1
32.3753 1
32.3771 1
32.3783 1
32.3789 1
32.3807 1
32.3819 1
32.3825 1
32.3843 1
32.3855 1
32.3861 1
32.3879 1
32.3891 1
32.3897 1
32.3915 1
32.3927 1
32.3933 1
32.3951 1
32.3963 1
32.3969 1
32.3987 1
32.3999 1
32.4005 1
32.4024 1
32.4036 1
32.4042 1
32.406 1
32.4072 1
32.4078 1
32.4096 1
32.4108 1
32.4114 1
32.4132 1
32.4144 1
32.415 1
32.4168 1
32.418 1
32.4186 1
32.4204 1
32.4216 1
32.4228 1
32.4246 1
32.4252 1
32.4264 1
32.4282 1
32.4288 1
32.43 1
32.4318 1
32.4324 1
32.4336 1
32.4354 1
32.436 1
32.4372 1
32.439 1
32.4396 1
32.4408 1
32.4426 1
32.4432 1
32.4444 1
32.4462 1
32.4468 1
32.448 1
32.4498 1
32.4504 1
32.4516 1
32.4534 1
32.454 1
32.4552 1
32.457 1
32.4576 1
32.4588 1
32.4606 1
32.4612 1
32.4624 1
32.4642 1
32.4648 1
32.466 1
32.4678 1
32.4684 1
32.4696 1
32.4714 1
32.472 1
32.4732 1
32.475 1
32.4756 1
32.4769 1
32.4787 1
32.4793 1
32.4805 1
32.4823 1
32.4829 1
32.4841 1
32.4859 1
32.4865 1
32.4877 1
32.4895 1
32.4901 1
32.4913 1
32.4931 1
32.4937 1
32.4949 1
32.4967 1
32.4973 1
32.4985 1
32.5003 1
32.5009 1
32.5021 1
32.5039 1
32.5045 1
32.5057 1
32.5075 1
32.5081 1
32.5093 1
32.5111 1
32.5117 1
32.5129 1
32.5147 1
32.5153 1
32.5165 1
32.5183 1
32.5189 1
32.5201 1
32.5219 1
32.5225 1
32.5237 1
32.5255 1
32.5261 1
32.5273 1
32.5291 1
32.5297 1
32.5309 1
32.5327 1
32.5333 1
32.5345 1
32.5363 1
32.5369 1
32.5381 1
32.5399 1
32.5405 1
32.5417 1
32.5435 1
32.5441 1
32.5453 1
32.5471 1
32.5477 1
32.5489 1
32.5507 1
32.5513 1
32.5526 1
32.5544 1
32.555 1
32.5562 1
32.558 1
32.5586 1
32.5598 1
32.5616 1
32.5622 1
32.5634 1
32.5652 1
32.5658 1
32.567 1
32.5688 1
32.5694 1
32.5706 1
32.5724 1
32.573 1
32.5742 1
32.576 1
32.5766 1
32.5778 1
32.5796 1
32.5802 1
32.5814 1
32.5826 1
32.5838 1
32.585 1
32.5862 1
32.5874 1
32.5886 1
32.5898 1
32.591 1
32.5922 1
32.5934 1
32.5946 1
32.5958 1
32.597 1
32.5982 1
32.5994 1
32.6006 1
32.6018 1
32.603 1
32.6042 1
32.6054 1
32.6066 1
32.6078 1
32.609 1
32.6102 1
32.6114 1
32.6126 1
32.6138 1
32.615 1
32.6162 1
32.6174 1
32.6186 1
32.6198 1
32.621 1
32.6222 1
32.6234 1
32.6246 1
32.6258 1
32.6271 1
32.6283 1
32.6295 1
32.6307 1
32.6319 1
32.6331 1
32.6343 1
32.6355 1
32.6367 1
32.6379 1
32.6391 1
32.6403 1
32.6415 1
32.6427 1
32.6439 1
32.6451 1
32.6463 1
32.6475 1
32.6487 1
32.6499 1
32.6511 1
32.6523 1
32.6535 1
32.6547 1
32.6559 1
32.6571 1
32.6583 1
32.6595 1
32.6607 1
32.6619 1
32.6631 1
32.6643 1
32.6655 1
32.6667 1
32.6679 1
32.6691 1
32.6703 1
32.6715 1
32.6727 1
32.6739 1
32.6751 1
32.6763 1
32.6775 1
32.6787 1
32.6799 1
32.6811 1
32.6823 1
32.6835 1
32.6847 1
32.6859 1
32.6871 1
32.6883 1
32.6895 1
32.6907 1
32.6919 1
32.6931 1
32.6943 1
32.6955 1
32.6967 1
32.6979 1
32.6991 1
32.7003 1
32.7015 1
32.7028 1
32.704 1
32.7052 1
32.7064 1
32.7076 1
32.7088 1
32.71 1
32.7112 1
32.7124 1
32.7136 1
32.7148 1
32.716 1
32.7172 1
32.7184 1
32.7196 1
32.7208 1
32.722 1
32.7232 1
32.7244 1
32.7256 1
32.7268 1
32.728 1
32.7292 1
32.7304 1
32.7316 1
32.7328 1
32.734 1
32.7352 1
32.7364 1
32.7376 1
32.7388 1
32.74 1
32.7412 1
32.7424 1
32.7436 1
32.7448 1
32.746 1
32.7472 1
32.7484 1
32.7496 1
32.7508 1
32.752 1
32.7532 1
32.7544 1
32.7556 1
32.7568 1
32.758 1
32.7592 1
32.7604 1
32.7616 1
32.7628 1
32.764 1
32.7652 1
32.7664 1
32.7676 1
32.7688 1
32.77 1
32.7712 1
32.7724 1
32.7736 1
32.7748 1
32.776 1
32.7773 1
32.7785 1
32.7797 1
32.7809 1
32.7821 1
32.7833 1
32.7845 1
32.7857 1
32.7869 1
32.7881 1
32.7893 1
32.7905 1
32.7917 1
32.7929 1
32.7941 1
32.7953 1
32.7965 1
32.7977 1
32.7989 1
32.8001 1
32.8013 1
32.8025 1
32.8037 1
32.8049 1
32.8061 1
32.8073 1
32.8085 1
32.8097 1
32.8109 1
32.8121 1
32.8133 1
32.8145 1
32.8157 1
32.8169 1
32.8181 1
32.8193 1
32.8205 1
32.8217 1
32.8229 1
32.8241 1
32.8253 1
32.8265 1
32.8277 1
32.8289 1
32.8301 1
32.8313 1
32.8325 1
32.8337 1
32.8349 1
32.8361 1
32.8373 1
32.8385 1
32.8397 1
32.8409 1
32.8421 1
32.8433 1
32.8445 1
32.8457 1
32.8469 1
32.8481 1
32.8493 1
32.8505 1
32.8517 1
32.853 1
32.8542 1
32.8554 1
32.8566 1
32.8578 1
32.859 1
32.8602 1
32.8614 1
32.8626 1
32.8638 1
32.865 1
32.8662 1
32.8674 1
32.8686 1
32.8698 1
32.871 1
32.8722 1
32.8734 1
32.8746 1
32.8758 1
32.877 1
32.8782 1
32.8794 1
32.8806 1
32.8818 1
32.883 1
32.8842 1
32.8854 1
32.8866 1
32.8878 1
32.889 1
32.8902 1
32.8914 1
32.8926 1
32.8938 1
32.895 1
32.8962 1
32.8974 1
32.8986 1
32.8998 1
32.901 1
32.9022 1
32.9034 1
32.9046 1
32.9058 1
32.907 1
32.9082 1
32.9094 1
32.9106 1
32.9118 1
32.913 1
32.9142 1
32.9154 1
32.9166 1
32.9178 1
32.919 1
32.9202 1
32.9214 1
32.9226 1
32.9238 1
32.925 1
32.9262 1
32.9275 1
32.9287 1
32.9299 1
32.9311 1
32.9323 1
32.9335 1
32.9347 1
32.9359 1
32.9371 1
32.9383 1
32.9395 1
32.9407 1
32.9419 1
32.9431 1
32.9443 1
32.9455 1
32.9467 1
32.9479 1
32.9491 1
32.9503 1
32.9515 1
32.9527 1
32.9539 1
32.9551 1
32.9563 1
32.9575 1
32.9587 1
32.9599 1
32.9611 1
32.9623 1
32.9635 1
32.9647 1
32.9659 1
32.9671 1
32.9683 1
32.9695 1
32.9707 1
32.9719 1
32.9731 1
32.9743 1
32.9755 1
32.9767 1
32.9779 1
32.9791 1
32.9803 1
32.9815 1
32.9827 1
32.9839 1
32.9851 1
32.9863 1
32.9875 1
32.9887 1
32.9899 1
32.9911 1
32.9923 1
32.9935 1
32.9947 1
32.9959 1
32.9971 1
32.9983 1
32.9995 1
33.0007 1
33.0019 1
33.0032 1
33.0044 1
33.0056 1
33.0068 1
33.008 1
33.0092 1
33.0104 1
33.0116 1
33.0128 1
33.014 1
33.0152 1
33.0164 1
33.0176 1
33.0188 1
33.02 1
33.0212 1
33.0224 1
33.0236 1
33.0248 1
33.026 1
33.0272 1
33.0284 1
33.0296 1
33.0308 1
33.032 1
33.0332 1
33.0344 1
33.0356 1
33.0368 1
33.038 1
33.0392 1
33.0404 1
33.0416 1
33.0428 1
33.044 1
33.0452 1
33.0464 1
33.0476 1
33.0488 1
33.05 1
33.0512 1
33.0524 1
33.0536 1
33.0548 1
33.056 1
33.0572 1
33.0584 1
33.0596 1
33.0608 1
33.062 1
33.0632 1
33.0644 1
33.0656 1
33.0668 1
33.068 1
33.0692 1
33.0704 1
33.0716 1
33.0728 1
33.074 1
33.0752 1
33.0764 1
33.0777 1
33.0789 1
33.0801 1
33.0813 1
33.0825 1
33.0837 1
33.0849 1
33.0861 1
33.0873 1
33.0885 1
33.0897 1
33.0909 1
33.0921 1
33.0933 1
33.0945 1
33.0957 1
33.0969 1
33.0981 1
33.0993 1
33.1005 1
33.1017 1
33.1029 1
33.1041 1
33.1053 1
33.1065 1
33.1077 1
33.1089 1
33.1101 1
33.1113 1
33.1125 1
33.1137 1
33.1149 1
33.1161 1
33.1173 1
33.1185 1
33.1197 1
33.1209 1
33.1221 1
33.1233 1
33.1245 1
33.1257 1
33.1269 1
33.1281 1
33.1293 1
33.1305 1
33.1317 1
33.1329 1
33.1341 1
33.1353 1
33.1365 1
33.1377 1
33.1389 1
33.1401 1
33.1413 1
33.1425 1
33.1437 1
33.1449 1
33.1461 1
33.1473 1
33.1485 1
33.1497 1
33.1509 1
33.1521 1
33.1534 1
33.1546 1
33.1558 1
33.157 1
33.1582 1
33.1594 1
33.1606 1
33.1618 1
33.163 1
33.1642 1
33.1654 1
33.1666 1
33.1678 1
33.169 1
33.1702 1
33.1714 1
33.1726 1
33.1738 1
33.175 1
33.1762 1
33.1774 1
33.1786 1
33.1798 1
33.181 1
33.1822 1
33.1834 1
33.1846 1
33.1858 1
33.187 1
33.1882 1
33.1894 1
33.1906 1
33.1918 1
33.193 1
33.1942 1
33.1954 1
33.1966 1
33.1978 1
33.199 1
33.2002 1
33.2014 1
33.2026 1
33.2038 1
33.205 1
33.2062 1
33.2074 1
33.2086 1
33.2098 1
33.211 1
33.2122 1
33.2134 1
33.2146 1
33.2158 1
33.217 1
33.2182 1
33.2194 1
33.2206 1
33.2218 1
33.223 1
33.2242 1
33.2254 1
33.2266 1
33.2279 1
33.2291 1
33.2303 1
33.2315 1
33.2327 1
33.2339 1
33.2351 1
33.2363 1
33.2375 1
33.2387 1
33.2399 1
33.2411 1
33.2423 1
33.2435 1
33.2447 1
33.2459 1
33.2471 1
33.2483 1
33.2495 1
33.2507 1
33.2519 1
33.2531 1
33.2543 1
33.2555 1
33.2567 1
33.2579 1
33.2591 1
33.2603 1
33.2615 1
33.2627 1
33.2639 1
33.2651 1
33.2663 1
33.2675 1
33.2687 1
33.2699 1
33.2711 1
33.2723 1
33.2735 1
33.2747 1
33.2759 1
33.2771 1
33.2783 1
33.2795 1
33.2807 1
33.2819 1
33.2831 1
33.2843 1
33.2855 1
33.2867 1
33.2879 1
33.2891 1
33.2903 1
33.2915 1
33.2927 1
33.2939 1
33.2951 1
33.2963 1
33.2975 1
33.2987 1
33.2999 1
33.3011 1
33.3023 1
33.3036 1
33.3048 1
33.306 1
33.3072 1
33.3084 1
33.3096 1
33.3108 1
33.312 1
33.3132 1
33.3144 1
33.3156 1
33.3168 1
33.318 1
33.3192 1
33.3204 1
33.3216 1
33.3228 1
33.324 1
33.3252 1
33.3264 1
33.3276 1
33.3288 1
33.33 1
33.3312 1
33.3324 1
33.3336 1
33.3348 1
33.336 1
33.3372 1
33.3384 1
33.3396 1
33.3408 1
33.342 1
33.3432 1
33.3444 1
33.3456 1
33.3468 1
33.348 1
33.3492 1
33.3504 1
33.3516 1
33.3528 1
33.354 1
33.3552 1
33.3564 1
33.3576 1
33.3588 1
33.36 1
33.3612 1
33.3624 1
33.3636 1
33.3648 1
33.366 1
33.3672 1
33.3684 1
33.3696 1
33.3708 1
33.372 1
33.3732 1
33.3744 1
33.3756 1
33.3768 1
33.3781 1
33.3793 1
33.3805 1
33.3817 1
33.3829 1
33.3841 1
33.3853 1
33.3865 1
33.3877 1
33.3889 1
33.3901 1
33.3913 1
33.3925 1
33.3937 1
33.3949 1
33.3961 1
33.3973 1
33.3985 1
33.3997 1
33.4009 1
33.4021 1
33.4033 1
33.4045 1
33.4057 1
33.4069 1
33.4081 1
33.4093 1
33.4105 1
33.4117 1
33.4129 1
33.4141 1
33.4153 1
33.4165 1
33.4177 1
33.4189 1
33.4201 1
33.4213 1
33.4225 1
33.4237 1
33.4249 1
33.4261 1
33.4273 1
33.4285 1
33.4297 1
33.4309 1
33.4321 1
33.4333 1
33.4345 1
33.4357 1
33.4369 1
33.4381 1
33.4393 1
33.4405 1
33.4417 1
33.4429 1
33.4441 1
33.4453 1
33.4465 1
33.4477 1
33.4489 1
33.4501 1
33.4513 1
33.4525 1
33.4538 1
33.455 1
33.4562 1
33.4574 1
33.4586 1
33.4598 1
33.461 1
33.4622 1
33.4634 1
33.4646 1
33.4658 1
33.467 1
33.4682 1
33.4694 1
33.4706 1
33.4718 1
33.473 1
33.4742 1
33.4754 1
33.4766 1
33.4778 1
33.479 1
33.4802 1
33.4814 1
33.4826 1
33.4838 1
33.485 1
33.4862 1
33.4874 1
33.4886 1
33.4898 1
33.491 1
33.4922 1
33.4934 1
33.4946 1
33.4958 1
33.497 1
33.4982 1
33.4994 1
33.5006 1
33.5018 1
33.503 1
33.5042 1
33.5054 1
33.5066 1
33.5078 1
33.509 1
33.5102 1
33.5114 1
33.5126 1
33.5138 1
33.515 1
33.5162 1
33.5174 1
33.5186 1
33.5198 1
33.521 1
33.5222 1
33.5234 1
33.5246 1
33.5258 1
33.527 1
33.5283 1
33.5295 1
33.5307 1
33.5319 1
33.5331 1
33.5343 1
33.5355 1
33.5367 1
33.5379 1
33.5391 1
33.5403 1
33.5415 1
33.5427 1
33.5439 1
33.5451 1
33.5463 1
33.5475 1
33.5487 1
33.5499 1
33.5511 1
33.5523 1
33.5535 1
33.5547 1
33.5559 1
33.5571 1
33.5583 1
33.5595 1
33.5607 1
33.5619 1
33.5631 1
33.5643 1
33.5655 1
33.5667 1
33.5679 1
33.5691 1
33.5703 1
33.5715 1
33.5727 1
33.5739 1
33.5751 1
33.5763 1
33.5775 1
33.5787 1
33.5799 1
33.5811 1
33.5823 1
33.5835 1
33.5847 1
33.5859 1
33.5871 1
33.5883 1
33.5895 1
33.5907 1
33.5919 1
33.5931 1
33.5943 1
33.5955 1
33.5967 1
33.5979 1
33.5991 1
33.6003 1
33.6015 1
33.6027 1
33.604 1
33.6052 1
33.6064 1
33.6076 1
33.6088 1
33.61 1
33.6112 1
33.6124 1
33.6136 1
33.6148 1
33.616 1
33.6172 1
33.6184 1
33.6196 1
33.6208 1
33.622 1
33.6232 1
33.6244 1
33.6256 1
33.6268 1
33.628 1
33.6292 1
33.6304 1
33.6316 1
33.6328 1
33.634 1
33.6352 1
33.6364 1
33.6376 1
33.6388 1
33.64 1
33.6412 1
33.6424 1
33.6436 1
33.6448 1
33.646 1
33.6472 1
33.6484 1
33.6496 1
33.6508 1
33.652 1
33.6532 1
33.6544 1
33.6556 1
33.6568 1
33.658 1
33.6592 1
33.6604 1
33.6616 1
33.6628 1
33.664 1
33.6652 1
33.6664 1
33.6676 1
33.6688 1
33.67 1
33.6712 1
33.6724 1
33.6736 1
33.6748 1
33.676 1
33.6772 1
33.6785 1
33.6797 1
33.6809 1
33.6821 1
33.6833 1
33.6845 1
33.6857 1
33.6869 1
33.6881 1
33.6893 1
33.6905 1
33.6917 1
33.6929 1
33.6941 1
33.6953 1
33.6965 1
33.6977 1
33.6989 1
33.7001 1
33.7013 1
33.7025 1
33.7037 1
33.7049 1
33.7061 1
33.7073 1
33.7085 1
33.7097 1
33.7109 1
33.7121 1
33.7133 1
33.7145 1
33.7157 1
33.7169 1
33.7181 1
33.7193 1
33.7205 1
33.7217 1
33.7229 1
33.7241 1
33.7253 1
33.7265 1
33.7277 1
33.7289 1
33.7301 1
33.7313 1
33.7325 1
33.7337 1
33.7349 1
33.7361 1
33.7373 1
33.7385 1
33.7397 1
33.7409 1
33.7421 1
33.7433 1
33.7445 1
33.7457 1
33.7469 1
33.7481 1
33.7493 1
33.7505 1
33.7517 1
33.7529 1
33.7542 1
33.7554 1
33.7566 1
33.7578 1
33.759 1
33.7602 1
33.7614 1
33.7626 1
33.7638 1
33.765 1
33.7662 1
33.7674 1
33.7686 1
33.7698 1
33.771 1
33.7722 1
33.7734 1
33.7746 1
33.7758 1
33.777 1
33.7782 1
33.7794 1
33.7806 1
33.7818 1
33.783 1
33.7842 1
33.7854 1
33.7866 1
33.7878 1
33.789 1
33.7902 1
33.7914 1
33.7926 1
33.7938 1
33.795 1
33.7962 1
33.7974 1
33.7986 1
33.7998 1
33.801 1
33.8022 1
33.8034 1
33.8046 1
33.8058 1
33.807 1
33.8082 1
33.8094 1
33.8106 1
33.8118 1
33.813 1
33.8142 1
33.8154 1
33.8166 1
33.8178 1
33.819 1
33.8202 1
33.8214 1
33.8226 1
33.8238 1
33.825 1
33.8262 1
33.8274 1
33.8287 1
33.8299 1
33.8311 1
33.8323 1
33.8335 1
33.8347 1
33.8359 1
33.8371 1
33.8383 1
33.8395 1
33.8407 1
33.8419 1
33.8431 1
33.8443 1
33.8455 1
33.8467 1
33.8479 1
33.8491 1
33.8503 1
33.8515 1
33.8527 1
33.8539 1
33.8551 1
33.8563 1
33.8575 1
33.8587 1
33.8599 1
33.8611 1
33.8623 1
33.8635 1
33.8647 1
33.8659 1
33.8671 1
33.8683 1
33.8695 1
33.8707 1
33.8719 1
33.8731 1
33.8743 1
33.8755 1
33.8767 1
33.8779 1
33.8791 1
33.8803 1
33.8815 1
33.8827 1
33.8839 1
33.8851 1
33.8863 1
33.8875 1
33.8887 1
33.8899 1
33.8911 1
33.8923 1
33.8935 1
33.8947 1
33.8959 1
33.8971 1
33.8983 1
33.8995 1
33.9007 1
33.9019 1
33.9031 1
33.9044 1
33.9056 1
33.9068 1
33.908 1
33.9092 1
33.9104 1
33.9116 1
33.9128 1
33.914 1
33.9152 1
33.9164 1
33.9176 1
33.9188 1
33.92 1
38.1051 1
38.1052 1
40.9157 1
40.9157 1
40.9157 1
40.9157 1
40.9157 1
40.9158 1
40.9158 1
40.9158 1
40.9158 1
40.9158 1
40.9158 1
40.9158 1
40.9159 1
40.9159 1
40.9159 1
40.9159 1
40.9159 1
40.9159 1
40.9159 1
40.9159 1
40.916 1
40.916 1
40.916 1
40.916 1
40.916 1
40.916 1
40.916 1
40.916 1
40.916 1
40.9161 1
40.9161 1
40.9161 1
40.9161 1
40.9161 1
40.9161 1
40.9161 1
40.9161 1
40.9162 1
40.9162 1
40.9162 1
40.9162 1
40.9162 1
40.9162 1
40.9162 1
40.9162 1
40.9163 1
40.9163 1
40.9163 1
40.9163 1
40.9163 1
40.9163 1
40.9163 1
40.9163 1
40.9163 1
40.9164 1
40.9164 1
40.9164 1
40.9164 1
40.9164 1
40.9164 1
40.9164 1
40.9165 1
40.9165 1
40.9165 1
40.9165 1
40.9165 1
40.9165 1
40.9165 1
40.9165 1
40.9166 1
40.9166 1
40.9166 1
40.9166 1
40.9166 1
40.9166 1
40.9166 1
40.9166 1
40.9166 1
40.9167 1
40.9167 1
40.9167 1
40.9167 1
40.9167 1
40.9167 1
40.9167 1
40.9167 1
40.9168 1
40.9168 1
40.9168 1
40.9168 1
40.9168 1
40.9168 1
40.9168 1
40.9168 1
40.9169 1
40.9169 1
40.9169 1
40.9169 1
40.9169 1
40.9169 1
40.9169 1
40.9169 1
40.9169 1
40.917 1
40.917 1
40.917 1
40.917 1
40.917 1
40.917 1
40.917 1
40.9171 1
40.9171 1
40.9171 1
40.9171 1
40.9175 1
40.9175 1
40.9181 1
40.9187 1
40.9193 1
40.9199 1
40.9205 1
40.9211 1
40.9217 1
40.9223 1
40.9229 1
40.9235 1
40.9355 1
40.9848 1
41.0256 1
41.0611 1
41.0929 1
41.1224 1
41.1494 1
41.1752 1
41.1993 1
41.2221 1
41.2437 1
41.2648 1
41.2846 1
41.3038 1
41.3224 1
41.3405 1
41.3585 1
41.3753 1
41.3921 1
41.4083 1
41.4246 1
41.4402 1
41.4558 1
41.4702 1
41.4852 1
41.4997 1
41.5141 1
41.5279 1
41.5417 1
41.5555 1
41.5688 1
41.582 1
41.5952 1
41.6078 1
41.6204 1
41.633 1
41.6451 1
41.6571 1
41.6691 1
41.6811 1
41.6931 1
41.7045 1
41.716 1
41.7274 1
41.7388 1
41.7502 1
41.761 1
41.7718 1
41.7826 1
41.7935 1
41.8043 1
41.8151 1
41.8253 1
41.8355 1
41.8457 1
41.8559 1
41.8662 1
41.8764 1
41.8866 1
41.8962 1
41.9058 1
41.9154 1
41.925 1
41.9346 1
41.9443 1
41.9539 1
41.9635 1
41.9731 1
41.9821 1
41.9911 1
42.0001 1
42.0091 1
42.0182 1
42.0272 1
42.0362 1
42.0452 1
42.0542 1
42.0632 1
42.0722 1
42.0812 1
42.0897 1
42.0981 1
42.1065 1
42.1149 1
42.1233 1
42.1317 1
42.1401 1
42.1485 1
42.1569 1
42.1654 1
42.1738 1
42.1822 1
42.1906 1
42.199 1
42.2068 1
42.2146 1
42.2224 1
42.2302 1
42.238 1
42.2459 1
42.2537 1
