29.1604 1
29.1622 1
29.164 1
29.1658 1
29.1676 1
29.1694 1
29.1712 1
29.173 1
29.1749 1
29.1767 1
29.1785 1
29.1803 1
29.1821 1
29.1839 1
29.1857 1
29.1875 1
29.1893 1
29.1911 1
29.1929 1
29.1947 1
29.1965 1
29.1983 1
29.2001 1
29.2019 1
29.2037 1
29.2055 1
29.2073 1
29.2091 1
29.2109 1
29.2127 1
29.2145 1
29.2163 1
29.2181 1
29.2199 1
29.2217 1
29.2235 1
29.2253 1
29.2271 1
29.2289 1
29.2307 1
29.2325 1
29.2343 1
29.2361 1
29.2379 1
29.2397 1
29.2415 1
29.2433 1
29.2451 1
29.2469 1
29.2488 1
29.2506 1
29.2524 1
29.2542 1
29.256 1
29.2578 1
29.2596 1
29.2614 1
29.2632 1
29.265 1
29.2668 1
29.2686 1
29.2704 1
29.2722 1
29.274 1
29.2758 1
29.2776 1
29.2794 1
29.2812 1
29.283 1
29.2848 1
29.2866 1
29.2884 1
29.2902 1
29.292 1
29.2938 1
29.2956 1
29.2974 1
29.2992 1
29.301 1
29.3028 1
29.3046 1
29.3064 1
29.3082 1
29.31 1
29.3118 1
29.3136 1
29.3154 1
29.3172 1
29.319 1
29.3208 1
29.3226 1
29.3245 1
29.3263 1
29.3281 1
29.3299 1
29.3317 1
29.3335 1
29.3353 1
29.3371 1
29.3389 1
29.3407 1
29.3425 1
29.3443 1
29.3461 1
29.3479 1
29.3497 1
29.3515 1
29.3533 1
29.3551 1
29.3569 1
29.3587 1
29.3605 1
29.3623 1
29.3641 1
29.3659 1
29.3677 1
29.3695 1
29.3713 1
29.3731 1
29.3749 1
29.3767 1
29.3785 1
29.3803 1
29.3821 1
29.3839 1
29.3857 1
29.3875 1
29.3893 1
29.3911 1
29.3929 1
29.3947 1
29.3965 1
29.3983 1
29.4002 1
29.402 1
29.4038 1
29.4056 1
29.4074 1
29.4092 1
29.411 1
29.4128 1
29.4146 1
29.4164 1
29.4182 1
29.42 1
29.4218 1
29.4236 1
29.4254 1
29.4272 1
29.429 1
29.4308 1
29.4326 1
29.4344 1
29.4362 1
29.438 1
29.4398 1
29.4416 1
29.4434 1
29.4452 1
29.447 1
29.4488 1
29.4506 1
29.4524 1
29.4542 1
29.456 1
29.4578 1
29.4596 1
29.4614 1
29.4632 1
29.465 1
29.4668 1
29.4686 1
29.4704 1
29.4722 1
29.4741 1
29.4759 1
29.4777 1
29.4795 1
29.4813 1
29.4831 1
29.4849 1
29.4867 1
29.4885 1
29.4903 1
29.4921 1
29.4939 1
29.4957 1
29.4975 1
29.4993 1
29.5011 1
29.5029 1
29.5047 1
29.5065 1
29.5083 1
29.5101 1
29.5119 1
29.5137 1
29.5155 1
29.5173 1
29.5191 1
29.5209 1
29.5227 1
29.5245 1
29.5263 1
29.5281 1
29.5299 1
29.5317 1
29.5335 1
29.5353 1
29.5371 1
29.5389 1
29.5407 1
29.5425 1
29.5443 1
29.5461 1
29.5479 1
29.5498 1
29.5516 1
29.5534 1
29.5552 1
29.557 1
29.5588 1
29.5606 1
29.5624 1
29.5642 1
29.566 1
29.5678 1
29.5696 1
29.5714 1
29.5732 1
29.575 1
29.5768 1
29.5786 1
29.5804 1
29.5822 1
29.584 1
29.5858 1
29.5876 1
29.5894 1
29.5912 1
29.593 1
29.5948 1
29.5966 1
29.5984 1
29.6002 1
29.602 1
29.6038 1
29.6056 1
29.6074 1
29.6092 1
29.611 1
29.6128 1
29.6146 1
29.6164 1
29.6182 1
29.62 1
29.6218 1
29.6236 1
29.6255 1
29.6273 1
29.6291 1
29.6309 1
29.6327 1
29.6345 1
29.6363 1
29.6381 1
29.6399 1
29.6417 1
29.6435 1
29.6453 1
29.6471 1
29.6489 1
29.6507 1
29.6525 1
29.6543 1
29.6561 1
29.6579 1
29.6597 1
29.6615 1
29.6633 1
29.6651 1
29.6669 1
29.6687 1
29.6705 1
29.6723 1
29.6741 1
29.6759 1
29.6777 1
29.6795 1
29.6813 1
29.6831 1
29.6849 1
29.6867 1
29.6885 1
29.6903 1
29.6921 1
29.6939 1
29.6957 1
29.6975 1
29.6994 1
29.7012 1
29.703 1
29.7048 1
29.7066 1
29.7084 1
29.7102 1
29.712 1
29.7138 1
29.7156 1
29.7174 1
29.7192 1
29.721 1
29.7228 1
29.7246 1
29.7264 1
29.7282 1
29.73 1
29.7318 1
29.7336 1
29.7354 1
29.7372 1
29.739 1
29.7408 1
29.7426 1
29.7444 1
29.7462 1
29.7474 1
29.7492 1
29.7498 1
29.7516 1
29.7534 1
29.754 1
29.7558 1
29.757 1
29.7582 1
29.76 1
29.7612 1
29.7624 1
29.7642 1
29.7654 1
29.7666 1
29.7678 1
29.7696 1
29.7708 1
29.772 1
29.7738 1
29.7751 1
29.7763 1
29.7781 1
29.7787 1
29.7805 1
29.7817 1
29.7829 1
29.7847 1
29.7859 1
29.7871 1
29.7889 1
29.7901 1
29.7913 1
29.7925 1
29.7943 1
29.7955 1
29.7967 1
29.7985 1
29.7997 1
29.8009 1
29.8027 1
29.8033 1
29.8051 1
29.8069 1
29.8075 1
29.8093 1
29.8105 1
29.8117 1
29.8135 1
29.8147 1
29.8159 1
29.8177 1
29.8189 1
29.8201 1
29.8213 1
29.8231 1
29.8243 1
29.8255 1
29.8273 1
29.8279 1
29.8297 1
29.8315 1
29.8321 1
29.8339 1
29.8351 1
29.8363 1
29.8381 1
29.8393 1
29.8405 1
29.8417 1
29.8435 1
29.8447 1
29.8459 1
29.8477 1
29.8489 1
29.8502 1
29.852 1
29.8526 1
29.8544 1
29.8556 1
29.8568 1
29.8586 1
29.8598 1
29.861 1
29.8628 1
29.864 1
29.8652 1
29.8664 1
29.8682 1
29.8694 1
29.8706 1
29.8724 1
29.873 1
29.8748 1
29.876 1
29.8772 1
29.879 1
29.8802 1
29.8814 1
29.8832 1
29.8844 1
29.8856 1
29.8868 1
29.8886 1
29.8898 1
29.891 1
29.8928 1
29.8934 1
29.8952 1
29.8964 1
29.8976 1
29.8994 1
29.9006 1
29.9018 1
29.9036 1
29.9048 1
29.906 1
29.9072 1
29.909 1
29.9102 1
29.9114 1
29.9132 1
29.9138 1
29.9156 1
29.9168 1
29.918 1
29.9198 1
29.921 1
29.9222 1
29.9234 1
29.9253 1
29.9265 1
29.9277 1
29.9295 1
29.9301 1
29.9319 1
29.9337 1
29.9343 1
29.9361 1
29.9373 1
29.9385 1
29.9403 1
29.9415 1
29.9427 1
29.9439 1
29.9457 1
29.9469 1
29.9481 1
29.9499 1
29.9505 1
29.9523 1
29.9535 1
29.9547 1
29.9565 1
29.9577 1
29.9589 1
29.9601 1
29.9619 1
29.9631 1
29.9643 1
29.9661 1
29.9667 1
29.9685 1
29.9697 1
29.9709 1
29.9727 1
29.9739 1
29.9751 1
29.9763 1
29.9781 1
29.9793 1
29.9805 1
29.9823 1
29.9829 1
29.9847 1
29.9859 1
29.9871 1
29.9889 1
29.9901 1
29.9913 1
29.9925 1
29.9943 1
29.9955 1
29.9967 1
29.9985 1
29.9991 1
30.001 1
30.0022 1
30.0034 1
30.0052 1
30.0064 1
30.0076 1
30.0088 1
30.0106 1
30.0118 1
30.013 1
30.0148 1
30.0154 1
30.0172 1
30.0184 1
30.0196 1
30.0214 1
30.0226 1
30.0238 1
30.025 1
30.0268 1
30.0274 1
30.0292 1
30.031 1
30.0316 1
30.0334 1
30.0346 1
30.0358 1
30.0376 1
30.0388 1
30.04 1
30.0412 1
30.043 1
30.0436 1
30.0454 1
30.0466 1
30.0478 1
30.0496 1
30.0508 1
30.052 1
30.0532 1
30.055 1
30.0562 1
30.0574 1
30.0592 1
30.0598 1
30.0616 1
30.0628 1
30.064 1
30.0658 1
30.067 1
30.0682 1
30.0694 1
30.0712 1
30.0718 1
30.0736 1
30.0749 1
30.0761 1
30.0779 1
30.0791 1
30.0803 1
30.0815 1
30.0833 1
30.0845 1
30.0857 1
30.0875 1
30.0881 1
30.0899 1
30.0911 1
30.0923 1
30.0941 1
30.0953 1
30.0965 1
30.0977 1
30.0995 1
30.1001 1
30.1019 1
30.1031 1
30.1043 1
30.1061 1
30.1073 1
30.1085 1
30.1097 1
30.1115 1
30.1121 1
30.1139 1
30.1151 1
30.1163 1
30.1181 1
30.1193 1
30.1205 1
30.1217 1
30.1235 1
30.1241 1
30.1259 1
30.1277 1
30.1283 1
30.1301 1
30.1313 1
30.1325 1
30.1343 1
30.1355 1
30.1367 1
30.1379 1
30.1397 1
30.1403 1
30.1421 1
30.1433 1
30.1445 1
30.1463 1
30.1475 1
30.1487 1
30.15 1
30.1518 1
30.1524 1
30.1542 1
30.1554 1
30.1566 1
30.1584 1
30.1596 1
30.1608 1
30.162 1
30.1638 1
30.1644 1
30.1662 1
30.1674 1
30.1686 1
30.1704 1
30.1716 1
30.1728 1
30.174 1
30.1758 1
30.1764 1
30.1782 1
30.1794 1
30.1806 1
30.1824 1
30.1836 1
30.1848 1
30.186 1
30.1878 1
30.1884 1
30.1902 1
30.1914 1
30.1926 1
30.1944 1
30.1956 1
30.1968 1
30.198 1
30.1998 1
30.2004 1
30.2022 1
30.2034 1
30.2046 1
30.2064 1
30.2076 1
30.2082 1
30.21 1
30.2112 1
30.2124 1
30.2142 1
30.2154 1
30.2166 1
30.2178 1
30.2196 1
30.2202 1
30.222 1
30.2232 1
30.2244 1
30.2263 1
30.2275 1
30.2287 1
30.2299 1
30.2317 1
30.2323 1
30.2341 1
30.2353 1
30.2365 1
30.2383 1
30.2395 1
30.2407 1
30.2419 1
30.2437 1
30.2443 1
30.2461 1
30.2473 1
30.2485 1
30.2503 1
30.2515 1
30.2521 1
30.2539 1
30.2551 1
30.2563 1
30.2581 1
30.2593 1
30.2605 1
30.2617 1
30.2635 1
30.2641 1
30.2659 1
30.2671 1
30.2683 1
30.2701 1
30.2713 1
30.2725 1
30.2737 1
30.2755 1
30.2761 1
30.2779 1
30.2791 1
30.2803 1
30.2821 1
30.2833 1
30.2839 1
30.2857 1
30.2869 1
30.2881 1
30.2899 1
30.2911 1
30.2923 1
30.2935 1
30.2953 1
30.2959 1
30.2977 1
30.2989 1
30.3002 1
30.302 1
30.3032 1
30.3038 1
30.3056 1
30.3068 1
30.308 1
30.3098 1
30.311 1
30.3122 1
30.3134 1
30.3152 1
30.3158 1
30.3176 1
30.3188 1
30.32 1
30.3218 1
30.323 1
30.3236 1
30.3254 1
30.3266 1
30.3278 1
30.3296 1
30.3308 1
30.332 1
30.3332 1
30.335 1
30.3356 1
30.3374 1
30.3386 1
30.3398 1
30.3416 1
30.3428 1
30.3434 1
30.3452 1
30.3464 1
30.3476 1
30.3494 1
30.3506 1
30.3518 1
30.353 1
30.3548 1
30.3554 1
30.3572 1
30.3584 1
30.3596 1
30.3608 1
30.3626 1
30.3632 1
30.365 1
30.3662 1
30.3674 1
30.3692 1
30.3704 1
30.371 1
30.3728 1
30.374 1
30.3753 1
30.3771 1
30.3783 1
30.3795 1
30.3807 1
30.3825 1
30.3831 1
30.3849 1
30.3861 1
30.3873 1
30.3885 1
30.3903 1
30.3909 1
30.3927 1
30.3939 1
30.3951 1
30.3969 1
30.3981 1
30.3987 1
30.4005 1
30.4017 1
30.4029 1
30.4047 1
30.4059 1
30.4071 1
30.4083 1
30.4095 1
30.4107 1
30.4125 1
30.4137 1
30.4149 1
30.4161 1
30.4179 1
30.4185 1
30.4203 1
30.4215 1
30.4227 1
30.4239 1
30.4257 1
30.4263 1
30.4281 1
30.4293 1
30.4305 1
30.4323 1
30.4335 1
30.4341 1
30.4359 1
30.4371 1
30.4383 1
30.4401 1
30.4413 1
30.4419 1
30.4437 1
30.4449 1
30.4461 1
30.4479 1
30.4491 1
30.4504 1
30.4516 1
30.4528 1
30.454 1
30.4558 1
30.457 1
30.4582 1
30.4594 1
30.4612 1
30.4618 1
30.4636 1
30.4648 1
30.466 1
30.4672 1
30.469 1
30.4696 1
30.4714 1
30.4726 1
30.4738 1
30.475 1
30.4768 1
30.4774 1
30.4792 1
30.4804 1
30.4816 1
30.4834 1
30.4846 1
30.4852 1
30.487 1
30.4882 1
30.4894 1
30.4912 1
30.4924 1
30.493 1
30.4948 1
30.496 1
30.4972 1
30.499 1
30.5002 1
30.5008 1
30.5026 1
30.5038 1
30.505 1
30.5068 1
30.508 1
30.5086 1
30.5104 1
30.5116 1
30.5128 1
30.5146 1
30.5158 1
30.5164 1
30.5182 1
30.5194 1
30.5206 1
30.5224 1
30.5236 1
30.5242 1
30.5261 1
30.5273 1
30.5285 1
30.5303 1
30.5315 1
30.5321 1
30.5339 1
30.5351 1
30.5363 1
30.5381 1
30.5393 1
30.5399 1
30.5417 1
30.5429 1
30.5441 1
30.5459 1
30.5471 1
30.5477 1
30.5495 1
30.5507 1
30.5519 1
30.5537 1
30.5549 1
30.5555 1
30.5573 1
30.5585 1
30.5597 1
30.5615 1
30.5627 1
30.5633 1
30.5651 1
30.5663 1
30.5675 1
30.5693 1
30.5705 1
30.5711 1
30.5729 1
30.5741 1
30.5753 1
30.5771 1
30.5783 1
30.5789 1
30.5807 1
30.5819 1
30.5831 1
30.5849 1
30.5861 1
30.5867 1
30.5885 1
30.5897 1
30.5909 1
30.5921 1
30.5939 1
30.5945 1
30.5963 1
30.5975 1
30.5987 1
30.5999 1
30.6018 1
30.6024 1
30.6042 1
30.6054 1
30.6066 1
30.6078 1
30.609 1
30.6102 1
30.612 1
30.6132 1
30.6144 1
30.6156 1
30.6168 1
30.618 1
30.6198 1
30.621 1
30.6216 1
30.6234 1
30.6246 1
30.6258 1
30.6276 1
30.6288 1
30.6294 1
30.6312 1
30.6324 1
30.6336 1
30.6354 1
30.6366 1
30.6372 1
30.639 1
30.6402 1
30.6414 1
30.6432 1
30.6444 1
30.645 1
30.6468 1
30.648 1
30.6492 1
30.6504 1
30.6516 1
30.6528 1
30.6546 1
30.6558 1
30.657 1
30.6582 1
30.6594 1
30.6606 1
30.6624 1
30.6636 1
30.6642 1
30.666 1
30.6672 1
30.6684 1
30.6702 1
30.6714 1
30.672 1
30.6738 1
30.675 1
30.6763 1
30.6781 1
30.6793 1
30.6799 1
30.6817 1
30.6829 1
30.6841 1
30.6853 1
30.6865 1
30.6877 1
30.6895 1
30.6907 1
30.6913 1
30.6931 1
30.6943 1
30.6955 1
30.6973 1
30.6985 1
30.6991 1
30.7009 1
30.7021 1
30.7033 1
30.7051 1
30.7063 1
30.7069 1
30.7087 1
30.7099 1
30.7111 1
30.7123 1
30.7135 1
30.7147 1
30.7165 1
30.7177 1
30.7183 1
30.7201 1
30.7213 1
30.7225 1
30.7243 1
30.7255 1
30.7261 1
30.7279 1
30.7291 1
30.7303 1
30.7315 1
30.7327 1
30.7339 1
30.7357 1
30.7369 1
30.7381 1
30.7393 1
30.7405 1
30.7417 1
30.7435 1
30.7447 1
30.7453 1
30.7471 1
30.7483 1
30.7495 1
30.7514 1
30.7526 1
30.7532 1
30.755 1
30.7562 1
30.7574 1
30.7586 1
30.7598 1
30.761 1
30.7628 1
30.764 1
30.7646 1
30.7664 1
30.7676 1
30.7688 1
30.7706 1
30.7718 1
30.7724 1
30.7742 1
30.7754 1
30.7766 1
30.7778 1
30.779 1
30.7802 1
30.782 1
30.7832 1
30.7838 1
30.7856 1
30.7868 1
30.788 1
30.7892 1
30.7904 1
30.7916 1
30.7934 1
30.7946 1
30.7952 1
30.797 1
30.7982 1
30.7994 1
30.8012 1
30.8024 1
30.803 1
30.8048 1
30.806 1
30.8072 1
30.8084 1
30.8096 1
30.8108 1
30.8126 1
30.8138 1
30.8144 1
30.8162 1
30.8174 1
30.8186 1
30.8204 1
30.8216 1
30.8222 1
30.824 1
30.8252 1
30.8259 1
30.8277 1
30.8289 1
30.8301 1
30.8319 1
30.8331 1
30.8337 1
30.8355 1
30.8367 1
30.8379 1
30.8391 1
30.8403 1
30.8415 1
30.8433 1
30.8445 1
30.8451 1
30.8469 1
30.8481 1
30.8493 1
30.8511 1
30.8517 1
30.8529 1
30.8547 1
30.8559 1
30.8565 1
30.8583 1
30.8595 1
30.8607 1
30.8625 1
30.8637 1
30.8643 1
30.8661 1
30.8673 1
30.8679 1
30.8697 1
30.8709 1
30.8721 1
30.8739 1
30.8751 1
30.8757 1
30.8775 1
30.8787 1
30.8799 1
30.8811 1
30.8823 1
30.8835 1
30.8853 1
30.8865 1
30.8871 1
30.8889 1
30.8901 1
30.8913 1
30.8925 1
30.8937 1
30.8949 1
30.8967 1
30.8979 1
30.8985 1
30.9003 1
30.9016 1
30.9028 1
30.904 1
30.9052 1
30.9064 1
30.9082 1
30.9094 1
30.91 1
30.9118 1
30.913 1
30.9142 1
30.9154 1
30.9166 1
30.9178 1
30.9196 1
30.9208 1
30.9214 1
30.9232 1
30.9244 1
30.9256 1
30.9268 1
30.928 1
30.9292 1
30.931 1
30.9322 1
30.9328 1
30.9346 1
30.9358 1
30.937 1
30.9382 1
30.9394 1
30.9406 1
30.9424 1
30.9436 1
30.9442 1
30.946 1
30.9472 1
30.9484 1
30.9496 1
30.9508 1
30.952 1
30.9538 1
30.955 1
30.9556 1
30.9574 1
30.9586 1
30.9592 1
30.961 1
30.9622 1
30.9634 1
30.9652 1
30.9664 1
30.967 1
30.9688 1
30.97 1
30.9706 1
30.9724 1
30.9736 1
30.9748 1
30.9767 1
30.9773 1
30.9785 1
30.9803 1
30.9815 1
30.9821 1
30.9839 1
30.9851 1
30.9863 1
30.9875 1
30.9887 1
30.9899 1
30.9917 1
30.9929 1
30.9935 1
30.9953 1
30.9965 1
30.9977 1
30.9989 1
31.0001 1
31.0013 1
31.0031 1
31.0043 1
31.0049 1
31.0067 1
31.0079 1
31.0085 1
31.0103 1
31.0115 1
31.0127 1
31.0145 1
31.0151 1
31.0163 1
31.0181 1
31.0193 1
31.0199 1
31.0217 1
31.0229 1
31.0241 1
31.0253 1
31.0265 1
31.0277 1
31.0295 1
31.0307 1
31.0313 1
31.0331 1
31.0343 1
31.0349 1
31.0367 1
31.0379 1
31.0391 1
31.0409 1
31.0415 1
31.0427 1
31.0445 1
31.0457 1
31.0463 1
31.0481 1
31.0493 1
31.0505 1
31.0518 1
31.053 1
31.0542 1
31.056 1
31.0572 1
31.0578 1
31.0596 1
31.0608 1
31.0614 1
31.0632 1
31.0644 1
31.0656 1
31.0674 1
31.068 1
31.0692 1
31.071 1
31.0722 1
31.0728 1
31.0746 1
31.0758 1
31.0764 1
31.0782 1
31.0794 1
31.0806 1
31.0824 1
31.083 1
31.0842 1
31.086 1
31.0872 1
31.0878 1
31.0896 1
31.0908 1
31.0914 1
31.0932 1
31.0944 1
31.0956 1
31.0974 1
31.098 1
31.0992 1
31.101 1
31.1022 1
31.1028 1
31.1046 1
31.1058 1
31.107 1
31.1082 1
31.1094 1
31.1106 1
31.1124 1
31.113 1
31.1142 1
31.116 1
31.1172 1
31.1178 1
31.1196 1
31.1208 1
31.1214 1
31.1232 1
31.1244 1
31.1256 1
31.1275 1
31.1281 1
31.1293 1
31.1311 1
31.1323 1
31.1329 1
31.1347 1
31.1359 1
31.1365 1
31.1383 1
31.1395 1
31.1407 1
31.1425 1
31.1431 1
31.1443 1
31.1461 1
31.1473 1
31.1479 1
31.1497 1
31.1509 1
31.1515 1
31.1533 1
31.1545 1
31.1557 1
31.1575 1
31.1581 1
31.1593 1
31.1611 1
31.1623 1
31.1629 1
31.1647 1
31.1659 1
31.1665 1
31.1683 1
31.1695 1
31.1707 1
31.1719 1
31.1731 1
31.1743 1
31.1761 1
31.1767 1
31.1779 1
31.1797 1
31.1809 1
31.1815 1
31.1833 1
31.1845 1
31.1851 1
31.1869 1
31.1881 1
31.1893 1
31.1911 1
31.1917 1
31.1929 1
31.1947 1
31.1959 1
31.1965 1
31.1983 1
31.1995 1
31.2001 1
31.202 1
31.2032 1
31.2044 1
31.2056 1
31.2068 1
31.208 1
31.2098 1
31.2104 1
31.2116 1
31.2134 1
31.2146 1
31.2152 1
31.217 1
31.2182 1
31.2188 1
31.2206 1
31.2218 1
31.223 1
31.2242 1
31.2254 1
31.2266 1
31.2284 1
31.229 1
31.2302 1
31.232 1
31.2332 1
31.2338 1
31.2356 1
31.2368 1
31.2374 1
31.2392 1
31.2404 1
31.2416 1
31.2428 1
31.244 1
31.2452 1
31.247 1
31.2476 1
31.2488 1
31.2506 1
31.2518 1
31.2524 1
31.2542 1
31.2554 1
31.256 1
31.2578 1
31.259 1
31.2602 1
31.2614 1
31.2626 1
31.2638 1
31.2656 1
31.2662 1
31.2674 1
31.2692 1
31.2704 1
31.271 1
31.2728 1
31.274 1
31.2746 1
31.2765 1
31.2777 1
31.2783 1
31.2801 1
31.2813 1
31.2825 1
31.2843 1
31.2849 1
31.2861 1
31.2879 1
31.2885 1
31.2897 1
31.2915 1
31.2927 1
31.2933 1
31.2951 1
31.2963 1
31.2969 1
31.2987 1
31.2999 1
31.3005 1
31.3023 1
31.3035 1
31.3047 1
31.3065 1
31.3071 1
31.3083 1
31.3101 1
31.3107 1
31.3119 1
31.3137 1
31.3149 1
31.3155 1
31.3173 1
31.3185 1
31.3191 1
31.3209 1
31.3221 1
31.3227 1
31.3245 1
31.3257 1
31.3269 1
31.3287 1
31.3293 1
31.3305 1
31.3323 1
31.3329 1
31.3341 1
31.3359 1
31.3371 1
31.3377 1
31.3395 1
31.3407 1
31.3413 1
31.3431 1
31.3443 1
31.3449 1
31.3467 1
31.3479 1
31.3491 1
31.3509 1
31.3516 1
31.3528 1
31.3546 1
31.3552 1
31.3564 1
31.3582 1
31.3588 1
31.36 1
31.3618 1
31.363 1
31.3636 1
31.3654 1
31.3666 1
31.3672 1
31.369 1
31.3702 1
31.3708 1
31.3726 1
31.3738 1
31.375 1
31.3768 1
31.3774 1
31.3786 1
31.3804 1
31.381 1
31.3822 1
31.384 1
31.3846 1
31.3858 1
31.3876 1
31.3888 1
31.3894 1
31.3912 1
31.3924 1
31.393 1
31.3948 1
31.396 1
31.3966 1
31.3984 1
31.3996 1
31.4008 1
31.402 1
31.4032 1
31.4044 1
31.4062 1
31.4068 1
31.408 1
31.4098 1
31.4104 1
31.4116 1
31.4134 1
31.4146 1
31.4152 1
31.417 1
31.4182 1
31.4188 1
31.4206 1
31.4218 1
31.4224 1
31.4242 1
31.4254 1
31.426 1
31.4279 1
31.4291 1
31.4303 1
31.4315 1
31.4327 1
31.4339 1
31.4357 1
31.4363 1
31.4375 1
31.4393 1
31.4399 1
31.4411 1
31.4429 1
31.4435 1
31.4447 1
31.4465 1
31.4477 1
31.4483 1
31.4501 1
31.4513 1
31.4519 1
31.4537 1
31.4549 1
31.4555 1
31.4573 1
31.4585 1
31.4591 1
31.4609 1
31.4621 1
31.4633 1
31.4645 1
31.4657 1
31.4669 1
31.4687 1
31.4693 1
31.4705 1
31.4723 1
31.4729 1
31.4741 1
31.4759 1
31.4765 1
31.4777 1
31.4795 1
31.4807 1
31.4813 1
31.4831 1
31.4843 1
31.4849 1
31.4867 1
31.4879 1
31.4885 1
31.4903 1
31.4915 1
31.4921 1
31.4939 1
31.4951 1
31.4957 1
31.4975 1
31.4987 1
31.4999 1
31.5011 1
31.5024 1
31.5036 1
31.5054 1
31.506 1
31.5072 1
31.509 1
31.5096 1
31.5108 1
31.5126 1
31.5132 1
31.5144 1
31.5162 1
31.5168 1
31.518 1
31.5198 1
31.521 1
31.5216 1
31.5234 1
31.5246 1
31.5252 1
31.527 1
31.5282 1
31.5288 1
31.5306 1
31.5318 1
31.5324 1
31.5342 1
31.5354 1
31.536 1
31.5378 1
31.539 1
31.5396 1
31.5414 1
31.5426 1
31.5432 1
31.545 1
31.5462 1
31.5474 1
31.5492 1
31.5498 1
31.551 1
31.5528 1
31.5534 1
31.5546 1
31.5564 1
31.557 1
31.5582 1
31.56 1
31.5606 1
31.5618 1
31.5636 1
31.5642 1
31.5654 1
31.5672 1
31.5678 1
31.569 1
31.5708 1
31.572 1
31.5726 1
31.5744 1
31.5756 1
31.5762 1
31.5781 1
31.5793 1
31.5799 1
31.5817 1
31.5829 1
31.5835 1
31.5853 1
31.5865 1
31.5871 1
31.5889 1
31.5901 1
31.5907 1
31.5925 1
31.5937 1
31.5943 1
31.5961 1
31.5973 1
31.5979 1
31.5997 1
31.6009 1
31.6015 1
31.6033 1
31.6045 1
31.6057 1
31.6069 1
31.6081 1
31.6093 1
31.6111 1
31.6117 1
31.6129 1
31.6147 1
31.6153 1
31.6165 1
31.6183 1
31.6189 1
31.6201 1
31.6219 1
31.6225 1
31.6237 1
31.6255 1
31.6261 1
31.6273 1
31.6291 1
31.6297 1
31.6309 1
31.6327 1
31.6333 1
31.6345 1
31.6363 1
31.6369 1
31.6381 1
31.6399 1
31.6405 1
31.6417 1
31.6435 1
31.6441 1
31.6453 1
31.6471 1
31.6477 1
31.6489 1
31.6507 1
31.652 1
31.6526 1
31.6544 1
31.6556 1
31.6562 1
31.658 1
31.6592 1
31.6598 1
31.6616 1
31.6628 1
31.6634 1
31.6652 1
31.6664 1
31.667 1
31.6688 1
31.67 1
31.6706 1
31.6724 1
31.6736 1
31.6742 1
31.676 1
31.6772 1
31.6778 1
31.6796 1
31.6808 1
31.6814 1
31.6832 1
31.6844 1
31.685 1
31.6868 1
31.688 1
31.6886 1
31.6904 1
31.6916 1
31.6922 1
31.694 1
31.6952 1
31.6958 1
31.6976 1
31.6988 1
31.6994 1
31.7012 1
31.7024 1
31.703 1
31.7048 1
31.706 1
31.7066 1
31.7084 1
31.7096 1
31.7102 1
31.712 1
31.7132 1
31.7138 1
31.7156 1
31.7168 1
31.7174 1
31.7192 1
31.7204 1
31.721 1
31.7228 1
31.724 1
31.7246 1
31.7264 1
31.7277 1
31.7283 1
31.7301 1
31.7313 1
31.7319 1
31.7337 1
31.7349 1
31.7355 1
31.7373 1
31.7385 1
31.7391 1
31.7409 1
31.7421 1
31.7427 1
31.7445 1
31.7457 1
31.7463 1
31.7481 1
31.7493 1
31.7499 1
31.7517 1
31.7529 1
31.7535 1
31.7553 1
31.7565 1
31.7571 1
31.7589 1
31.7601 1
31.7607 1
31.7625 1
31.7637 1
31.7643 1
31.7661 1
31.7673 1
31.7679 1
31.7697 1
31.7709 1
31.7715 1
31.7733 1
31.7745 1
31.7751 1
31.7769 1
31.7781 1
31.7787 1
31.7805 1
31.7817 1
31.7823 1
31.7841 1
31.7853 1
31.7859 1
31.7877 1
31.7889 1
31.7895 1
31.7913 1
31.7925 1
31.7931 1
31.7949 1
31.7961 1
31.7967 1
31.7985 1
31.7997 1
31.8003 1
31.8022 1
31.8028 1
31.804 1
31.8058 1
31.8064 1
31.8076 1
31.8094 1
31.81 1
31.8112 1
31.813 1
31.8136 1
31.8148 1
31.8166 1
31.8172 1
31.8184 1
31.8202 1
31.8208 1
31.822 1
31.8238 1
31.8244 1
31.8256 1
31.8274 1
31.828 1
31.8292 1
31.831 1
31.8316 1
31.8328 1
31.8346 1
31.8352 1
31.8364 1
31.8382 1
31.8388 1
31.84 1
31.8418 1
31.8424 1
31.8436 1
31.8454 1
31.846 1
31.8472 1
31.8484 1
31.8496 1
31.8508 1
31.852 1
31.8532 1
31.8544 1
31.8556 1
31.8568 1
31.858 1
31.8592 1
31.8604 1
31.8616 1
31.8628 1
31.864 1
31.8652 1
31.8664 1
31.8676 1
31.8688 1
31.87 1
31.8712 1
31.8724 1
31.8736 1
31.8748 1
31.876 1
31.8773 1
31.8785 1
31.8797 1
31.8809 1
31.8821 1
31.8833 1
31.8845 1
31.8857 1
31.8869 1
31.8881 1
31.8893 1
31.8905 1
31.8917 1
31.8929 1
31.8941 1
31.8953 1
31.8965 1
31.8977 1
31.8989 1
31.9001 1
31.9013 1
31.9025 1
31.9037 1
31.9049 1
31.9061 1
31.9073 1
31.9085 1
31.9097 1
31.9109 1
31.9121 1
31.9133 1
31.9145 1
31.9157 1
31.9169 1
31.9181 1
31.9193 1
31.9205 1
31.9217 1
31.9229 1
31.9241 1
31.9253 1
31.9265 1
31.9277 1
31.9289 1
31.9301 1
31.9313 1
31.9325 1
31.9337 1
31.9349 1
31.9361 1
31.9373 1
31.9385 1
31.9397 1
31.9409 1
31.9421 1
31.9433 1
31.9445 1
31.9457 1
31.9469 1
31.9481 1
31.9493 1
31.9505 1
31.9517 1
31.953 1
31.9542 1
31.9554 1
31.9566 1
31.9578 1
31.959 1
31.9602 1
31.9614 1
31.9626 1
31.9638 1
31.965 1
31.9662 1
31.9674 1
31.9686 1
31.9698 1
31.971 1
31.9722 1
31.9734 1
31.9746 1
31.9758 1
31.977 1
31.9782 1
31.9794 1
31.9806 1
31.9818 1
31.983 1
31.9842 1
31.9854 1
31.9866 1
31.9878 1
31.989 1
31.9902 1
31.9914 1
31.9926 1
31.9938 1
31.995 1
31.9962 1
31.9974 1
31.9986 1
31.9998 1
32.001 1
32.0022 1
32.0034 1
32.0046 1
32.0058 1
32.007 1
32.0082 1
32.0094 1
32.0106 1
32.0118 1
32.013 1
32.0142 1
32.0154 1
32.0166 1
32.0178 1
32.019 1
32.0202 1
32.0214 1
32.0226 1
32.0238 1
32.025 1
32.0262 1
32.0275 1
32.0287 1
32.0299 1
32.0311 1
32.0323 1
32.0335 1
32.0347 1
32.0359 1
32.0371 1
32.0383 1
32.0395 1
32.0407 1
32.0419 1
32.0431 1
32.0443 1
32.0455 1
32.0467 1
32.0479 1
32.0491 1
32.0503 1
32.0515 1
32.0527 1
32.0539 1
32.0551 1
32.0563 1
32.0575 1
32.0587 1
32.0599 1
32.0611 1
32.0623 1
32.0635 1
32.0647 1
32.0659 1
32.0671 1
32.0683 1
32.0695 1
32.0707 1
32.0719 1
32.0731 1
32.0743 1
32.0755 1
32.0767 1
32.0779 1
32.0791 1
32.0803 1
32.0815 1
32.0827 1
32.0839 1
32.0851 1
32.0863 1
32.0875 1
32.0887 1
32.0899 1
32.0911 1
32.0923 1
32.0935 1
32.0947 1
32.0959 1
32.0971 1
32.0983 1
32.0995 1
32.1007 1
32.1019 1
32.1032 1
32.1044 1
32.1056 1
32.1068 1
32.108 1
32.1092 1
32.1104 1
32.1116 1
32.1128 1
32.114 1
32.1152 1
32.1164 1
32.1176 1
32.1188 1
32.12 1
32.1212 1
32.1224 1
32.1236 1
32.1248 1
32.126 1
32.1272 1
32.1284 1
32.1296 1
32.1308 1
32.132 1
32.1332 1
32.1344 1
32.1356 1
32.1368 1
32.138 1
32.1392 1
32.1404 1
32.1416 1
32.1428 1
32.144 1
32.1452 1
32.1464 1
32.1476 1
32.1488 1
32.15 1
32.1512 1
32.1524 1
32.1536 1
32.1548 1
32.156 1
32.1572 1
32.1584 1
32.1596 1
32.1608 1
32.162 1
32.1632 1
32.1644 1
32.1656 1
32.1668 1
32.168 1
32.1692 1
32.1704 1
32.1716 1
32.1728 1
32.174 1
32.1752 1
32.1764 1
32.1777 1
32.1789 1
32.1801 1
32.1813 1
32.1825 1
32.1837 1
32.1849 1
32.1861 1
32.1873 1
32.1885 1
32.1897 1
32.1909 1
32.1921 1
32.1933 1
32.1945 1
32.1957 1
32.1969 1
32.1981 1
32.1993 1
32.2005 1
32.2017 1
32.2029 1
32.2041 1
32.2053 1
32.2065 1
32.2077 1
32.2089 1
32.2101 1
32.2113 1
32.2125 1
32.2137 1
32.2149 1
32.2161 1
32.2173 1
32.2185 1
32.2197 1
32.2209 1
32.2221 1
32.2233 1
32.2245 1
32.2257 1
32.2269 1
32.2281 1
32.2293 1
32.2305 1
32.2317 1
32.2329 1
32.2341 1
32.2353 1
32.2365 1
32.2377 1
32.2389 1
32.2401 1
32.2413 1
32.2425 1
32.2437 1
32.2449 1
32.2461 1
32.2473 1
32.2485 1
32.2497 1
32.2509 1
32.2521 1
32.2534 1
32.2546 1
32.2558 1
32.257 1
32.2582 1
32.2594 1
32.2606 1
32.2618 1
32.263 1
32.2642 1
32.2654 1
32.2666 1
32.2678 1
32.269 1
32.2702 1
32.2714 1
32.2726 1
32.2738 1
32.275 1
32.2762 1
32.2774 1
32.2786 1
32.2798 1
32.281 1
32.2822 1
32.2834 1
32.2846 1
32.2858 1
32.287 1
32.2882 1
32.2894 1
32.2906 1
32.2918 1
32.293 1
32.2942 1
32.2954 1
32.2966 1
32.2978 1
32.299 1
32.3002 1
32.3014 1
32.3026 1
32.3038 1
32.305 1
32.3062 1
32.3074 1
32.3086 1
32.3098 1
32.311 1
32.3122 1
32.3134 1
32.3146 1
32.3158 1
32.317 1
32.3182 1
32.3194 1
32.3206 1
32.3218 1
32.323 1
32.3242 1
32.3254 1
32.3266 1
32.3279 1
32.3291 1
32.3303 1
32.3315 1
32.3327 1
32.3339 1
32.3351 1
32.3363 1
32.3375 1
32.3387 1
32.3399 1
32.3411 1
32.3423 1
32.3435 1
32.3447 1
32.3459 1
32.3471 1
32.3483 1
32.3495 1
32.3507 1
32.3519 1
32.3531 1
32.3543 1
32.3555 1
32.3567 1
32.3579 1
32.3591 1
32.3603 1
32.3615 1
32.3627 1
32.3639 1
32.3651 1
32.3663 1
32.3675 1
32.3687 1
32.3699 1
32.3711 1
32.3723 1
32.3735 1
32.3747 1
32.3759 1
32.3771 1
32.3783 1
32.3795 1
32.3807 1
32.3819 1
32.3831 1
32.3843 1
32.3855 1
32.3867 1
32.3879 1
32.3891 1
32.3903 1
32.3915 1
32.3927 1
32.3939 1
32.3951 1
32.3963 1
32.3975 1
32.3987 1
32.3999 1
32.4011 1
32.4023 1
32.4036 1
32.4048 1
32.406 1
32.4072 1
32.4084 1
32.4096 1
32.4108 1
32.412 1
32.4132 1
32.4144 1
32.4156 1
32.4168 1
32.418 1
32.4192 1
32.4204 1
32.4216 1
32.4228 1
32.424 1
32.4252 1
32.4264 1
32.4276 1
32.4288 1
32.43 1
32.4312 1
32.4324 1
32.4336 1
32.4348 1
32.436 1
32.4372 1
32.4384 1
32.4396 1
32.4408 1
32.442 1
32.4432 1
32.4444 1
32.4456 1
32.4468 1
32.448 1
32.4492 1
32.4504 1
32.4516 1
32.4528 1
32.454 1
32.4552 1
32.4564 1
32.4576 1
32.4588 1
32.46 1
32.4612 1
32.4624 1
32.4636 1
32.4648 1
32.466 1
32.4672 1
32.4684 1
32.4696 1
32.4708 1
32.472 1
32.4732 1
32.4744 1
32.4756 1
32.4768 1
32.4781 1
32.4793 1
32.4805 1
32.4817 1
32.4829 1
32.4841 1
32.4853 1
32.4865 1
32.4877 1
32.4889 1
32.4901 1
32.4913 1
32.4925 1
32.4937 1
32.4949 1
32.4961 1
32.4973 1
32.4985 1
32.4997 1
32.5009 1
32.5021 1
32.5033 1
32.5045 1
32.5057 1
32.5069 1
32.5081 1
32.5093 1
32.5105 1
32.5117 1
32.5129 1
32.5141 1
32.5153 1
32.5165 1
32.5177 1
32.5189 1
32.5201 1
32.5213 1
32.5225 1
32.5237 1
32.5249 1
32.5261 1
32.5273 1
32.5285 1
32.5297 1
32.5309 1
32.5321 1
32.5333 1
32.5345 1
32.5357 1
32.5369 1
32.5381 1
32.5393 1
32.5405 1
32.5417 1
32.5429 1
32.5441 1
32.5453 1
32.5465 1
32.5477 1
32.5489 1
32.5501 1
32.5513 1
32.5525 1
32.5538 1
32.555 1
32.5562 1
32.5574 1
32.5586 1
32.5598 1
32.561 1
32.5622 1
32.5634 1
32.5646 1
32.5658 1
32.567 1
32.5682 1
32.5694 1
32.5706 1
32.5718 1
32.573 1
32.5742 1
32.5754 1
32.5766 1
32.5778 1
32.579 1
32.5802 1
32.5814 1
32.5826 1
32.5838 1
32.585 1
32.5862 1
32.5874 1
32.5886 1
32.5898 1
32.591 1
32.5922 1
32.5934 1
32.5946 1
32.5958 1
32.597 1
32.5982 1
32.5994 1
32.6006 1
32.6018 1
32.603 1
32.6042 1
32.6054 1
32.6066 1
32.6078 1
32.609 1
32.6102 1
32.6114 1
32.6126 1
32.6138 1
32.615 1
32.6162 1
32.6174 1
32.6186 1
32.6198 1
32.621 1
32.6222 1
32.6234 1
32.6246 1
32.6258 1
32.627 1
32.6283 1
32.6295 1
32.6307 1
32.6319 1
32.6331 1
32.6343 1
32.6355 1
32.6367 1
32.6379 1
32.6391 1
32.6403 1
32.6415 1
32.6427 1
32.6439 1
32.6451 1
32.6463 1
32.6475 1
32.6487 1
32.6499 1
32.6511 1
32.6523 1
32.6535 1
32.6547 1
32.6559 1
32.6571 1
32.6583 1
32.6595 1
32.6607 1
32.6619 1
32.6631 1
32.6643 1
32.6655 1
32.6667 1
32.6679 1
32.6691 1
32.6703 1
32.6715 1
32.6727 1
32.6739 1
32.6751 1
32.6763 1
32.6775 1
32.6787 1
32.6799 1
32.6811 1
32.6823 1
32.6835 1
32.6847 1
32.6859 1
32.6871 1
32.6883 1
32.6895 1
32.6907 1
32.6919 1
32.6931 1
32.6943 1
32.6955 1
32.6967 1
32.6979 1
32.6991 1
32.7003 1
32.7015 1
32.7027 1
32.704 1
32.7052 1
32.7064 1
32.7076 1
32.7088 1
32.71 1
32.7112 1
32.7124 1
32.7136 1
32.7148 1
32.716 1
32.7172 1
32.7184 1
32.7196 1
32.7208 1
32.722 1
32.7232 1
32.7244 1
32.7256 1
32.7268 1
32.728 1
32.7292 1
32.7304 1
32.7316 1
32.7328 1
32.734 1
32.7352 1
32.7364 1
32.7376 1
32.7388 1
32.74 1
32.7412 1
32.7424 1
32.7436 1
32.7448 1
32.746 1
32.7472 1
32.7484 1
32.7496 1
32.7508 1
32.752 1
32.7532 1
32.7544 1
32.7556 1
32.7568 1
32.758 1
32.7592 1
32.7604 1
32.7616 1
32.7628 1
32.764 1
32.7652 1
32.7664 1
32.7676 1
32.7688 1
32.77 1
32.7712 1
32.7724 1
32.7736 1
32.7748 1
32.776 1
32.7772 1
32.7785 1
32.7797 1
32.7809 1
32.7821 1
32.7833 1
32.7845 1
32.7857 1
32.7869 1
32.7881 1
32.7893 1
32.7905 1
32.7917 1
32.7929 1
32.7941 1
32.7953 1
32.7965 1
32.7977 1
32.7989 1
32.8001 1
32.8013 1
32.8025 1
32.8037 1
32.8049 1
32.8061 1
32.8073 1
32.8085 1
32.8097 1
32.8109 1
32.8121 1
32.8133 1
32.8145 1
32.8157 1
32.8169 1
32.8181 1
32.8193 1
32.8205 1
32.8217 1
32.8229 1
32.8241 1
32.8253 1
32.8265 1
32.8277 1
32.8289 1
32.8301 1
32.8313 1
32.8325 1
32.8337 1
32.8349 1
32.8361 1
32.8373 1
32.8385 1
32.8397 1
32.8409 1
32.8421 1
32.8433 1
32.8445 1
32.8457 1
32.8469 1
32.8481 1
32.8493 1
32.8505 1
32.8517 1
32.8529 1
32.8542 1
32.8554 1
32.8566 1
32.8578 1
32.859 1
32.8602 1
32.8614 1
32.8626 1
32.8638 1
32.865 1
32.8662 1
32.8674 1
32.8686 1
32.8698 1
32.871 1
32.8722 1
32.8734 1
32.8746 1
32.8758 1
32.877 1
32.8782 1
32.8794 1
32.8806 1
32.8818 1
32.883 1
32.8842 1
32.8854 1
32.8866 1
32.8878 1
32.889 1
32.8902 1
32.8914 1
32.8926 1
32.8938 1
32.895 1
32.8962 1
32.8974 1
32.8986 1
32.8998 1
32.901 1
32.9022 1
32.9034 1
32.9046 1
32.9058 1
32.907 1
32.9082 1
32.9094 1
32.9106 1
32.9118 1
32.913 1
32.9142 1
32.9154 1
32.9166 1
32.9178 1
32.919 1
32.9202 1
32.9214 1
32.9226 1
32.9238 1
32.925 1
32.9262 1
32.9274 1
32.9287 1
32.9299 1
32.9311 1
32.9323 1
32.9335 1
32.9347 1
32.9359 1
32.9371 1
32.9383 1
32.9395 1
32.9407 1
32.9419 1
32.9431 1
32.9443 1
32.9455 1
32.9467 1
32.9479 1
32.9491 1
32.9503 1
32.9515 1
32.9527 1
32.9539 1
32.9551 1
32.9563 1
32.9575 1
32.9587 1
32.9599 1
32.9611 1
32.9623 1
32.9635 1
32.9647 1
32.9659 1
32.9671 1
32.9683 1
32.9695 1
32.9707 1
32.9719 1
32.9731 1
32.9743 1
32.9755 1
32.9767 1
32.9779 1
32.9791 1
32.9803 1
32.9815 1
32.9827 1
32.9839 1
32.9851 1
32.9863 1
32.9875 1
32.9887 1
32.9899 1
32.9911 1
32.9923 1
32.9935 1
32.9947 1
32.9959 1
32.9971 1
32.9983 1
32.9995 1
33.0007 1
33.0019 1
33.0031 1
33.0044 1
33.0056 1
33.0068 1
33.008 1
33.0092 1
33.0104 1
33.0116 1
33.0128 1
33.014 1
33.0152 1
33.0164 1
33.0176 1
33.0188 1
33.02 1
33.0212 1
33.0224 1
33.0236 1
33.0248 1
33.026 1
33.0272 1
33.0284 1
33.0296 1
33.0308 1
33.032 1
33.0332 1
33.0344 1
33.0356 1
33.0368 1
33.038 1
33.0392 1
33.0404 1
33.0416 1
33.0428 1
33.044 1
33.0452 1
33.0464 1
33.0476 1
33.0488 1
33.05 1
33.0512 1
33.0524 1
33.0536 1
33.0548 1
33.056 1
33.0572 1
33.0584 1
33.0596 1
33.0608 1
33.062 1
33.0632 1
33.0644 1
33.0656 1
33.0668 1
33.068 1
33.0692 1
33.0704 1
33.0716 1
33.0728 1
33.074 1
33.0752 1
33.0764 1
33.0776 1
33.0789 1
33.0801 1
33.0813 1
33.0825 1
33.0837 1
33.0849 1
33.0861 1
33.0873 1
33.0885 1
33.0897 1
33.0909 1
33.0921 1
33.0933 1
33.0945 1
33.0957 1
33.0969 1
33.0981 1
33.0993 1
33.1005 1
33.1017 1
33.1029 1
33.1041 1
33.1053 1
33.1065 1
33.1077 1
33.1089 1
33.1101 1
33.1113 1
33.1125 1
33.1137 1
33.1149 1
33.1161 1
33.1173 1
33.1185 1
33.1197 1
33.1209 1
33.1221 1
33.1233 1
33.1245 1
33.1257 1
33.1269 1
33.1281 1
33.1293 1
33.1305 1
33.1317 1
33.1329 1
33.1341 1
33.1353 1
33.1365 1
33.1377 1
33.1389 1
33.1401 1
33.1413 1
33.1425 1
33.1437 1
33.1449 1
33.1461 1
33.1473 1
33.1485 1
33.1497 1
33.1509 1
33.1521 1
33.1533 1
33.1546 1
33.1558 1
33.157 1
33.1582 1
33.1594 1
33.1606 1
33.1618 1
33.163 1
33.1642 1
33.1654 1
33.1666 1
33.1678 1
33.169 1
33.1702 1
33.1714 1
33.1726 1
33.1738 1
33.175 1
33.1762 1
33.1774 1
33.1786 1
33.1798 1
33.181 1
33.1822 1
33.1834 1
33.1846 1
33.1858 1
33.187 1
33.1882 1
33.1894 1
33.1906 1
33.1918 1
33.193 1
33.1942 1
33.1954 1
33.1966 1
33.1978 1
33.199 1
33.2002 1
33.2014 1
33.2026 1
33.2038 1
33.205 1
33.2062 1
33.2074 1
33.2086 1
33.2098 1
33.211 1
33.2122 1
33.2134 1
33.2146 1
33.2158 1
37.3002 1
37.3002 1
40.0565 1
40.0566 1
40.0566 1
40.0566 1
40.0566 1
40.0566 1
40.0566 1
40.0566 1
40.0566 1
40.0566 1
40.0567 1
40.0567 1
40.0567 1
40.0567 1
40.0567 1
40.0567 1
40.0567 1
40.0567 1
40.0568 1
40.0568 1
40.0568 1
40.0568 1
40.0568 1
40.0568 1
40.0568 1
40.0568 1
40.0569 1
40.0569 1
40.0569 1
40.0569 1
40.0569 1
40.0569 1
40.0569 1
40.0569 1
40.0569 1
40.057 1
40.057 1
40.057 1
40.057 1
40.057 1
40.057 1
40.057 1
40.0571 1
40.0571 1
40.0571 1
40.0571 1
40.0571 1
40.0571 1
40.0571 1
40.0571 1
40.0572 1
40.0572 1
40.0572 1
40.0572 1
40.0572 1
40.0572 1
40.0572 1
40.0572 1
40.0573 1
40.0573 1
40.0573 1
40.0573 1
40.0573 1
40.0573 1
40.0573 1
40.0573 1
40.0573 1
40.0574 1
40.0574 1
40.0574 1
40.0574 1
40.0574 1
40.0574 1
40.0574 1
40.0574 1
40.0575 1
40.0575 1
40.0575 1
40.0575 1
40.0575 1
40.0575 1
40.0575 1
40.0575 1
40.0576 1
40.0576 1
40.0576 1
40.0576 1
40.0576 1
40.0576 1
40.0576 1
40.0576 1
40.0577 1
40.0577 1
40.0577 1
40.0577 1
40.0577 1
40.0577 1
40.0577 1
40.0577 1
40.0578 1
40.0578 1
40.0578 1
40.0578 1
40.0578 1
40.0578 1
40.0578 1
40.0578 1
40.0579 1
40.0579 1
40.0579 1
40.0579 1
40.0579 1
40.0579 1
40.0579 1
40.0579 1
40.0579 1
40.058 1
40.058 1
40.058 1
40.058 1
40.058 1
40.058 1
40.058 1
40.058 1
40.0581 1
40.0581 1
40.0581 1
40.0581 1
40.0581 1
40.0581 1
40.0581 1
40.0581 1
40.0582 1
40.0582 1
40.0582 1
40.0582 1
40.0582 1
40.0582 1
40.0582 1
40.0582 1
40.0583 1
40.0583 1
40.0583 1
40.0583 1
40.0583 1
40.0583 1
40.0583 1
40.0583 1
40.0584 1
40.0584 1
40.0584 1
40.0584 1
40.0584 1
40.0662 1
40.1395 1
40.1911 1
40.2338 1
40.271 1
40.3041 1
40.3341 1
40.3617 1
40.3876 1
40.4122 1
40.4356 1
40.4573 1
40.4783 1
40.4987 1
40.5186 1
40.5372 1
40.5552 1
40.5732 1
40.5907 1
40.6075 1
40.6237 1
40.6399 1
40.6555 1
40.6712 1
40.6862 1
40.7012 1
40.7156 1
40.73 1
40.7439 1
40.7577 1
40.7715 1
40.7847 1
40.7979 1
40.8111 1
40.8238 1
40.8364 1
40.849 1
40.861 1
40.873 1
40.885 1
40.8971 1
40.9085 1
40.9199 1
40.9313 1
40.9427 1
40.9541 1
40.965 1
40.9758 1
40.9866 1
40.9974 1
41.0082 1
41.019 1
41.0298 1
41.0395 1
41.0497 1
41.0599 1
41.0701 1
41.0803 1
41.0905 1
41.1007 1
41.1103 1
41.12 1
41.1296 1
41.1392 1
41.1488 1
41.1584 1
41.168 1
41.1776 1
41.1872 1
41.1963 1
41.2053 1
41.2143 1
41.2233 1
41.2323 1
41.2413 1
41.2503 1
41.2593 1
41.2684 1
41.2774 1
41.2864 1
41.2954 1
41.3032 1
41.3116 1
41.32 1
41.3284 1
41.3368 1
41.3453 1
41.3537 1
