0 0
0.001 0
0.002 0
0.003 0
0.004 0
0.005 0
0.006 0
0.007 0
0.008 0
0.009 0
0.01 0
0.011 0
0.012 0
0.013 0
0.014 0
0.015 0
0.016 0
0.017 0
0.018 0
0.019 0
0.02 0
0.021 0
0.022 0
0.023 0
0.024 0
0.025 0
0.026 0
0.027 0
0.028 0
0.029 0
0.03 0
0.031 0
0.032 0
0.033 0
0.034 0
0.035 0
0.036 0
0.037 0
0.038 0
0.039 0
0.04 0
0.041 0
0.042 0
0.043 0
0.044 0
0.045 0
0.046 0
0.047 0
0.048 0
0.049 0
0.05 0
0.051 0
0.052 0
0.053 0
0.054 0
0.055 0
0.056 0
0.057 0
0.058 0
0.059 0
0.06 0
0.061 0
0.062 0
0.063 0
0.064 0
0.065 0
0.066 0
0.067 0
0.068 0
0.069 0
0.07 0
0.071 0
0.072 0
0.073 0
0.074 0
0.075 0
0.076 0
0.077 0
0.078 0
0.079 0
0.08 0
0.081 0
0.082 0
0.083 0
0.084 0
0.085 0
0.086 0
0.087 0
0.088 0
0.089 0
0.09 0
0.091 0
0.092 0
0.093 0
0.094 0
0.095 0
0.096 0
0.097 0
0.098 0
0.099 0
0.1 0
0.101 0
0.102 0
0.103 0
0.104 0
0.105 0
0.106 0
0.107 0
0.108 0
0.109 0
0.11 0
0.111 0
0.112 0
0.113 0
0.114 0
0.115 0
0.116 0
0.117 0
0.118 0
0.119 0
0.12 0
0.121 0
0.122 0
0.123 0
0.124 0
0.125 0
0.126 0
0.127 0
0.128 0
0.129 0
0.13 0
0.131 0
0.132 0
0.133 0
0.134 0
0.135 0
0.136 0
0.137 0
0.138 0
0.139 0
0.14 0
0.141 0
0.142 0
0.143 0
0.144 0
0.145 0
0.146 0
0.147 0
0.148 0
0.149 0
0.15 0
0.151 0
0.152 0
0.153 0
0.154 0
0.155 0
0.156 0
0.157 0
0.158 0
0.159 0
0.16 0
0.161 0
0.162 0
0.163 0
0.164 0
0.165 0
0.166 0
0.167 0
0.168 0
0.169 0
0.17 0
0.171 0
0.172 0
0.173 0
0.174 0
0.175 0
0.176 0
0.177 0
0.178 0
0.179 0
0.18 0
0.181 0
0.182 0
0.183 0
0.184 0
0.185 0
0.186 0
0.187 0
0.188 0
0.189 0
0.19 0
0.191 0
0.192 0
0.193 0
0.194 0
0.195 0
0.196 0
0.197 0
0.198 0
0.199 0
0.2 0
0.201 0
0.202 0
0.203 0
0.204 0
0.205 0
0.206 0
0.207 0
0.208 0
0.209 0
0.21 0
0.211 0
0.212 0
0.213 0
0.214 0
0.215 0
0.216 0
0.217 0
0.218 0
0.219 0
0.22 0
0.221 0
0.222 0
0.223 0
0.224 0
0.225 0
0.226 0
0.227 0
0.228 0
0.229 0
0.23 0
0.231 0
0.232 0
0.233 0
0.234 0
0.235 0
0.236 0
0.237 0
0.238 0
0.239 0
0.24 0
0.241 0
0.242 0
0.243 0
0.244 0
0.245 0
0.246 0
0.247 0
0.248 0
0.249 0
0.25 0
0.251 0
0.252 0
0.253 0
0.254 0
0.255 0
0.256 0
0.257 0
0.258 0
0.259 0
0.26 0
0.261 0
0.262 0
0.263 0
0.264 0
0.265 0
0.266 0
0.267 0
0.268 0
0.269 0
0.27 0
0.271 0
0.272 0
0.273 0
0.274 0
0.275 0
0.276 0
0.277 0
0.278 0
0.279 0
0.28 0
0.281 0
0.282 0
0.283 0
0.284 0
0.285 0
0.286 0
0.287 0
0.288 0
0.289 0
0.29 0
0.291 0
0.292 0
0.293 0
0.294 0
0.295 0
0.296 0
0.297 0
0.298 0
0.299 0
0.3 0
0.301 0
0.302 0
0.303 0
0.304 0
0.305 0
0.306 0
0.307 0
0.308 0
0.309 0
0.31 0
0.311 0
0.312 0
0.313 0
0.314 0
0.315 0
0.316 0
0.317 0
0.318 0
0.319 0
0.32 0
0.321 0
0.322 0
0.323 0
0.324 0
0.325 0
0.326 0
0.327 0
0.328 0
0.329 0
0.33 0
0.331 0
0.332 0
0.333 0
0.334 0
0.335 0
0.336 0
0.337 0
0.338 0
0.339 0
0.34 0
0.341 0
0.342 0
0.343 0
0.344 0
0.345 0
0.346 0
0.347 0
0.348 0
0.349 0
0.35 0
0.351 0
0.352 0
0.353 0
0.354 0
0.355 0
0.356 0
0.357 0
0.358 0
0.359 0
0.36 0
0.361 0
0.362 0
0.363 0
0.364 0
0.365 0
0.366 0
0.367 0
0.368 0
0.369 0
0.37 0
0.371 0
0.372 0
0.373 0
0.374 0
0.375 0
0.376 0
0.377 0
0.378 0
0.379 0
0.38 0
0.381 0
0.382 0
0.383 0
0.384 0
0.385 0
0.386 0
0.387 0
0.388 0
0.389 0
0.39 0
0.391 0
0.392 0
0.393 0
0.394 0
0.395 0
0.396 0
0.397 0
0.398 0
0.399 0
0.4 0
0.401 0
0.402 0
0.403 0
0.404 0
0.405 0
0.406 0
0.407 0
0.408 0
0.409 0
0.41 0
0.411 0
0.412 0
0.413 0
0.414 0
0.415 0
0.416 0
0.417 0
0.418 0
0.419 0
0.42 0
0.421 0
0.422 0
0.423 0
0.424 0
0.425 0
0.426 0
0.427 0
0.428 0
0.429 0
0.43 0
0.431 0
0.432 0
0.433 0
0.434 0
0.435 0
0.436 0
0.437 0
0.438 0
0.439 0
0.44 0
0.441 0
0.442 0
0.443 0
0.444 0
0.445 0
0.446 0
0.447 0
0.448 0
0.449 0
0.45 0
0.451 0
0.452 0
0.453 0
0.454 0
0.455 0
0.456 0
0.457 0
0.458 0
0.459 0
0.46 0
0.461 0
0.462 0
0.463 0
0.464 0
0.465 0
0.466 0
0.467 0
0.468 0
0.469 0
0.47 0
0.471 0
0.472 0
0.473 0
0.474 0
0.475 0
0.476 0
0.477 0
0.478 0
0.479 0
0.48 0
0.481 0
0.482 0
0.483 0
0.484 0
0.485 0
0.486 0
0.487 0
0.488 0
0.489 0
0.49 0
0.491 0
0.492 0
0.493 0
0.494 0
0.495 0
0.496 0
0.497 0
0.498 0
0.499 0
0.5 0
0.501 0
0.502 0
0.503 0
0.504 0
0.505 0
0.506 0
0.507 0
0.508 0
0.509 0
0.51 0
0.511 0
0.512 0
0.513 0
0.514 0
0.515 0
0.516 0
0.517 0
0.518 0
0.519 0
0.52 0
0.521 0
0.522 0
0.523 0
0.524 0
0.525 0
0.526 0
0.527 0
0.528 0
0.529 0
0.53 0
0.531 0
0.532 0
0.533 0
0.534 0
0.535 0
0.536 0
0.537 0
0.538 0
0.539 0
0.54 0
0.541 0
0.542 0
0.543 0
0.544 0
0.545 0
0.546 0
0.547 0
0.548 0
0.549 0
0.55 0
0.551 0
0.552 0
0.553 0
0.554 0
0.555 0
0.556 0
0.557 0
0.558 0
0.559 0
0.56 0
0.561 0
0.562 0
0.563 0
0.564 0
0.565 0
0.566 0
0.567 0
0.568 0
0.569 0
0.57 0
0.571 0
0.572 0
0.573 0
0.574 0
0.575 0
0.576 0
0.577 0
0.578 0
0.579 0
0.58 0
0.581 0
0.582 0
0.583 0
0.584 0
0.585 0
0.586 0
0.587 0
0.588 0
0.589 0
0.59 0
0.591 0
0.592 0
0.593 0
0.594 0
0.595 0
0.596 0
0.597 0
0.598 0
0.599 0
0.6 0
0.601 0
0.602 0
0.603 0
0.604 0
0.605 0
0.606 0
0.607 0
0.608 0
0.609 0
0.61 0
0.611 0
0.612 0
0.613 0
0.614 0
0.615 0
0.616 0
0.617 0
0.618 0
0.619 0
0.62 0
0.621 0
0.622 0
0.623 0
0.624 0
0.625 0
0.626 0
0.627 0
0.628 0
0.629 0
0.63 0
0.631 0
0.632 0
0.633 0
0.634 0
0.635 0
0.636 0
0.637 0
0.638 0
0.639 0
0.64 0
0.641 0
0.642 0
0.643 0
0.644 0
0.645 0
0.646 0
0.647 0
0.648 0
0.649 0
0.65 0
0.651 0
0.652 0
0.653 0
0.654 0
0.655 0
0.656 0
0.657 0
0.658 0
0.659 0
0.66 0
0.661 0
0.662 0
0.663 0
0.664 0
0.665 0
0.666 0
0.667 0
0.668 0
0.669 0
0.67 0
0.671 0
0.672 0
0.673 0
0.674 0
0.675 0
0.676 0
0.677 0
0.678 0
0.679 0
0.68 0
0.681 0
0.682 0
0.683 0
0.684 0
0.685 0
0.686 0
0.687 0
0.688 0
0.689 0
0.69 0
0.691 0
0.692 0
0.693 0
0.694 0
0.695 0
0.696 0
0.697 0
0.698 0
0.699 0
0.7 0
0.701 0
0.702 0
0.703 0
0.704 0
0.705 0
0.706 0
0.707 0
0.708 0
0.709 0
0.71 0
0.711 0
0.712 0
0.713 0
0.714 0
0.715 0
0.716 0
0.717 0
0.718 0
0.719 0
0.72 0
0.721 0
0.722 0
0.723 0
0.724 0
0.725 0
0.726 0
0.727 0
0.728 0
0.729 0
0.73 0
0.731 0
0.732 0
0.733 0
0.734 0
0.735 0
0.736 0
0.737 0
0.738 0
0.739 0
0.74 0
0.741 0
0.742 0
0.743 0
0.744 0
0.745 0
0.746 0
0.747 0
0.748 0
0.749 0
0.75 0
0.751 0
0.752 0
0.753 0
0.754 0
0.755 0
0.756 0
0.757 0
0.758 0
0.759 0
0.76 0
0.761 0
0.762 0
0.763 0
0.764 0
0.765 0
0.766 0
0.767 0
0.768 0
0.769 0
0.77 0
0.771 0
0.772 0
0.773 0
0.774 0
0.775 0
0.776 0
0.777 0
0.778 0
0.779 0
0.78 0
0.781 0
0.782 0
0.783 0
0.784 0
0.785 0
0.786 0
0.787 0
0.788 0
0.789 0
0.79 0
0.791 0
0.792 0
0.793 0
0.794 0
0.795 0
0.796 0
0.797 0
0.798 0
0.799 0
0.8 0
0.801 0
0.802 0
0.803 0
0.804 0
0.805 0
0.806 0
0.807 0
0.808 0
0.809 0
0.81 0
0.811 0
0.812 0
0.813 0
0.814 0
0.815 0
0.816 0
0.817 0
0.818 0
0.819 0
0.82 0
0.821 0
0.822 0
0.823 0
0.824 0
0.825 0
0.826 0
0.827 0
0.828 0
0.829 0
0.83 0
0.831 0
0.832 0
0.833 0
0.834 0
0.835 0
0.836 0
0.837 0
0.838 0
0.839 0
0.84 0
0.841 0
0.842 0
0.843 0
0.844 0
0.845 0
0.846 0
0.847 0
0.848 0
0.849 0
0.85 0
0.851 0
0.852 0
0.853 0
0.854 0
0.855 0
0.856 0
0.857 0
0.858 0
0.859 0
0.86 0
0.861 0
0.862 0
0.863 0
0.864 0
0.865 0
0.866 0
0.867 0
0.868 0
0.869 0
0.87 0
0.871 0
0.872 0
0.873 0
0.874 0
0.875 0
0.876 0
0.877 0
0.878 0
0.879 0
0.88 0
0.881 0
0.882 0
0.883 0
0.884 0
0.885 0
0.886 0
0.887 0
0.888 0
0.889 0
0.89 0
0.891 0
0.892 0
0.893 0
0.894 0
0.895 0
0.896 0
0.897 0
0.898 0
0.899 0
0.9 0
0.901 0
0.902 0
0.903 0
0.904 0
0.905 0
0.906 0
0.907 0
0.908 0
0.909 0
0.91 0
0.911 0
0.912 0
0.913 0
0.914 0
0.915 0
0.916 0
0.917 0
0.918 0
0.919 0
0.92 0
0.921 0
0.922 0
0.923 0
0.924 0
0.925 0
0.926 0
0.927 0
0.928 0
0.929 0
0.93 0
0.931 0
0.932 0
0.933 0
0.934 0
0.935 0
0.936 0
0.937 0
0.938 0
0.939 0
0.94 0
0.941 0
0.942 0
0.943 0
0.944 0
0.945 0
0.946 0
0.947 0
0.948 0
0.949 0
0.95 0
0.951 0
0.952 0
0.953 0
0.954 0
0.955 0
0.956 0
0.957 0
0.958 0
0.959 0
0.96 0
0.961 0
0.962 0
0.963 0
0.964 0
0.965 0
0.966 0
0.967 0
0.968 0
0.969 0
0.97 0
0.971 0
0.972 0
0.973 0
0.974 0
0.975 0
0.976 0
0.977 0
0.978 0
0.979 0
0.98 0
0.981 0
0.982 0
0.983 0
0.984 0
0.985 0
0.986 0
0.987 0
0.988 0
0.989 0
0.99 0
0.991 0
0.992 0
0.993 0
0.994 0
0.995 0
0.996 0
0.997 0
0.998 0
0.999 0
1 0
1.001 0
1.002 0
1.003 0
1.004 0
1.005 0
1.006 0
1.007 0
1.008 0
1.009 0
1.01 0
1.011 0
1.012 0
1.013 0
1.014 0
1.015 0
1.016 0
1.017 0
1.018 0
1.019 0
1.02 0
1.021 0
1.022 0
1.023 0
1.024 0
1.025 0
1.026 0
1.027 0
1.028 0
1.029 0
1.03 0
1.031 0
1.032 0
1.033 0
1.034 0
1.035 0
1.036 0
1.037 0
1.038 0
1.039 0
1.04 0
1.041 0
1.042 0
1.043 0
1.044 0
1.045 0
1.046 0
1.047 0
1.048 0
1.049 0
1.05 0
1.051 0
1.052 0
1.053 0
1.054 0
1.055 0
1.056 0
1.057 0
1.058 0
1.059 0
1.06 0
1.061 0
1.062 0
1.063 0
1.064 0
1.065 0
1.066 0
1.067 0
1.068 0
1.069 0
1.07 0
1.071 0
1.072 0
1.073 0
1.074 0
1.075 0
1.076 0
1.077 0
1.078 0
1.079 0
1.08 0
1.081 0
1.082 0
1.083 0
1.084 0
1.085 0
1.086 0
1.087 0
1.088 0
1.089 0
1.09 0
1.091 0
1.092 0
1.093 0
1.094 0
1.095 0
1.096 0
1.097 0
1.098 0
1.099 0
1.1 0
1.101 0
1.102 0
1.103 0
1.104 0
1.105 0
1.106 0
1.107 0
1.108 0
1.109 0
1.11 0
1.111 0
1.112 0
1.113 0
1.114 0
1.115 0
1.116 0
1.117 0
1.118 0
1.119 0
1.12 0
1.121 0
1.122 0
1.123 0
1.124 0
1.125 0
1.126 0
1.127 0
1.128 0
1.129 0
1.13 0
1.131 0
1.132 0
1.133 0
1.134 0
1.135 0
1.136 0
1.137 0
1.138 0
1.139 0
1.14 0
1.141 0
1.142 0
1.143 0
1.144 0
1.145 0
1.146 0
1.147 0
1.148 0
1.149 0
1.15 0
1.151 0
1.152 0
1.153 0
1.154 0
1.155 0
1.156 0
1.157 0
1.158 0
1.159 0
1.16 0
1.161 0
1.162 0
1.163 0
1.164 0
1.165 0
1.166 0
1.167 0
1.168 0
1.169 0
1.17 0
1.171 0
1.172 0
1.173 0
1.174 0
1.175 0
1.176 0
1.177 0
1.178 0
1.179 0
1.18 0
1.181 0
1.182 0
1.183 0
1.184 0
1.185 0
1.186 0
1.187 0
1.188 0
1.189 0
1.19 0
1.191 0
1.192 0
1.193 0
1.194 0
1.195 0
1.196 0
1.197 0
1.198 0
1.199 0
1.2 0
1.201 0
1.202 0
1.203 0
1.204 0
1.205 0
1.206 0
1.207 0
1.208 0
1.209 0
1.21 0
1.211 0
1.212 0
1.213 0
1.214 0
1.215 0
1.216 0
1.217 0
1.218 0
1.219 0
1.22 0
1.221 0
1.222 0
1.223 0
1.224 0
1.225 0
1.226 0
1.227 0
1.228 0
1.229 0
1.23 0
1.231 0
1.232 0
1.233 0
1.234 0
1.235 0
1.236 0
1.237 0
1.238 0
1.239 0
1.24 0
1.241 0
1.242 0
1.243 0
1.244 0
1.245 0
1.246 0
1.247 0
1.248 0
1.249 0
1.25 0
1.251 0
1.252 0
1.253 0
1.254 0
1.255 0
1.256 0
1.257 0
1.258 0
1.259 0
1.26 0
1.261 0
1.262 0
1.263 0
1.264 0
1.265 0
1.266 0
1.267 0
1.268 0
1.269 0
1.27 0
1.271 0
1.272 0
1.273 0
1.274 0
1.275 0
1.276 0
1.277 0
1.278 0
1.279 0
1.28 0
1.281 0
1.282 0
1.283 0
1.284 0
1.285 0
1.286 0
1.287 0
1.288 0
1.289 0
1.29 0
1.291 0
1.292 0
1.293 0
1.294 0
1.295 0
1.296 0
1.297 0
1.298 0
1.299 0
1.3 0
1.301 0
1.302 0
1.303 0
1.304 0
1.305 0
1.306 0
1.307 0
1.308 0
1.309 0
1.31 0
1.311 0
1.312 0
1.313 0
1.314 0
1.315 0
1.316 0
1.317 0
1.318 0
1.319 0
1.32 0
1.321 0
1.322 0
1.323 0
1.324 0
1.325 0
1.326 0
1.327 0
1.328 0
1.329 0
1.33 0
1.331 0
1.332 0
1.333 0
1.334 0
1.335 0
1.336 0
1.337 0
1.338 0
1.339 0
1.34 0
1.341 0
1.342 0
1.343 0
1.344 0
1.345 0
1.346 0
1.347 0
1.348 0
1.349 0
1.35 0
1.351 0
1.352 0
1.353 0
1.354 0
1.355 0
1.356 0
1.357 0
1.358 0
1.359 0
1.36 0
1.361 0
1.362 0
1.363 0
1.364 0
1.365 0
1.366 0
1.367 0
1.368 0
1.369 0
1.37 0
1.371 0
1.372 0
1.373 0
1.374 0
1.375 0
1.376 0
1.377 0
1.378 0
1.379 0
1.38 0
1.381 0
1.382 0
1.383 0
1.384 0
1.385 0
1.386 0
1.387 0
1.388 0
1.389 0
1.39 0
1.391 0
1.392 0
1.393 0
1.394 0
1.395 0
1.396 0
1.397 0
1.398 0
1.399 0
1.4 0
1.401 0
1.402 0
1.403 0
1.404 0
1.405 0
1.406 0
1.407 0
1.408 0
1.409 0
1.41 0
1.411 0
1.412 0
1.413 0
1.414 0
1.415 0
1.416 0
1.417 0
1.418 0
1.419 0
1.42 0
1.421 0
1.422 0
1.423 0
1.424 0
1.425 0
1.426 0
1.427 0
1.428 0
1.429 0
1.43 0
1.431 0
1.432 0
1.433 0
1.434 0
1.435 0
1.436 0
1.437 0
1.438 0
1.439 0
1.44 0
1.441 0
1.442 0
1.443 0
1.444 0
1.445 0
1.446 0
1.447 0
1.448 0
1.449 0
1.45 0
1.451 0
1.452 0
1.453 0
1.454 0
1.455 0
1.456 0
1.457 0
1.458 0
1.459 0
1.46 0
1.461 0
1.462 0
1.463 0
1.464 0
1.465 0
1.466 0
1.467 0
1.468 0
1.469 0
1.47 0
1.471 0
1.472 0
1.473 0
1.474 0
1.475 0
1.476 0
1.477 0
1.478 0
1.479 0
1.48 0
1.481 0
1.482 0
1.483 0
1.484 0
1.485 0
1.486 0
1.487 0
1.488 0
1.489 0
1.49 0
1.491 0
1.492 0
1.493 0
1.494 0
1.495 0
1.496 0
1.497 0
1.498 0
1.499 0
1.5 0
1.501 0
1.502 0
1.503 0
1.504 0
1.505 0
1.506 0
1.507 0
1.508 0
1.509 0
1.51 0
1.511 0
1.512 0
1.513 0
1.514 0
1.515 0
1.516 0
1.517 0
1.518 0
1.519 0
1.52 0
1.521 0
1.522 0
1.523 0
1.524 0
1.525 0
1.526 0
1.527 0
1.528 0
1.529 0
1.53 0
1.531 0
1.532 0
1.533 0
1.534 0
1.535 0
1.536 0
1.537 0
1.538 0
1.539 0
1.54 0
1.541 0
1.542 0
1.543 0
1.544 0
1.545 0
1.546 0
1.547 0
1.548 0
1.549 0
1.55 0
1.551 0
1.552 0
1.553 0
1.554 0
1.555 0
1.556 0
1.557 0
1.558 0
1.559 0
1.56 0
1.561 0
1.562 0
1.563 0
1.564 0
1.565 0
1.566 0
1.567 0
1.568 0
1.569 0
1.57 0
1.571 0
1.572 0
1.573 0
1.574 0
1.575 0
1.576 0
1.577 0
1.578 0
1.579 0
1.58 0
1.581 0
1.582 0
1.583 0
1.584 0
1.585 0
1.586 0
1.587 0
1.588 0
1.589 0
1.59 0
1.591 0
1.592 0
1.593 0
1.594 0
1.595 0
1.596 0
1.597 0
1.598 0
1.599 0
1.6 0
1.601 0
1.602 0
1.603 0
1.604 0
1.605 0
1.606 0
1.607 0
1.608 0
1.609 0
1.61 0
1.611 0
1.612 0
1.613 0
1.614 0
1.615 0
1.616 0
1.617 0
1.618 0
1.619 0
1.62 0
1.621 0
1.622 0
1.623 0
1.624 0
1.625 0
1.626 0
1.627 0
1.628 0
1.629 0
1.63 0
1.631 0
1.632 0
1.633 0
1.634 0
1.635 0
1.636 0
1.637 0
1.638 0
1.639 0
1.64 0
1.641 0
1.642 0
1.643 0
1.644 0
1.645 0
1.646 0
1.647 0
1.648 0
1.649 0
1.65 0
1.651 0
1.652 0
1.653 0
1.654 0
1.655 0
1.656 0
1.657 0
1.658 0
1.659 0
1.66 0
1.661 0
1.662 0
1.663 0
1.664 0
1.665 0
1.666 0
1.667 0
1.668 0
1.669 0
1.67 0
1.671 0
1.672 0
1.673 0
1.674 0
1.675 0
1.676 0
1.677 0
1.678 0
1.679 0
1.68 0
1.681 0
1.682 0
1.683 0
1.684 0
1.685 0
1.686 0
1.687 0
1.688 0
1.689 0
1.69 0
1.691 0
1.692 0
1.693 0
1.694 0
1.695 0
1.696 0
1.697 0
1.698 0
1.699 0
1.7 0
1.701 0
1.702 0
1.703 0
1.704 0
1.705 0
1.706 0
1.707 0
1.708 0
1.709 0
1.71 0
1.711 0
1.712 0
1.713 0
1.714 0
1.715 0
1.716 0
1.717 0
1.718 0
1.719 0
1.72 0
1.721 0
1.722 0
1.723 0
1.724 0
1.725 0
1.726 0
1.727 0
1.728 0
1.729 0
1.73 0
1.731 0
1.732 0
1.733 0
1.734 0
1.735 0
1.736 0
1.737 0
1.738 0
1.739 0
1.74 0
1.741 0
1.742 0
1.743 0
1.744 0
1.745 0
1.746 0
1.747 0
1.748 0
1.749 0
1.75 0
1.751 0
1.752 0
1.753 0
1.754 0
1.755 0
1.756 0
1.757 0
1.758 0
1.759 0
1.76 0
1.761 0
1.762 0
1.763 0
1.764 0
1.765 0
1.766 0
1.767 0
1.768 0
1.769 0
1.77 0
1.771 0
1.772 0
1.773 0
1.774 0
1.775 0
1.776 0
1.777 0
1.778 0
1.779 0
1.78 0
1.781 0
1.782 0
1.783 0
1.784 0
1.785 0
1.786 0
1.787 0
1.788 0
1.789 0
1.79 0
1.791 0
1.792 0
1.793 0
1.794 0
1.795 0
1.796 0
1.797 0
1.798 0
1.799 0
1.8 0
1.801 0
1.802 0
1.803 0
1.804 0
1.805 0
1.806 0
1.807 0
1.808 0
1.809 0
1.81 0
1.811 0
1.812 0
1.813 0
1.814 0
1.815 0
1.816 0
1.817 0
1.818 0
1.819 0
1.82 0
1.821 0
1.822 0
1.823 0
1.824 0
1.825 0
1.826 0
1.827 0
1.828 0
1.829 0
1.83 0
1.831 0
1.832 0
1.833 0
1.834 0
1.835 0
1.836 0
1.837 0
1.838 0
1.839 0
1.84 0
1.841 0
1.842 0
1.843 0
1.844 0
1.845 0
1.846 0
1.847 0
1.848 0
1.849 0
1.85 0
1.851 0
1.852 0
1.853 0
1.854 0
1.855 0
1.856 0
1.857 0
1.858 0
1.859 0
1.86 0
1.861 0
1.862 0
1.863 0
1.864 0
1.865 0
1.866 0
1.867 0
1.868 0
1.869 0
1.87 0
1.871 0
1.872 0
1.873 0
1.874 0
1.875 0
1.876 0
1.877 0
1.878 0
1.879 0
1.88 0
1.881 0
1.882 0
1.883 0
1.884 0
1.885 0
1.886 0
1.887 0
1.888 0
1.889 0
1.89 0
1.891 0
1.892 0
1.893 0
1.894 0
1.895 0
1.896 0
1.897 0
1.898 0
1.899 0
1.9 0
1.901 0
1.902 0
1.903 0
1.904 0
1.905 0
1.906 0
1.907 0
1.908 0
1.909 0
1.91 0
1.911 0
1.912 0
1.913 0
1.914 0
1.915 0
1.916 0
1.917 0
1.918 0
1.919 0
1.92 0
1.921 0
1.922 0
1.923 0
1.924 0
1.925 0
1.926 0
1.927 0
1.928 0
1.929 0
1.93 0
1.931 0
1.932 0
1.933 0
1.934 0
1.935 0
1.936 0
1.937 0
1.938 0
1.939 0
1.94 0
1.941 0
1.942 0
1.943 0
1.944 0
1.945 0
1.946 0
1.947 0
1.948 0
1.949 0
1.95 0
1.951 0
1.952 0
1.953 0
1.954 0
1.955 0
1.956 0
1.957 0
1.958 0
1.959 0
1.96 0
1.961 0
1.962 0
1.963 0
1.964 0
1.965 0
1.966 0
1.967 0
1.968 0
1.969 0
1.97 0
1.971 0
1.972 0
1.973 0
1.974 0
1.975 0
1.976 0
1.977 0
1.978 0
1.979 0
1.98 0
1.981 0
1.982 0
1.983 0
1.984 0
1.985 0
1.986 0
1.987 0
1.988 0
1.989 0
1.99 0
1.991 0
1.992 0
1.993 0
1.994 0
1.995 0
1.996 0
1.997 0
1.998 0
1.999 0
2 0
2.001 0
2.002 0
2.003 0
2.004 0
2.005 0
2.006 0
2.007 0
2.008 0
2.009 0
2.01 0
2.011 0
2.012 0
2.013 0
2.014 0
2.015 0
2.016 0
2.017 0
2.018 0
2.019 0
2.02 0
2.021 0
2.022 0
2.023 0
2.024 0
2.025 0
2.026 0
2.027 0
2.028 0
2.029 0
2.03 0
2.031 0
2.032 0
2.033 0
2.034 0
2.035 0
2.036 0
2.037 0
2.038 0
2.039 0
2.04 0
2.041 0
2.042 0
2.043 0
2.044 0
2.045 0
2.046 0
2.047 0
2.048 0
2.049 0
2.05 0
2.051 0
2.052 0
2.053 0
2.054 0
2.055 0
2.056 0
2.057 0
2.058 0
2.059 0
2.06 0
2.061 0
2.062 0
2.063 0
2.064 0
2.065 0
2.066 0
2.067 0
2.068 0
2.069 0
2.07 0
2.071 0
2.072 0
2.073 0
2.074 0
2.075 0
2.076 0
2.077 0
2.078 0
2.079 0
2.08 0
2.081 0
2.082 0
2.083 0
2.084 0
2.085 0
2.086 0
2.087 0
2.088 0
2.089 0
2.09 0
2.091 0
2.092 0
2.093 0
2.094 0
2.095 0
2.096 0
2.097 0
2.098 0
2.099 0
2.1 0
2.101 0
2.102 0
2.103 0
2.104 0
2.105 0
2.106 0
2.107 0
2.108 0
2.109 0
2.11 0
2.111 0
2.112 0
2.113 0
2.114 0
2.115 0
2.116 0
2.117 0
2.118 0
2.119 0
2.12 0
2.121 0
2.122 0
2.123 0
2.124 0
2.125 0
2.126 0
2.127 0
2.128 0
2.129 0
2.13 0
2.131 0
2.132 0
2.133 0
2.134 0
2.135 0
2.136 0
2.137 0
2.138 0
2.139 0
2.14 0
2.141 0
2.142 0
2.143 0
2.144 0
2.145 0
2.146 0
2.147 0
2.148 0
2.149 0
2.15 0
2.151 0
2.152 0
2.153 0
2.154 0
2.155 0
2.156 0
2.157 0
2.158 0
2.159 0
2.16 0
2.161 0
2.162 0
2.163 0
2.164 0
2.165 0
2.166 0
2.167 0
2.168 0
2.169 0
2.17 0
2.171 0
2.172 0
2.173 0
2.174 0
2.175 0
2.176 0
2.177 0
2.178 0
2.179 0
2.18 0
2.181 0
2.182 0
2.183 0
2.184 0
2.185 0
2.186 0
2.187 0
2.188 0
2.189 0
2.19 0
2.191 0
2.192 0
2.193 0
2.194 0
2.195 0
2.196 0
2.197 0
2.198 0
2.199 0
2.2 0
2.201 0
2.202 0
2.203 0
2.204 0
2.205 0
2.206 0
2.207 0
2.208 0
2.209 0
2.21 0
2.211 0
2.212 0
2.213 0
2.214 0
2.215 0
2.216 0
2.217 0
2.218 0
2.219 0
2.22 0
2.221 0
2.222 0
2.223 0
2.224 0
2.225 0
2.226 0
2.227 0
2.228 0
2.229 0
2.23 0
2.231 0
2.232 0
2.233 0
2.234 0
2.235 0
2.236 0
2.237 0
2.238 0
2.239 0
2.24 0
2.241 0
2.242 0
2.243 0
2.244 0
2.245 0
2.246 0
2.247 0
2.248 0
2.249 0
2.25 0
2.251 0
2.252 0
2.253 0
2.254 0
2.255 0
2.256 0
2.257 0
2.258 0
2.259 0
2.26 0
2.261 0
2.262 0
2.263 0
2.264 0
2.265 0
2.266 0
2.267 0
2.268 0
2.269 0
2.27 0
2.271 0
2.272 0
2.273 0
2.274 0
2.275 0
2.276 0
2.277 0
2.278 0
2.279 0
2.28 0
2.281 0
2.282 0
2.283 0
2.284 0
2.285 0
2.286 0
2.287 0
2.288 0
2.289 0
2.29 0
2.291 0
2.292 0
2.293 0
2.294 0
2.295 0
2.296 0
2.297 0
2.298 0
2.299 0
2.3 0
2.301 0
2.302 0
2.303 0
2.304 0
2.305 0
2.306 0
2.307 0
2.308 0
2.309 0
2.31 0
2.311 0
2.312 0
2.313 0
2.314 0
2.315 0
2.316 0
2.317 0
2.318 0
2.319 0
2.32 0
2.321 0
2.322 0
2.323 0
2.324 0
2.325 0
2.326 0
2.327 0
2.328 0
2.329 0
2.33 0
2.331 0
2.332 0
2.333 0
2.334 0
2.335 0
2.336 0
2.337 0
2.338 0
2.339 0
2.34 0
2.341 0
2.342 0
2.343 0
2.344 0
2.345 0
2.346 0
2.347 0
2.348 0
2.349 0
2.35 0
2.351 0
2.352 0
2.353 0
2.354 0
2.355 0
2.356 0
2.357 0
2.358 0
2.359 0
2.36 0
2.361 0
2.362 0
2.363 0
2.364 0
2.365 0
2.366 0
2.367 0
2.368 0
2.369 0
2.37 0
2.371 0
2.372 0
2.373 0
2.374 0
2.375 0
2.376 0
2.377 0
2.378 0
2.379 0
2.38 0
2.381 0
2.382 0
2.383 0
2.384 0
2.385 0
2.386 0
2.387 0
2.388 0
2.389 0
2.39 0
2.391 0
2.392 0
2.393 0
2.394 0
2.395 0
2.396 0
2.397 0
2.398 0
2.399 0
2.4 0
2.401 0
2.402 0
2.403 0
2.404 0
2.405 0
2.406 0
2.407 0
2.408 0
2.409 0
2.41 0
2.411 0
2.412 0
2.413 0
2.414 0
2.415 0
2.416 0
2.417 0
2.418 0
2.419 0
2.42 0
2.421 0
2.422 0
2.423 0
2.424 0
2.425 0
2.426 0
2.427 0
2.428 0
2.429 0
2.43 0
2.431 0
2.432 0
2.433 0
2.434 0
2.435 0
2.436 0
2.437 0
2.438 0
2.439 0
2.44 0
2.441 0
2.442 0
2.443 0
2.444 0
2.445 0
2.446 0
2.447 0
2.448 0
2.449 0
2.45 0
2.451 0
2.452 0
2.453 0
2.454 0
2.455 0
2.456 0
2.457 0
2.458 0
2.459 0
2.46 0
2.461 0
2.462 0
2.463 0
2.464 0
2.465 0
2.466 0
2.467 0
2.468 0
2.469 0
2.47 0
2.471 0
2.472 0
2.473 0
2.474 0
2.475 0
2.476 0
2.477 0
2.478 0
2.479 0
2.48 0
2.481 0
2.482 0
2.483 0
2.484 0
2.485 0
2.486 0
2.487 0
2.488 0
2.489 0
2.49 0
2.491 0
2.492 0
2.493 0
2.494 0
2.495 0
2.496 0
2.497 0
2.498 0
2.499 0
2.5 0
2.501 0
2.502 0
2.503 0
2.504 0
2.505 0
2.506 0
2.507 0
2.508 0
2.509 0
2.51 0
2.511 0
2.512 0
2.513 0
2.514 0
2.515 0
2.516 0
2.517 0
2.518 0
2.519 0
2.52 0
2.521 0
2.522 0
2.523 0
2.524 0
2.525 0
2.526 0
2.527 0
2.528 0
2.529 0
2.53 0
2.531 0
2.532 0
2.533 0
2.534 0
2.535 0
2.536 0
2.537 0
2.538 0
2.539 0
2.54 0
2.541 0
2.542 0
2.543 0
2.544 0
2.545 0
2.546 0
2.547 0
2.548 0
2.549 0
2.55 0
2.551 0
2.552 0
2.553 0
2.554 0
2.555 0
2.556 0
2.557 0
2.558 0
2.559 0
2.56 0
2.561 0
2.562 0
2.563 0
2.564 0
2.565 0
2.566 0
2.567 0
2.568 0
2.569 0
2.57 0
2.571 0
2.572 0
2.573 0
2.574 0
2.575 0
2.576 0
2.577 0
2.578 0
2.579 0
2.58 0
2.581 0
2.582 0
2.583 0
2.584 0
2.585 0
2.586 0
2.587 0
2.588 0
2.589 0
2.59 0
2.591 0
2.592 0
2.593 0
2.594 0
2.595 0
2.596 0
2.597 0
2.598 0
2.599 0
2.6 0
2.601 0
2.602 0
2.603 0
2.604 0
2.605 0
2.606 0
2.607 0
2.608 0
2.609 0
2.61 0
2.611 0
2.612 0
2.613 0
2.614 0
2.615 0
2.616 0
2.617 0
2.618 0
2.619 0
2.62 0
2.621 0
2.622 0
2.623 0
2.624 0
2.625 0
2.626 0
2.627 0
2.628 0
2.629 0
2.63 0
2.631 0
2.632 0
2.633 0
2.634 0
2.635 0
2.636 0
2.637 0
2.638 0
2.639 0
2.64 0
2.641 0
2.642 0
2.643 0
2.644 0
2.645 0
2.646 0
2.647 0
2.648 0
2.649 0
2.65 0
2.651 0
2.652 0
2.653 0
2.654 0
2.655 0
2.656 0
2.657 0
2.658 0
2.659 0
2.66 0
2.661 0
2.662 0
2.663 0
2.664 0
2.665 0
2.666 0
2.667 0
2.668 0
2.669 0
2.67 0
2.671 0
2.672 0
2.673 0
2.674 0
2.675 0
2.676 0
2.677 0
2.678 0
2.679 0
2.68 0
2.681 0
2.682 0
2.683 0
2.684 0
2.685 0
2.686 0
2.687 0
2.688 0
2.689 0
2.69 0
2.691 0
2.692 0
2.693 0
2.694 0
2.695 0
2.696 0
2.697 0
2.698 0
2.699 0
2.7 0
2.701 0
2.702 0
2.703 0
2.704 0
2.705 0
2.706 0
2.707 0
2.708 0
2.709 1500
2.71 3000
2.711 4500
2.712 6000
2.713 9000
2.714 12000
2.715 15000
2.716 18000
2.717 21000
2.718 25500
2.719 30000
2.72 33000
2.721 39000
2.722 43500
2.723 51000
2.724 55500
2.725 58500
2.726 61500
2.727 64500
2.728 70500
2.729 73500
2.73 76500
2.731 81000
2.732 85500
2.733 93000
2.734 97500
2.735 99000
2.736 99000
2.737 97500
2.738 96000
2.739 99000
2.74 97500
2.741 99000
2.742 99000
2.743 97500
2.744 99000
2.745 99000
2.746 99000
2.747 97500
2.748 97500
2.749 99000
2.75 99000
2.751 99000
2.752 99000
2.753 99000
2.754 99000
2.755 97500
2.756 97500
2.757 99000
2.758 99000
2.759 99000
2.76 97500
2.761 97500
2.762 99000
2.763 97500
2.764 99000
2.765 97500
2.766 97500
2.767 99000
2.768 99000
2.769 99000
2.77 99000
2.771 97500
2.772 99000
2.773 97500
2.774 97500
2.775 99000
2.776 97500
2.777 99000
2.778 97500
2.779 97500
2.78 99000
2.781 99000
2.782 99000
2.783 99000
2.784 99000
2.785 99000
2.786 99000
2.787 99000
2.788 97500
2.789 97500
2.79 99000
2.791 97500
2.792 97500
2.793 99000
2.794 97500
2.795 99000
2.796 97500
2.797 97500
2.798 99000
2.799 99000
2.8 99000
2.801 99000
2.802 99000
2.803 99000
2.804 97500
2.805 99000
2.806 99000
2.807 99000
2.808 99000
2.809 97500
2.81 97500
2.811 99000
2.812 97500
2.813 99000
2.814 99000
2.815 97500
2.816 99000
2.817 97500
2.818 99000
2.819 99000
2.82 97500
2.821 99000
2.822 99000
2.823 99000
2.824 99000
2.825 99000
2.826 99000
2.827 97500
2.828 97500
2.829 99000
2.83 97500
2.831 99000
2.832 99000
2.833 97500
2.834 99000
2.835 97500
2.836 99000
2.837 99000
2.838 99000
2.839 99000
2.84 97500
2.841 99000
2.842 99000
2.843 97500
2.844 99000
2.845 99000
2.846 97500
2.847 99000
2.848 99000
2.849 99000
2.85 99000
2.851 99000
2.852 99000
2.853 97500
2.854 99000
2.855 99000
2.856 97500
2.857 99000
2.858 99000
2.859 99000
2.86 99000
2.861 97500
2.862 99000
2.863 99000
2.864 97500
2.865 99000
2.866 99000
2.867 99000
2.868 99000
2.869 97500
2.87 99000
2.871 99000
2.872 99000
2.873 99000
2.874 97500
2.875 99000
2.876 99000
2.877 99000
2.878 99000
2.879 97500
2.88 99000
2.881 99000
2.882 97500
2.883 99000
2.884 99000
2.885 99000
2.886 99000
2.887 97500
2.888 99000
2.889 99000
2.89 99000
2.891 99000
2.892 97500
2.893 99000
2.894 99000
2.895 99000
2.896 99000
2.897 97500
2.898 99000
2.899 99000
2.9 97500
2.901 99000
2.902 99000
2.903 99000
2.904 99000
2.905 97500
2.906 99000
2.907 99000
2.908 99000
2.909 99000
2.91 97500
2.911 99000
2.912 99000
2.913 99000
2.914 99000
2.915 97500
2.916 99000
2.917 99000
2.918 97500
2.919 99000
2.92 99000
2.921 99000
2.922 99000
2.923 97500
2.924 99000
2.925 99000
2.926 99000
2.927 99000
2.928 97500
2.929 99000
2.93 99000
2.931 99000
2.932 99000
2.933 97500
2.934 99000
2.935 99000
2.936 97500
2.937 99000
2.938 99000
2.939 99000
2.94 99000
2.941 97500
2.942 99000
2.943 99000
2.944 99000
2.945 99000
2.946 97500
2.947 99000
2.948 99000
2.949 99000
2.95 99000
2.951 97500
2.952 99000
2.953 99000
2.954 97500
2.955 99000
2.956 99000
2.957 99000
2.958 99000
2.959 97500
2.96 99000
2.961 99000
2.962 99000
2.963 99000
2.964 97500
2.965 99000
2.966 99000
2.967 99000
2.968 99000
2.969 97500
2.97 99000
2.971 99000
2.972 97500
2.973 99000
2.974 99000
2.975 99000
2.976 99000
2.977 97500
2.978 99000
2.979 99000
2.98 99000
2.981 99000
2.982 97500
2.983 99000
2.984 99000
2.985 99000
2.986 99000
2.987 97500
2.988 99000
2.989 99000
2.99 97500
2.991 99000
2.992 99000
2.993 99000
2.994 99000
2.995 97500
2.996 99000
2.997 99000
2.998 99000
2.999 99000
3 97500
3.001 99000
3.002 99000
3.003 99000
3.004 99000
3.005 97500
3.006 99000
3.007 99000
3.008 97500
3.009 99000
3.01 99000
3.011 99000
3.012 99000
3.013 97500
3.014 99000
3.015 99000
3.016 99000
3.017 99000
3.018 97500
3.019 99000
3.02 99000
3.021 99000
3.022 99000
3.023 97500
3.024 99000
3.025 99000
3.026 97500
3.027 99000
3.028 99000
3.029 99000
3.03 99000
3.031 97500
3.032 99000
3.033 99000
3.034 99000
3.035 99000
3.036 97500
3.037 99000
3.038 99000
3.039 99000
3.04 99000
3.041 97500
3.042 99000
3.043 99000
3.044 97500
3.045 99000
3.046 99000
3.047 99000
3.048 99000
3.049 97500
3.05 99000
3.051 99000
3.052 99000
3.053 99000
3.054 97500
3.055 99000
3.056 99000
3.057 99000
3.058 99000
3.059 97500
3.06 99000
3.061 99000
3.062 97500
3.063 99000
3.064 99000
3.065 99000
3.066 99000
3.067 97500
3.068 99000
3.069 99000
3.07 99000
3.071 99000
3.072 97500
3.073 99000
3.074 99000
3.075 99000
3.076 99000
3.077 97500
3.078 99000
3.079 99000
3.08 97500
3.081 99000
3.082 99000
3.083 99000
3.084 99000
3.085 97500
3.086 99000
3.087 99000
3.088 99000
3.089 99000
3.09 97500
3.091 99000
3.092 99000
3.093 99000
3.094 99000
3.095 97500
3.096 99000
3.097 99000
3.098 97500
3.099 99000
3.1 99000
3.101 99000
3.102 99000
3.103 97500
3.104 99000
3.105 99000
3.106 99000
3.107 99000
3.108 97500
3.109 99000
3.11 99000
3.111 97500
3.112 99000
3.113 97500
3.114 99000
3.115 99000
3.116 97500
3.117 99000
3.118 99000
3.119 99000
3.12 99000
3.121 97500
3.122 99000
3.123 99000
3.124 99000
3.125 99000
3.126 97500
3.127 99000
3.128 99000
3.129 97500
3.13 99000
3.131 97500
3.132 99000
3.133 99000
3.134 97500
3.135 99000
3.136 99000
3.137 99000
3.138 99000
3.139 97500
3.14 99000
3.141 99000
3.142 99000
3.143 99000
3.144 97500
3.145 99000
3.146 99000
3.147 97500
3.148 99000
3.149 97500
3.15 99000
3.151 99000
3.152 97500
3.153 99000
3.154 99000
3.155 99000
3.156 99000
3.157 97500
3.158 99000
3.159 99000
3.16 99000
3.161 99000
3.162 97500
3.163 99000
3.164 99000
3.165 97500
3.166 99000
3.167 97500
3.168 99000
3.169 99000
3.17 97500
3.171 99000
3.172 99000
3.173 99000
3.174 99000
3.175 97500
3.176 99000
3.177 99000
3.178 99000
3.179 99000
3.18 97500
3.181 99000
3.182 99000
3.183 97500
3.184 99000
3.185 97500
3.186 99000
3.187 99000
3.188 97500
3.189 99000
3.19 99000
3.191 99000
3.192 99000
3.193 97500
3.194 99000
3.195 99000
3.196 99000
3.197 99000
3.198 97500
3.199 99000
3.2 99000
3.201 97500
3.202 99000
3.203 97500
3.204 99000
3.205 99000
3.206 97500
3.207 99000
3.208 99000
3.209 99000
3.21 99000
3.211 97500
3.212 99000
3.213 99000
3.214 99000
3.215 99000
3.216 97500
3.217 99000
3.218 99000
3.219 97500
3.22 99000
3.221 97500
3.222 99000
3.223 99000
3.224 97500
3.225 99000
3.226 99000
3.227 99000
3.228 99000
3.229 97500
3.23 99000
3.231 99000
3.232 99000
3.233 99000
3.234 97500
3.235 99000
3.236 99000
3.237 97500
3.238 99000
3.239 97500
3.24 99000
3.241 99000
3.242 97500
3.243 99000
3.244 99000
3.245 99000
3.246 99000
3.247 97500
3.248 99000
3.249 99000
3.25 99000
3.251 99000
3.252 97500
3.253 99000
3.254 99000
3.255 97500
3.256 99000
3.257 97500
3.258 99000
3.259 99000
3.26 97500
3.261 99000
3.262 99000
3.263 99000
3.264 99000
3.265 97500
3.266 99000
3.267 99000
3.268 99000
3.269 99000
3.27 97500
3.271 99000
3.272 99000
3.273 97500
3.274 99000
3.275 97500
3.276 99000
3.277 99000
3.278 97500
3.279 99000
3.28 99000
3.281 99000
3.282 99000
3.283 97500
3.284 99000
3.285 99000
3.286 99000
3.287 99000
3.288 97500
3.289 99000
3.29 99000
3.291 97500
3.292 99000
3.293 97500
3.294 99000
3.295 85500
3.296 43500
3.297 3000
3.298 0
3.299 0
3.3 0
3.301 0
3.302 0
3.303 0
3.304 3000
3.305 0
3.306 1500
3.307 0
3.308 7500
3.309 1500
3.31 55500
3.311 99000
3.312 99000
3.313 97500
3.314 99000
3.315 97500
3.316 97500
3.317 99000
3.318 97500
3.319 99000
3.32 97500
3.321 97500
3.322 99000
3.323 97500
3.324 99000
3.325 99000
3.326 97500
3.327 99000
3.328 97500
3.329 99000
3.33 99000
3.331 97500
3.332 99000
3.333 97500
3.334 97500
3.335 99000
3.336 97500
3.337 99000
3.338 97500
3.339 97500
3.34 99000
3.341 97500
3.342 39000
3.343 0
3.344 0
3.345 0
3.346 0
3.347 0
3.348 0
3.349 0
3.35 0
3.351 0
3.352 0
3.353 0
3.354 0
3.355 0
3.356 0
3.357 0
3.358 0
3.359 0
3.36 0
3.361 0
3.362 0
3.363 0
3.364 0
3.365 0
3.366 0
3.367 0
3.368 0
3.369 0
3.37 0
3.371 0
3.372 0
3.373 0
3.374 0
3.375 0
3.376 0
3.377 0
3.378 0
3.379 0
3.38 0
3.381 0
3.382 0
3.383 0
3.384 0
3.385 0
3.386 0
3.387 0
3.388 0
3.389 0
3.39 0
3.391 0
3.392 0
3.393 0
3.394 0
3.395 0
3.396 0
3.397 0
3.398 0
3.399 0
3.4 0
3.401 0
3.402 0
3.403 0
3.404 0
3.405 0
3.406 0
3.407 0
3.408 0
3.409 0
3.41 0
3.411 0
3.412 0
3.413 0
3.414 0
3.415 0
3.416 0
3.417 0
3.418 0
3.419 0
3.42 0
3.421 0
3.422 0
3.423 0
3.424 0
3.425 0
3.426 0
3.427 0
3.428 0
3.429 0
3.43 0
3.431 0
3.432 0
3.433 0
3.434 12000
3.435 43500
3.436 75000
3.437 99000
3.438 97500
3.439 97500
3.44 99000
3.441 97500
3.442 97500
3.443 99000
3.444 97500
3.445 99000
3.446 90000
3.447 48000
3.448 9000
3.449 0
3.45 0
3.451 0
3.452 0
3.453 0
3.454 0
3.455 0
3.456 0
3.457 0
3.458 0
3.459 0
3.46 0
3.461 0
3.462 0
3.463 0
3.464 0
3.465 0
3.466 0
3.467 0
3.468 0
3.469 0
3.47 0
3.471 0
3.472 0
3.473 0
3.474 0
3.475 0
3.476 0
3.477 0
3.478 0
3.479 0
3.48 0
3.481 0
3.482 0
3.483 0
3.484 0
3.485 0
3.486 0
3.487 0
3.488 0
3.489 6000
3.49 21000
3.491 36000
3.492 49500
3.493 66000
3.494 79500
3.495 96000
3.496 97500
3.497 97500
3.498 97500
3.499 97500
3.5 99000
3.501 99000
3.502 97500
3.503 99000
3.504 97500
3.505 99000
3.506 97500
3.507 97500
3.508 99000
3.509 99000
3.51 97500
3.511 99000
3.512 97500
3.513 99000
3.514 97500
3.515 97500
3.516 97500
3.517 97500
3.518 99000
3.519 99000
3.52 97500
3.521 99000
3.522 97500
3.523 99000
3.524 99000
3.525 97500
3.526 99000
3.527 99000
3.528 99000
3.529 99000
3.53 99000
3.531 99000
3.532 99000
3.533 97500
3.534 99000
3.535 97500
3.536 99000
3.537 99000
3.538 99000
3.539 99000
3.54 99000
3.541 99000
3.542 99000
3.543 43500
3.544 0
3.545 0
3.546 0
3.547 0
3.548 0
3.549 0
3.55 0
3.551 0
3.552 0
3.553 0
3.554 0
3.555 0
3.556 0
3.557 0
3.558 0
3.559 0
3.56 0
3.561 0
3.562 0
3.563 0
3.564 0
3.565 0
3.566 0
3.567 0
3.568 0
3.569 0
3.57 0
3.571 0
3.572 0
3.573 0
3.574 0
3.575 0
3.576 0
3.577 0
3.578 0
3.579 0
3.58 0
3.581 0
3.582 0
3.583 0
3.584 4500
3.585 19500
3.586 34500
3.587 49500
3.588 63000
3.589 79500
3.59 93000
3.591 99000
3.592 99000
3.593 99000
3.594 99000
3.595 99000
3.596 99000
3.597 99000
3.598 97500
3.599 99000
3.6 97500
3.601 99000
3.602 99000
3.603 99000
3.604 99000
3.605 99000
3.606 97500
3.607 99000
3.608 97500
3.609 99000
3.61 99000
3.611 99000
3.612 99000
3.613 99000
3.614 99000
3.615 64500
3.616 1500
3.617 0
3.618 0
3.619 0
3.62 0
3.621 0
3.622 0
3.623 0
3.624 0
3.625 0
3.626 0
3.627 0
3.628 0
3.629 0
3.63 0
3.631 0
3.632 0
3.633 0
3.634 0
3.635 0
3.636 0
3.637 0
3.638 0
3.639 0
3.64 0
3.641 0
3.642 0
3.643 0
3.644 0
3.645 0
3.646 0
3.647 0
3.648 0
3.649 0
3.65 0
3.651 0
3.652 0
3.653 0
3.654 0
3.655 0
3.656 0
3.657 0
3.658 0
3.659 0
3.66 0
3.661 0
3.662 0
3.663 0
3.664 0
3.665 0
3.666 0
3.667 0
3.668 0
3.669 0
3.67 0
3.671 0
3.672 0
3.673 0
3.674 0
3.675 0
3.676 0
3.677 0
3.678 0
3.679 0
3.68 0
3.681 0
3.682 0
3.683 0
3.684 0
3.685 0
3.686 0
3.687 0
3.688 0
3.689 0
3.69 0
3.691 0
3.692 0
3.693 0
3.694 0
3.695 0
3.696 0
3.697 0
3.698 0
3.699 0
3.7 0
3.701 0
3.702 0
3.703 0
3.704 0
3.705 0
3.706 0
3.707 0
3.708 0
3.709 0
3.71 0
3.711 0
3.712 0
3.713 0
3.714 0
3.715 0
3.716 0
3.717 0
3.718 0
3.719 0
3.72 0
3.721 0
3.722 0
3.723 0
3.724 0
3.725 0
3.726 0
3.727 0
3.728 0
3.729 0
3.73 0
3.731 0
3.732 0
3.733 0
3.734 0
3.735 0
3.736 0
3.737 0
3.738 0
3.739 0
3.74 0
3.741 0
3.742 0
3.743 0
3.744 0
3.745 0
3.746 0
3.747 0
3.748 0
3.749 0
3.75 0
3.751 0
3.752 0
3.753 0
3.754 0
3.755 0
3.756 0
3.757 0
3.758 0
3.759 0
3.76 0
3.761 0
3.762 0
3.763 0
3.764 0
3.765 0
3.766 0
3.767 0
3.768 0
3.769 0
3.77 0
3.771 0
3.772 0
3.773 0
3.774 0
3.775 0
3.776 0
3.777 0
3.778 0
3.779 0
3.78 0
3.781 0
3.782 0
3.783 0
3.784 0
3.785 0
3.786 0
3.787 0
3.788 0
3.789 0
3.79 0
3.791 0
3.792 0
3.793 0
3.794 0
3.795 0
3.796 0
3.797 0
3.798 0
3.799 0
3.8 0
3.801 0
3.802 0
3.803 0
3.804 0
3.805 0
3.806 0
3.807 0
3.808 0
3.809 0
3.81 0
3.811 0
3.812 0
3.813 0
3.814 0
3.815 0
3.816 0
3.817 0
3.818 0
3.819 0
3.82 0
3.821 0
3.822 0
3.823 0
3.824 0
3.825 0
3.826 0
3.827 0
3.828 0
3.829 0
3.83 0
3.831 0
3.832 0
3.833 0
3.834 0
3.835 0
3.836 0
3.837 0
3.838 0
3.839 0
3.84 0
3.841 0
3.842 0
3.843 0
3.844 0
3.845 0
3.846 0
3.847 0
3.848 0
3.849 0
3.85 0
3.851 0
3.852 0
3.853 0
3.854 0
3.855 0
3.856 0
3.857 0
3.858 0
3.859 0
3.86 0
3.861 0
3.862 0
3.863 0
3.864 0
3.865 0
3.866 0
3.867 0
3.868 0
3.869 0
3.87 0
3.871 0
3.872 0
3.873 0
3.874 0
3.875 0
3.876 0
3.877 0
3.878 0
3.879 0
3.88 0
3.881 0
3.882 0
3.883 0
3.884 0
3.885 0
3.886 0
3.887 0
3.888 0
3.889 0
3.89 0
3.891 0
3.892 0
3.893 0
3.894 0
3.895 0
3.896 0
3.897 0
3.898 0
3.899 0
3.9 0
3.901 0
3.902 0
3.903 0
3.904 0
3.905 0
3.906 0
3.907 0
3.908 0
3.909 0
3.91 0
3.911 0
3.912 0
3.913 0
3.914 0
3.915 0
3.916 0
3.917 0
3.918 0
3.919 0
3.92 0
3.921 0
3.922 0
3.923 0
3.924 0
3.925 0
3.926 0
3.927 0
3.928 0
3.929 0
3.93 0
3.931 0
3.932 0
3.933 0
3.934 0
3.935 0
3.936 0
3.937 0
3.938 0
3.939 0
3.94 0
3.941 0
3.942 0
3.943 0
3.944 0
3.945 0
3.946 0
3.947 0
3.948 0
3.949 0
3.95 0
3.951 0
3.952 0
3.953 0
3.954 0
3.955 0
3.956 0
3.957 0
3.958 0
3.959 0
3.96 0
3.961 0
3.962 0
3.963 0
3.964 0
3.965 0
3.966 0
3.967 0
3.968 0
3.969 0
3.97 0
3.971 0
3.972 0
3.973 0
3.974 0
3.975 0
3.976 0
3.977 0
3.978 0
3.979 0
3.98 0
3.981 0
3.982 0
3.983 0
3.984 0
3.985 0
3.986 0
3.987 0
3.988 0
3.989 0
3.99 0
3.991 0
3.992 0
3.993 0
3.994 0
3.995 0
3.996 0
3.997 0
3.998 0
3.999 0
4 0
4.001 0
4.002 0
4.003 0
4.004 0
4.005 0
4.006 0
4.007 0
4.008 0
4.009 0
4.01 0
4.011 0
4.012 0
4.013 0
4.014 0
4.015 0
4.016 0
4.017 0
4.018 0
4.019 0
4.02 0
4.021 0
4.022 0
4.023 0
4.024 0
4.025 0
4.026 0
4.027 0
4.028 0
4.029 0
4.03 0
4.031 0
4.032 0
4.033 0
4.034 0
4.035 0
4.036 0
4.037 0
4.038 0
4.039 0
4.04 0
4.041 0
4.042 0
4.043 0
4.044 0
4.045 0
4.046 0
4.047 0
4.048 0
4.049 0
4.05 0
4.051 0
4.052 0
4.053 0
4.054 0
4.055 0
4.056 0
4.057 0
4.058 0
4.059 0
4.06 0
4.061 0
4.062 0
4.063 0
4.064 0
4.065 0
4.066 0
4.067 0
4.068 0
4.069 0
4.07 0
4.071 0
4.072 0
4.073 0
4.074 0
4.075 0
4.076 0
4.077 0
4.078 0
4.079 0
4.08 0
4.081 0
4.082 0
4.083 0
4.084 0
4.085 0
4.086 0
4.087 0
4.088 0
4.089 0
4.09 0
4.091 0
4.092 0
4.093 0
4.094 0
4.095 0
4.096 0
4.097 0
4.098 0
4.099 0
4.1 0
4.101 0
4.102 0
4.103 0
4.104 0
4.105 0
4.106 0
4.107 0
4.108 0
4.109 0
4.11 0
4.111 0
4.112 0
4.113 0
4.114 0
4.115 0
4.116 0
4.117 0
4.118 0
4.119 0
4.12 0
4.121 0
4.122 0
4.123 0
4.124 0
4.125 0
4.126 0
4.127 0
4.128 0
4.129 0
4.13 0
4.131 0
4.132 0
4.133 0
4.134 0
4.135 0
4.136 0
4.137 0
4.138 0
4.139 0
4.14 0
4.141 0
4.142 0
4.143 0
4.144 0
4.145 0
4.146 0
4.147 0
4.148 0
4.149 0
4.15 0
4.151 0
4.152 0
4.153 0
4.154 0
4.155 0
4.156 0
4.157 0
4.158 0
4.159 0
4.16 0
4.161 0
4.162 0
4.163 0
4.164 0
4.165 0
4.166 0
4.167 0
4.168 0
4.169 0
4.17 0
4.171 0
4.172 0
4.173 0
4.174 0
4.175 0
4.176 0
4.177 0
4.178 0
4.179 0
4.18 0
4.181 0
4.182 0
4.183 0
4.184 0
4.185 0
4.186 0
4.187 0
4.188 0
4.189 0
4.19 0
4.191 0
4.192 0
4.193 0
4.194 0
4.195 0
4.196 0
4.197 0
4.198 0
4.199 0
4.2 0
4.201 0
4.202 0
4.203 0
4.204 0
4.205 0
4.206 0
4.207 0
4.208 0
4.209 0
4.21 0
4.211 0
4.212 0
4.213 0
4.214 0
4.215 0
4.216 0
4.217 0
4.218 0
4.219 0
4.22 0
4.221 0
4.222 0
4.223 0
4.224 0
4.225 0
4.226 0
4.227 0
4.228 0
4.229 0
4.23 0
4.231 0
4.232 0
4.233 0
4.234 0
4.235 0
4.236 0
4.237 0
4.238 0
4.239 0
4.24 0
4.241 0
4.242 0
4.243 0
4.244 0
4.245 0
4.246 0
4.247 0
4.248 0
4.249 0
4.25 0
4.251 0
4.252 0
4.253 0
4.254 0
4.255 0
4.256 0
4.257 0
4.258 0
4.259 0
4.26 0
4.261 0
4.262 0
4.263 0
4.264 0
4.265 0
4.266 0
4.267 0
