2.14153 1
2.14223 1
2.14328 1
2.14397 1
2.14501 1
2.14571 1
2.1464 1
2.14743 1
2.14812 1
2.1488 1
2.14982 1
2.1505 1
2.15117 1
2.15185 1
2.15286 1
2.15353 1
2.15419 1
2.15485 1
2.15584 1
2.1565 1
2.15716 1
2.15782 1
2.1588 1
2.15946 1
2.16011 1
2.16076 1
2.16141 1
2.16205 1
2.16301 1
2.16365 1
2.16429 1
2.16493 1
2.16556 1
2.1662 1
2.16683 1
2.16747 1
2.16841 1
2.16904 1
2.16966 1
2.17029 1
2.17091 1
2.17153 1
2.17215 1
2.17277 1
2.17338 1
2.174 1
2.17461 1
2.17522 1
2.17583 1
2.17644 1
2.17704 1
2.17764 1
2.17825 1
2.17884 1
2.17944 1
2.18004 1
2.18063 1
2.18123 1
2.18182 1
2.18241 1
2.183 1
2.18358 1
2.18417 1
2.18475 1
2.18533 1
2.18591 1
2.18649 1
2.18707 1
2.18764 1
2.18821 1
2.1885 1
2.18907 1
2.18964 1
2.19021 1
2.19078 1
2.19134 1
2.19191 1
2.19247 1
2.19304 1
2.19332 1
2.19388 1
2.19444 1
2.19499 1
2.19555 1
2.19611 1
2.19666 1
2.19721 1
2.19749 1
2.19804 1
2.19859 1
2.19914 1
2.19968 1
2.20022 1
2.2005 1
2.20104 1
2.20158 1
2.20213 1
2.20267 1
2.20321 1
2.20348 1
2.20401 1
2.20455 1
2.20509 1
2.20562 1
2.20589 1
2.20642 1
2.20695 1
2.20748 1
2.20801 1
2.20827 1
2.2088 1
2.20933 1
2.20985 1
2.21011 1
2.21064 1
2.21116 1
2.21168 1
2.21221 1
2.21246 1
2.21298 1
2.2135 1
2.21402 1
2.21427 1
2.21479 1
2.21538 1
2.21598 1
2.21658 1
2.21719 1
2.21779 1
2.21839 1
2.21899 1
2.21959 1
2.22019 1
2.22079 1
2.22139 1
2.22199 1
2.22259 1
2.22319 1
2.22379 1
2.22439 1
2.225 1
2.2256 1
2.2262 1
2.2268 1
2.2274 1
2.228 1
2.2286 1
2.2292 1
2.2298 1
2.2304 1
2.231 1
2.2316 1
2.23221 1
2.23281 1
2.23341 1
2.23401 1
2.23461 1
2.23521 1
2.23581 1
2.23641 1
2.23701 1
2.23761 1
2.23821 1
2.23881 1
2.23941 1
2.24002 1
2.24062 1
2.24122 1
2.24182 1
2.24242 1
2.24302 1
2.24362 1
2.24422 1
2.24482 1
2.24542 1
2.24602 1
2.24662 1
2.24723 1
2.24783 1
2.24843 1
2.24903 1
2.24963 1
2.25023 1
2.25083 1
2.25143 1
2.25203 1
2.25263 1
2.25323 1
2.25383 1
2.25443 1
2.25504 1
2.25564 1
2.25624 1
2.25684 1
2.25744 1
2.25804 1
2.25864 1
2.25924 1
2.25984 1
2.26044 1
2.26104 1
2.26164 1
2.26225 1
2.26285 1
2.26345 1
2.26405 1
2.26465 1
2.26525 1
2.26585 1
2.26645 1
2.26705 1
2.26765 1
2.26825 1
2.26885 1
2.26945 1
2.27006 1
2.27066 1
2.27126 1
2.27186 1
2.27246 1
2.27306 1
2.27366 1
2.27426 1
2.27486 1
2.27546 1
2.27606 1
2.27666 1
2.27727 1
2.27787 1
2.27847 1
2.27907 1
2.27967 1
2.28027 1
2.28087 1
2.28147 1
2.28207 1
2.28267 1
2.28327 1
2.28387 1
2.28447 1
2.28508 1
2.28568 1
2.28628 1
2.28688 1
2.28748 1
2.28808 1
2.28868 1
2.28928 1
2.28988 1
2.29048 1
2.29108 1
2.29168 1
2.29229 1
2.29289 1
2.29349 1
2.29409 1
2.29469 1
2.29529 1
2.29589 1
2.29649 1
2.29709 1
2.29769 1
2.29829 1
2.29889 1
2.29949 1
2.3001 1
2.3007 1
2.3013 1
2.3019 1
2.3025 1
2.3031 1
2.3037 1
2.3043 1
2.3049 1
2.3055 1
2.3061 1
2.3067 1
2.30731 1
2.30791 1
2.30851 1
2.30911 1
2.30971 1
2.31031 1
2.31091 1
2.31151 1
2.31211 1
2.31271 1
2.31331 1
2.31391 1
2.31451 1
2.31512 1
2.31572 1
2.31632 1
2.31692 1
2.31752 1
2.31812 1
2.31872 1
2.31932 1
2.31992 1
2.32052 1
2.32112 1
2.32172 1
2.32233 1
2.32293 1
2.32353 1
2.32413 1
2.32473 1
2.32533 1
2.32593 1
2.32653 1
2.32713 1
2.32773 1
2.32833 1
2.32893 1
2.32953 1
2.33014 1
2.33074 1
2.33134 1
2.33194 1
2.33254 1
2.33315 1
2.33375 1
2.33435 1
2.4491 1
2.4497 1
2.45031 1
2.45091 1
2.45151 1
2.45211 1
2.45271 1
2.45331 1
2.45391 1
2.45451 1
2.45511 1
2.45571 1
2.45631 1
2.45691 1
2.45752 1
2.45812 1
2.45872 1
2.45932 1
2.45992 1
2.46052 1
2.46112 1
2.46172 1
2.46232 1
2.46292 1
2.46352 1
2.46412 1
2.46472 1
2.46533 1
2.46593 1
2.46653 1
2.46713 1
2.46773 1
2.46833 1
2.46893 1
2.46953 1
2.47013 1
2.47073 1
2.47133 1
2.47193 1
2.47254 1
2.47314 1
2.47374 1
2.47434 1
2.47494 1
2.47554 1
2.47614 1
2.47674 1
2.47734 1
2.47794 1
2.47854 1
2.47914 1
2.47974 1
2.48035 1
2.48095 1
2.48155 1
2.48215 1
2.48275 1
2.48335 1
2.48395 1
2.48455 1
2.48515 1
2.48575 1
2.48635 1
2.48695 1
2.48756 1
2.48816 1
2.48876 1
2.48936 1
2.48996 1
2.49056 1
2.49116 1
2.49176 1
2.49236 1
2.49296 1
2.49356 1
2.49416 1
2.49476 1
2.49537 1
2.49597 1
2.49657 1
2.49717 1
2.49777 1
2.49837 1
2.49897 1
2.49957 1
2.50017 1
2.50077 1
2.50137 1
2.50197 1
2.50258 1
2.50318 1
2.50378 1
2.50438 1
2.50498 1
2.50558 1
2.50618 1
2.50678 1
2.50738 1
2.50798 1
2.50858 1
2.50918 1
2.50978 1
2.51039 1
2.51099 1
2.51159 1
2.51219 1
2.51279 1
2.51339 1
2.51399 1
2.51459 1
2.51519 1
2.51579 1
2.51639 1
2.51699 1
2.5176 1
2.5182 1
2.5188 1
2.5194 1
2.52 1
2.5206 1
2.5212 1
2.5218 1
2.5224 1
2.523 1
2.5236 1
2.5242 1
2.5248 1
2.52541 1
2.68582 1
2.68642 1
2.68702 1
2.68762 1
2.68822 1
2.68882 1
2.68942 1
2.69002 1
2.69063 1
2.69123 1
2.69183 1
2.69243 1
2.69303 1
2.69363 1
2.69423 1
2.69483 1
2.69543 1
2.69603 1
2.69663 1
2.69723 1
2.69784 1
2.69844 1
2.69904 1
2.69964 1
2.70024 1
2.70084 1
2.70144 1
2.70204 1
2.70264 1
2.70324 1
2.70384 1
2.70444 1
2.70504 1
2.70565 1
2.70625 1
2.70685 1
2.70745 1
2.70805 1
2.70865 1
2.70925 1
2.70985 1
2.71045 1
2.71105 1
2.71165 1
2.71225 1
2.71286 1
2.71346 1
2.71406 1
2.71466 1
2.71526 1
2.71586 1
2.71646 1
2.71706 1
2.71766 1
2.71826 1
2.71886 1
2.71946 1
2.72006 1
2.72067 1
2.72127 1
2.72187 1
2.72247 1
2.72307 1
2.72367 1
2.72427 1
2.72487 1
2.72547 1
2.72607 1
5.76651 1
6.98579 1
8.20508 1
9.42438 1
10.6437 1
12.2574 1
12.2598 1
13.484 1
13.4865 1
14.7107 1
14.7131 1
15.9373 1
15.9397 1
17.164 1
17.1664 1
18.3906 1
18.393 1
19.6172 1
19.6197 1
20.8439 1
20.8463 1
24.241 1
24.2434 1
25.4676 1
25.47 1
26.6942 1
26.6967 1
27.9209 1
27.9233 1
29.1475 1
29.1499 1
30.3741 1
30.3766 1
31.6008 1
31.6032 1
32.8274 1
32.8298 1
34.0541 1
34.0565 1
35.2807 1
35.2831 1
36.5073 1
36.5098 1
37.734 1
37.7364 1
38.9606 1
38.963 1
40.1872 1
40.1897 1
41.4132 1
41.4156 1
42.6399 1
42.6423 1
43.8665 1
43.8689 1
45.0931 1
45.0955 1
46.3198 1
46.3222 1
47.5464 1
47.5488 1
48.773 1
48.7755 1
49.9997 1
50.0021 1
51.2263 1
51.2287 1
52.4529 1
52.4554 1
53.6796 1
53.682 1
54.9062 1
54.9086 1
56.1329 1
56.1353 1
57.3595 1
57.3619 1
58.5861 1
58.5886 1
59.8128 1
59.8152 1
