1.81495 1
1.81539 1
1.81583 1
1.81613 1
1.81656 1
1.81685 1
1.81729 1
1.81758 1
1.81801 1
1.8183 1
1.81873 1
1.81902 1
1.81945 1
1.81974 1
1.82017 1
1.82045 1
1.82088 1
1.82116 1
1.82145 1
1.82187 1
1.82216 1
1.82258 1
1.82286 1
1.82328 1
1.82356 1
1.82384 1
1.82426 1
1.82454 1
1.82496 1
1.82524 1
1.82551 1
1.82593 1
1.82621 1
1.82648 1
1.82689 1
1.82717 1
1.82744 1
1.82786 1
1.82813 1
1.8284 1
1.82881 1
1.82908 1
1.82935 1
1.82976 1
1.83003 1
1.8303 1
1.83073 1
1.831 1
1.83145 1
1.83176 1
1.83216 1
1.83247 1
1.83274 1
1.83318 1
1.83361 1
1.83388 1
1.83418 1
1.83462 1
1.83488 1
1.83531 1
1.83557 1
1.836 1
1.83629 1
1.83655 1
1.83697 1
1.83723 1
1.83752 1
1.83778 1
1.8382 1
1.83848 1
1.83874 1
1.83915 1
1.83941 1
1.83968 1
1.83994 1
1.84035 1
1.84062 1
1.84088 1
1.84128 1
1.84154 1
1.8418 1
1.84206 1
1.84233 1
1.84258 1
1.84298 1
1.84323 1
1.84349 1
1.84374 1
1.844 1
1.84425 1
1.84451 1
1.84489 1
1.84514 1
1.84539 1
1.84565 1
1.8459 1
1.84615 1
1.8464 1
1.84666 1
1.84691 1
1.84716 1
1.84754 1
1.84779 1
1.84804 1
1.84829 1
1.84854 1
1.84878 1
1.84903 1
1.84928 1
1.84953 1
1.84977 1
1.85002 1
1.85027 1
1.85052 1
1.85076 1
1.85113 1
1.85137 1
1.85162 1
1.85186 1
1.85211 1
1.85235 1
1.8526 1
1.85284 1
1.85308 1
1.85332 1
1.85357 1
1.85381 1
1.85405 1
1.85429 1
1.85453 1
1.85477 1
1.85501 1
1.85525 1
1.85549 1
1.85573 1
1.85597 1
1.85621 1
1.85645 1
1.85669 1
1.85693 1
1.85717 1
1.85741 1
1.85765 1
1.8579 1
1.85814 1
1.85838 1
1.85862 1
1.85886 1
1.8591 1
1.85934 1
1.85958 1
1.85982 1
1.86006 1
1.8603 1
1.86054 1
1.86078 1
1.86102 1
1.86126 1
1.8615 1
1.86174 1
1.86198 1
1.86222 1
1.86246 1
1.8627 1
1.86294 1
1.86318 1
1.86342 1
1.86366 1
1.8639 1
1.86414 1
1.86438 1
1.86462 1
1.86486 1
1.8651 1
1.86534 1
1.86558 1
1.86582 1
1.86606 1
1.8663 1
1.86654 1
1.86678 1
1.86702 1
1.86726 1
1.8675 1
1.86774 1
1.86798 1
1.86822 1
1.86846 1
1.8687 1
1.86894 1
1.86918 1
1.86942 1
1.86966 1
1.8699 1
1.87014 1
1.87038 1
1.87062 1
1.87087 1
1.87111 1
1.87135 1
1.87159 1
1.87183 1
1.87207 1
1.87231 1
1.87255 1
1.87279 1
1.87303 1
1.87327 1
1.87351 1
1.87375 1
1.87399 1
1.87423 1
1.87447 1
1.87471 1
1.87495 1
1.87519 1
1.87543 1
1.87567 1
1.87591 1
1.87615 1
1.87639 1
1.87663 1
1.87687 1
1.87711 1
1.87735 1
1.87759 1
1.87783 1
1.87807 1
1.87831 1
1.87855 1
1.87879 1
1.87903 1
1.87927 1
1.87951 1
1.87975 1
1.87999 1
1.88023 1
1.88047 1
1.88071 1
1.88095 1
1.88119 1
1.88143 1
1.88167 1
1.88192 1
1.88216 1
1.8824 1
1.88264 1
1.88288 1
1.88312 1
1.88336 1
1.8836 1
1.88384 1
1.88408 1
1.88432 1
1.88456 1
1.8848 1
1.88504 1
1.88528 1
1.88552 1
1.88576 1
1.886 1
1.88624 1
1.88648 1
1.88672 1
1.88696 1
1.8872 1
1.88744 1
1.88768 1
1.88792 1
1.88816 1
1.8884 1
1.88864 1
1.88888 1
1.88912 1
1.88936 1
1.8896 1
1.88984 1
1.89008 1
1.89032 1
1.89056 1
1.8908 1
1.89104 1
1.89128 1
1.89153 1
1.89177 1
1.89201 1
1.89225 1
1.89249 1
1.89273 1
1.89297 1
1.89321 1
1.89345 1
1.89369 1
1.89393 1
1.89417 1
1.89441 1
1.89465 1
1.89489 1
1.89513 1
1.89537 1
1.89561 1
1.89585 1
1.89609 1
1.89633 1
1.89657 1
1.89681 1
1.89705 1
1.89729 1
1.89753 1
1.89777 1
1.89801 1
1.89825 1
1.89849 1
1.89873 1
1.89897 1
1.89921 1
1.89945 1
1.89969 1
1.89993 1
1.90017 1
1.90041 1
1.90065 1
1.9009 1
1.90114 1
1.90138 1
1.90162 1
1.90186 1
1.9021 1
1.90234 1
1.90258 1
1.90282 1
1.90306 1
1.9033 1
1.90354 1
1.90378 1
1.90402 1
1.90426 1
1.9045 1
1.90474 1
1.90498 1
1.90522 1
1.90546 1
1.9057 1
1.90594 1
1.90618 1
1.90642 1
1.90666 1
1.9069 1
1.90714 1
1.90738 1
1.90762 1
1.90786 1
1.9081 1
1.90834 1
1.90858 1
1.90882 1
1.90906 1
1.9093 1
1.90954 1
1.90979 1
1.91003 1
1.91027 1
1.91051 1
1.91075 1
1.91099 1
1.91123 1
1.91147 1
1.91171 1
1.91195 1
1.91219 1
1.91243 1
1.91267 1
1.91291 1
1.91315 1
1.91339 1
1.91363 1
1.91387 1
1.91411 1
1.91435 1
1.91459 1
1.91483 1
1.91507 1
1.91531 1
1.91555 1
1.91579 1
1.91603 1
1.91627 1
1.91651 1
1.91675 1
1.91699 1
1.91723 1
1.91747 1
1.91771 1
1.91795 1
1.91819 1
1.91844 1
1.91868 1
1.91892 1
1.91916 1
1.9194 1
1.91964 1
1.91988 1
1.92012 1
1.92036 1
1.9206 1
1.92084 1
1.92108 1
1.92132 1
1.92156 1
1.9218 1
1.92204 1
1.92228 1
1.92252 1
1.92276 1
1.923 1
1.92324 1
1.92348 1
1.92372 1
1.92396 1
1.9242 1
1.92444 1
1.92468 1
1.92492 1
1.92516 1
1.9254 1
1.92564 1
1.92588 1
1.92612 1
1.92636 1
1.9266 1
1.92685 1
1.92709 1
1.92733 1
1.92757 1
1.92781 1
1.92805 1
1.92829 1
1.92853 1
1.92877 1
1.92901 1
1.92925 1
1.92949 1
1.92973 1
1.92997 1
1.93021 1
1.93045 1
1.93069 1
1.93093 1
1.93117 1
1.93141 1
1.93165 1
1.93189 1
1.94415 1
1.94439 1
1.94463 1
1.94487 1
1.94511 1
1.94535 1
1.94559 1
1.94583 1
1.94607 1
1.94631 1
1.94655 1
1.94679 1
1.94703 1
1.94727 1
1.94751 1
1.94775 1
1.94799 1
1.94823 1
1.94847 1
1.94871 1
1.94895 1
1.94919 1
1.94943 1
1.94967 1
1.94991 1
1.95015 1
1.9504 1
1.95064 1
1.95088 1
1.95112 1
1.95136 1
1.9516 1
1.95184 1
1.95208 1
1.95232 1
1.95256 1
1.9528 1
1.95304 1
1.95328 1
1.95352 1
1.95376 1
1.954 1
1.95424 1
1.95448 1
1.95472 1
1.95496 1
1.9552 1
1.95544 1
1.95568 1
1.95592 1
1.95616 1
1.9564 1
1.95664 1
1.95688 1
1.95712 1
1.95736 1
1.9576 1
1.95784 1
1.95808 1
1.95833 1
1.95857 1
1.95881 1
1.95905 1
1.95929 1
1.95953 1
1.95977 1
1.96001 1
1.96025 1
1.96049 1
1.96073 1
1.96097 1
1.96121 1
1.96145 1
1.96169 1
1.96193 1
1.96217 1
1.96241 1
1.96265 1
1.96289 1
1.96313 1
1.96337 1
1.96361 1
1.96385 1
1.96409 1
1.96433 1
1.96457 1
1.96481 1
1.96505 1
1.96529 1
1.96553 1
1.96577 1
1.96602 1
1.96626 1
1.9665 1
1.96674 1
1.96698 1
1.96722 1
1.96746 1
1.9677 1
1.96794 1
1.96818 1
1.96842 1
1.96866 1
1.9689 1
1.96914 1
1.96938 1
1.96962 1
1.96986 1
1.9701 1
1.97034 1
1.97058 1
1.97082 1
1.97106 1
1.9713 1
1.97154 1
1.97178 1
1.97202 1
1.97226 1
1.9725 1
1.97274 1
1.97298 1
1.97322 1
1.97347 1
1.97371 1
1.97395 1
1.97419 1
1.97443 1
1.97467 1
1.97491 1
1.97515 1
1.97539 1
1.97563 1
1.97587 1
1.97611 1
1.97635 1
1.97659 1
1.97683 1
1.97707 1
1.97731 1
1.97755 1
1.97779 1
1.97803 1
1.97827 1
1.97851 1
1.97875 1
1.97899 1
1.97923 1
1.97947 1
1.97971 1
1.97995 1
1.98019 1
1.98043 1
1.98067 1
1.98091 1
1.98116 1
1.9814 1
1.98164 1
1.98188 1
1.98212 1
1.98236 1
1.9826 1
1.98284 1
1.98308 1
1.98332 1
1.98356 1
1.9838 1
1.98404 1
1.98428 1
1.98452 1
1.98476 1
1.985 1
1.98524 1
1.98548 1
1.98572 1
1.98596 1
1.9862 1
1.98644 1
1.98668 1
1.98692 1
1.98716 1
1.9874 1
1.98764 1
1.98788 1
1.98812 1
1.98836 1
1.98861 1
1.98885 1
1.98909 1
1.98933 1
1.98957 1
1.98981 1
1.99005 1
1.99029 1
1.99053 1
1.99077 1
1.99101 1
1.99125 1
1.99149 1
1.99173 1
1.99197 1
1.99221 1
1.99245 1
1.99269 1
1.99293 1
1.99317 1
1.99341 1
1.99365 1
1.99389 1
1.99413 1
1.99437 1
1.99461 1
1.99485 1
1.99509 1
1.99533 1
1.99557 1
1.99581 1
1.99606 1
1.9963 1
1.99654 1
1.99678 1
1.99702 1
1.99726 1
1.9975 1
1.99774 1
1.99798 1
1.99822 1
1.99846 1
1.9987 1
1.99894 1
1.99918 1
1.99942 1
1.99966 1
1.9999 1
2.00014 1
2.00038 1
2.00062 1
2.00086 1
2.0011 1
2.00134 1
2.00158 1
2.00182 1
2.00206 1
2.0023 1
2.00254 1
2.00278 1
2.00302 1
2.00326 1
2.00351 1
2.00375 1
2.00399 1
2.00423 1
2.00447 1
2.00471 1
2.00495 1
2.00519 1
2.00543 1
2.00567 1
2.00591 1
2.00615 1
2.00639 1
2.00663 1
2.00687 1
2.00711 1
2.00735 1
2.00759 1
2.00783 1
2.00807 1
2.00831 1
2.00855 1
2.00879 1
2.00903 1
2.00927 1
2.00951 1
2.00975 1
2.00999 1
2.01023 1
2.01047 1
2.01071 1
2.01095 1
2.0112 1
2.01144 1
2.01168 1
2.01192 1
2.01216 1
2.0124 1
2.01264 1
2.01288 1
2.01312 1
2.01336 1
2.0136 1
2.01384 1
2.01408 1
2.01432 1
2.01456 1
2.0148 1
2.01504 1
2.01528 1
2.01552 1
2.01576 1
2.016 1
2.01624 1
2.01648 1
2.01672 1
2.01696 1
2.0172 1
2.01744 1
2.01768 1
2.01792 1
2.01816 1
2.0184 1
2.01865 1
2.01889 1
2.01913 1
2.01937 1
2.01961 1
2.01985 1
2.02009 1
2.02033 1
2.02057 1
2.02081 1
2.02105 1
2.02129 1
2.02153 1
2.02177 1
2.02201 1
2.02225 1
2.02249 1
2.02273 1
2.02297 1
2.02321 1
2.02345 1
2.02369 1
2.02393 1
2.02417 1
2.02441 1
2.02465 1
2.02489 1
2.02513 1
2.02537 1
2.02561 1
2.02585 1
2.0261 1
2.02634 1
2.02658 1
2.02682 1
2.02706 1
2.0273 1
2.02754 1
2.02778 1
2.02802 1
2.02826 1
2.0285 1
2.02874 1
2.02898 1
2.02922 1
2.02946 1
2.0297 1
2.02994 1
2.03018 1
2.03042 1
2.03066 1
2.0309 1
2.03114 1
2.03138 1
2.03162 1
2.03186 1
2.0321 1
2.03234 1
2.03258 1
2.03282 1
2.03306 1
2.0333 1
2.03355 1
2.03379 1
2.03403 1
2.03427 1
2.03451 1
2.03475 1
2.03499 1
2.03523 1
2.03547 1
2.03571 1
2.03595 1
2.03619 1
2.03643 1
2.03667 1
2.03691 1
2.03715 1
2.03739 1
2.03763 1
2.03787 1
2.03811 1
2.03835 1
2.03859 1
2.03883 1
2.03907 1
2.03931 1
2.03955 1
2.03979 1
2.04003 1
2.04027 1
2.04051 1
2.04075 1
2.04099 1
2.04124 1
2.04148 1
2.04172 1
2.04196 1
2.0422 1
2.04244 1
2.04268 1
2.04292 1
2.04316 1
2.0434 1
2.04364 1
2.04388 1
2.04412 1
2.04436 1
2.0446 1
2.04484 1
2.04508 1
2.04532 1
2.04556 1
2.0458 1
2.04604 1
2.04628 1
2.04652 1
2.04676 1
2.047 1
2.04724 1
2.04748 1
2.04772 1
2.04796 1
2.04844 1
2.04893 1
2.04965 1
2.05037 1
2.05109 1
2.05181 1
2.05253 1
2.05325 1
2.05397 1
2.05493 1
2.05565 1
2.05638 1
2.05734 1
2.05806 1
2.05902 1
2.05998 1
2.06094 1
2.0619 1
2.06286 1
2.06383 1
2.06455 1
2.06527 1
2.06623 1
2.06671 1
2.06767 1
2.06839 1
2.06911 1
2.07007 1
2.07128 1
2.07224 1
2.07344 1
2.0744 1
2.07608 1
2.078 1
2.08065 1
2.08425 1
2.16452 1
2.165 1
2.16548 1
2.16572 1
2.16644 1
2.16668 1
2.16692 1
2.16716 1
2.1674 1
2.16764 1
2.16788 1
2.16812 1
2.16836 1
2.1686 1
2.16885 1
2.16909 1
2.16933 1
2.16957 1
2.16981 1
2.17005 1
2.17029 1
2.17053 1
2.17077 1
2.17101 1
2.17125 1
2.17149 1
2.17173 1
2.17197 1
2.17221 1
2.17245 1
2.17269 1
2.17293 1
2.17317 1
2.17341 1
2.17365 1
2.17389 1
2.17413 1
2.17437 1
2.17461 1
2.17485 1
2.17509 1
2.17533 1
2.17557 1
2.17581 1
2.17605 1
2.1763 1
2.17654 1
2.17678 1
2.17702 1
2.17726 1
2.1775 1
2.17774 1
2.17798 1
2.17822 1
2.17846 1
2.1787 1
2.17894 1
2.17966 1
2.1799 1
2.20609 1
2.20634 1
2.20658 1
2.20682 1
2.20706 1
2.2073 1
2.20754 1
2.20778 1
2.20802 1
2.20826 1
2.2085 1
2.20874 1
2.20898 1
2.20922 1
2.20946 1
2.2097 1
2.20994 1
2.21018 1
2.21042 1
2.21066 1
2.2109 1
2.21114 1
2.21138 1
2.21162 1
2.21186 1
2.2121 1
2.21234 1
2.21258 1
2.21282 1
2.21306 1
2.2133 1
2.21354 1
2.21379 1
2.21403 1
2.21427 1
2.21451 1
2.21475 1
2.21499 1
2.21523 1
2.21547 1
2.21571 1
2.21595 1
2.21619 1
2.21643 1
2.21667 1
2.21691 1
2.21715 1
2.21739 1
2.21763 1
2.21787 1
2.21811 1
2.21835 1
2.21859 1
2.21883 1
2.21907 1
2.21931 1
2.21955 1
2.21979 1
2.22003 1
2.22027 1
2.22051 1
2.22075 1
2.22099 1
2.22123 1
2.22148 1
2.22172 1
2.22196 1
2.2222 1
2.22244 1
2.22268 1
2.22292 1
2.22316 1
2.2234 1
2.22364 1
2.22388 1
2.22412 1
2.22436 1
2.2246 1
2.22484 1
2.22508 1
2.22532 1
2.22556 1
2.2258 1
2.22604 1
2.22628 1
2.22652 1
2.22676 1
2.227 1
2.22724 1
2.22748 1
2.22772 1
2.22796 1
2.2282 1
2.22844 1
2.22868 1
2.22893 1
2.22917 1
2.22941 1
2.22965 1
2.22989 1
2.23013 1
2.23037 1
2.23061 1
2.23085 1
2.23109 1
2.23133 1
2.23157 1
2.23181 1
2.23205 1
2.23229 1
2.23253 1
2.23277 1
2.23301 1
2.23325 1
2.23349 1
2.23373 1
2.23397 1
2.23421 1
2.23445 1
2.23469 1
2.23493 1
2.23517 1
2.23541 1
2.23565 1
2.23589 1
2.23613 1
2.23638 1
2.23662 1
2.23686 1
2.2371 1
2.23734 1
2.23758 1
2.23782 1
2.23806 1
2.2383 1
2.23854 1
2.23878 1
2.23902 1
2.23926 1
2.2395 1
2.23974 1
2.23998 1
2.24022 1
2.24046 1
2.2407 1
2.24094 1
2.24118 1
2.24142 1
2.24166 1
2.2419 1
2.24214 1
2.24238 1
2.24262 1
2.24286 1
2.2431 1
2.24334 1
2.24358 1
2.24383 1
2.24407 1
2.24431 1
2.24455 1
2.24479 1
2.24503 1
2.24527 1
2.24551 1
2.24575 1
2.24599 1
2.24623 1
2.24647 1
2.24671 1
2.24695 1
2.24719 1
2.24743 1
2.24767 1
2.24791 1
2.24815 1
2.24839 1
2.24863 1
2.24887 1
2.24911 1
2.24935 1
2.24959 1
2.24983 1
2.25007 1
2.25031 1
2.25055 1
2.25079 1
2.25103 1
2.25127 1
2.25152 1
2.25176 1
2.252 1
2.25224 1
2.25248 1
2.25272 1
2.25296 1
2.2532 1
2.25344 1
2.25368 1
2.25392 1
2.25416 1
2.2544 1
2.25464 1
2.25488 1
2.25512 1
2.25536 1
2.2556 1
2.25584 1
2.25608 1
2.25632 1
2.25656 1
2.2568 1
2.25704 1
2.25728 1
2.25752 1
2.25776 1
2.258 1
2.25824 1
2.25848 1
2.25872 1
2.25897 1
2.25921 1
2.25945 1
2.25969 1
2.25993 1
2.26017 1
2.26041 1
2.26065 1
2.26089 1
2.26113 1
2.26137 1
2.26161 1
2.26185 1
2.26209 1
2.26233 1
2.26257 1
2.26281 1
2.26305 1
2.26329 1
2.26353 1
2.26377 1
2.26401 1
2.26425 1
2.26449 1
2.26473 1
2.26497 1
2.26521 1
2.26545 1
2.26569 1
2.26593 1
2.26617 1
2.26642 1
2.26666 1
2.2669 1
2.26714 1
2.26738 1
2.26762 1
2.26786 1
2.2681 1
2.26834 1
2.26858 1
2.26882 1
2.26906 1
2.2693 1
2.26954 1
2.26978 1
2.27002 1
2.27026 1
2.2705 1
2.27074 1
2.27098 1
2.27122 1
2.27146 1
2.2717 1
2.27194 1
2.27218 1
2.27242 1
2.27266 1
2.2729 1
2.27314 1
2.27338 1
2.27362 1
2.27387 1
2.27411 1
2.27435 1
2.27459 1
2.27483 1
2.27507 1
2.27531 1
2.27555 1
2.27579 1
2.27603 1
2.27627 1
2.27651 1
2.27675 1
2.27699 1
2.27723 1
2.27747 1
2.27771 1
2.27795 1
2.27819 1
2.27843 1
2.27867 1
2.27891 1
2.27915 1
2.27939 1
2.27963 1
2.27987 1
2.28011 1
2.28035 1
2.28059 1
3.82531 1
3.8263 1
3.82749 1
3.82868 1
3.82967 1
3.83085 1
3.83204 1
3.83303 1
3.83421 1
3.8354 1
3.83639 1
3.83758 1
3.83876 1
3.83975 1
3.84094 1
3.84193 1
3.84311 1
3.8443 1
3.84529 1
3.84647 1
3.84766 1
3.84865 1
3.84984 1
4.61847 1
4.61944 1
4.62041 1
4.62157 1
4.62254 1
4.62351 1
4.62448 1
4.62545 1
4.62642 1
4.62758 1
4.62855 1
4.62952 1
4.63049 1
4.63146 1
4.63243 1
4.63359 1
4.63456 1
4.63553 1
4.6365 1
4.63747 1
4.63844 1
4.6396 1
4.64057 1
4.64154 1
4.64251 1
4.64348 1
4.64464 1
4.64561 1
4.64658 1
4.64755 1
4.64852 1
4.64949 1
4.65065 1
5.41942 1
5.42039 1
5.42136 1
5.42233 1
5.4233 1
5.42446 1
5.42543 1
5.4264 1
5.42737 1
5.42834 1
5.4293 1
5.43047 1
5.43144 1
5.43241 1
5.43337 1
5.43434 1
5.43531 1
5.43648 1
5.43745 1
5.43841 1
5.43938 1
5.44035 1
5.44132 1
5.44248 1
5.44345 1
5.44442 1
5.44539 1
5.44636 1
5.44733 1
5.44849 1
5.44946 1
5.45043 1
5.4514 1
5.45237 1
5.45334 1
5.4545 1
5.45547 1
5.45644 1
5.45741 1
5.45838 1
5.45935 1
5.46051 1
5.46148 1
6.21787 1
6.21884 1
6.21981 1
6.22078 1
6.22174 1
6.22271 1
6.22388 1
6.22485 1
6.22581 1
6.22678 1
6.22775 1
6.22872 1
6.22988 1
6.23085 1
6.23182 1
6.23279 1
6.23376 1
6.23473 1
6.23589 1
6.23686 1
6.23783 1
6.2388 1
6.23977 1
6.24074 1
6.2419 1
6.24287 1
6.24384 1
6.24481 1
6.24578 1
6.24675 1
6.24791 1
6.24888 1
6.24985 1
6.25082 1
6.25178 1
6.25275 1
6.25392 1
6.25489 1
6.25585 1
6.25682 1
6.25779 1
6.25876 1
6.25992 1
7.01655 1
7.01752 1
7.01849 1
7.01946 1
7.02043 1
7.0214 1
7.02256 1
7.02353 1
7.0245 1
7.02547 1
7.02644 1
7.0274 1
7.02857 1
7.02954 1
7.0305 1
7.03147 1
7.03244 1
7.03341 1
7.03457 1
7.03554 1
7.03651 1
7.03748 1
7.03845 1
7.03942 1
7.04058 1
7.04155 1
7.04252 1
7.04349 1
7.04446 1
7.04543 1
7.04659 1
7.04756 1
7.04853 1
7.0495 1
7.05047 1
7.05144 1
7.0526 1
7.05357 1
7.05454 1
7.05551 1
7.05647 1
7.05744 1
7.05861 1
7.81523 1
7.8162 1
7.81717 1
7.81814 1
7.81911 1
7.82008 1
7.82124 1
7.82221 1
7.82318 1
7.82415 1
7.82512 1
7.82609 1
7.82725 1
7.82822 1
7.82919 1
7.83016 1
7.83113 1
7.83209 1
7.83326 1
7.83423 1
7.8352 1
7.83616 1
7.83713 1
7.8381 1
7.83927 1
7.84023 1
7.8412 1
7.84217 1
7.84314 1
7.84411 1
7.84527 1
7.84624 1
7.84721 1
7.84818 1
7.84915 1
7.85012 1
7.85128 1
7.85225 1
7.85322 1
7.85419 1
7.85516 1
7.85613 1
7.85729 1
8.61392 1
8.61489 1
8.61585 1
8.61682 1
8.61779 1
8.61876 1
8.61992 1
8.62089 1
8.62186 1
8.62283 1
8.6238 1
8.62477 1
8.62593 1
8.6269 1
8.62787 1
8.62884 1
8.62981 1
8.63078 1
8.63194 1
8.63291 1
8.63388 1
8.63485 1
8.63582 1
8.63678 1
8.63795 1
8.63892 1
8.63989 1
8.64085 1
8.64182 1
8.64279 1
8.64396 1
8.64492 1
8.64589 1
8.64686 1
8.64783 1
8.6488 1
8.64996 1
8.65093 1
8.6519 1
8.65287 1
8.65384 1
8.65481 1
8.65597 1
9.4126 1
9.41357 1
9.41454 1
9.41551 1
9.41647 1
9.41744 1
9.41861 1
9.41958 1
9.42054 1
9.42151 1
9.42248 1
9.42345 1
9.42461 1
9.42558 1
9.42655 1
9.42752 1
9.42849 1
9.42946 1
9.43062 1
9.43159 1
9.43256 1
9.43353 1
9.4345 1
9.43547 1
9.43663 1
9.4376 1
9.43857 1
9.43954 1
9.44051 1
9.44148 1
9.44264 1
9.44361 1
9.44458 1
9.44555 1
9.44651 1
9.44748 1
9.44865 1
9.44962 1
9.45058 1
9.45155 1
9.45252 1
9.45349 1
9.45465 1
10.2113 1
10.2123 1
10.2132 1
10.2142 1
10.2152 1
10.2161 1
10.2173 1
10.2183 1
10.2192 1
10.2202 1
10.2212 1
10.2221 1
10.2233 1
10.2243 1
10.2252 1
10.2262 1
10.2272 1
10.2281 1
10.2293 1
10.2303 1
10.2312 1
10.2322 1
10.2332 1
10.2342 1
10.2353 1
10.2363 1
10.2373 1
10.2382 1
10.2392 1
10.2402 1
10.2413 1
10.2423 1
10.2433 1
10.2442 1
10.2452 1
10.2462 1
10.2473 1
10.2483 1
10.2493 1
10.2502 1
10.2512 1
10.2522 1
10.2533 1
11.01 1
11.0109 1
11.0119 1
11.0129 1
11.0138 1
11.0148 1
11.016 1
11.0169 1
11.0179 1
11.0189 1
11.0198 1
11.0208 1
11.022 1
11.0229 1
11.0239 1
11.0249 1
11.0259 1
11.0268 1
11.028 1
11.029 1
11.0299 1
11.0309 1
11.0319 1
11.0328 1
11.034 1
11.035 1
11.0359 1
11.0369 1
11.0379 1
11.0388 1
11.04 1
11.041 1
11.0419 1
11.0429 1
11.0439 1
11.0448 1
11.046 1
11.047 1
11.0479 1
11.0489 1
11.0499 1
11.0509 1
11.052 1
11.7938 1
11.7947 1
11.7957 1
11.7967 1
11.7976 1
11.7986 1
11.7998 1
11.8007 1
11.8017 1
11.8027 1
11.8037 1
11.8046 1
11.8058 1
11.8068 1
11.8077 1
11.8087 1
11.8097 1
11.8106 1
11.8118 1
11.8128 1
11.8137 1
11.8147 1
11.8157 1
11.8166 1
11.8178 1
11.8188 1
11.8197 1
11.8207 1
11.8217 1
11.8226 1
11.8238 1
11.8248 1
11.8257 1
11.8267 1
11.8277 1
11.8287 1
11.8298 1
11.8308 1
11.8318 1
11.8327 1
11.8337 1
11.8347 1
11.8358 1
11.8368 1
12.594 1
12.595 1
12.5959 1
12.5969 1
12.5979 1
12.5988 1
12.6 1
12.601 1
12.6019 1
12.6029 1
12.6039 1
12.6048 1
12.606 1
12.607 1
12.6079 1
12.6089 1
12.6099 1
12.6108 1
12.612 1
12.613 1
12.614 1
12.6149 1
12.6159 1
12.6169 1
12.618 1
12.619 1
12.62 1
12.6209 1
12.6219 1
12.6229 1
12.624 1
12.625 1
12.626 1
12.6269 1
12.6279 1
12.6289 1
12.63 1
12.631 1
12.632 1
12.6329 1
12.6339 1
12.6349 1
12.636 1
12.637 1
13.3942 1
13.3952 1
13.3961 1
13.3971 1
13.3981 1
13.3991 1
13.4002 1
13.4012 1
13.4022 1
13.4031 1
13.4041 1
13.4051 1
13.4062 1
13.4072 1
13.4082 1
13.4091 1
13.4101 1
13.4111 1
13.4122 1
13.4132 1
13.4142 1
13.4151 1
13.4161 1
13.4171 1
13.4182 1
13.4192 1
13.4202 1
13.4211 1
13.4221 1
13.4231 1
13.4242 1
13.4252 1
13.4262 1
13.4272 1
13.4281 1
13.4291 1
13.4303 1
13.4312 1
13.4322 1
13.4332 1
13.4341 1
13.4351 1
13.4363 1
13.4372 1
14.1944 1
14.1954 1
14.1964 1
14.1973 1
14.1983 1
14.1993 1
14.2004 1
14.2014 1
14.2024 1
14.2033 1
14.2043 1
14.2053 1
14.2064 1
14.2074 1
14.2084 1
14.2093 1
14.2103 1
14.2113 1
14.2124 1
14.2134 1
14.2144 1
14.2154 1
14.2163 1
14.2173 1
14.2185 1
14.2194 1
14.2204 1
14.2214 1
14.2223 1
14.2233 1
14.2245 1
14.2254 1
14.2264 1
14.2274 1
14.2283 1
14.2293 1
14.2305 1
14.2314 1
14.2324 1
14.2334 1
14.2343 1
14.2353 1
14.2365 1
14.2374 1
14.9946 1
14.9956 1
14.9966 1
14.9975 1
14.9985 1
14.9995 1
15.0006 1
15.0016 1
15.0026 1
15.0036 1
15.0045 1
15.0055 1
15.0067 1
15.0076 1
15.0086 1
15.0096 1
15.0105 1
15.0115 1
15.0127 1
15.0136 1
15.0146 1
15.0156 1
15.0165 1
15.0175 1
15.0187 1
15.0196 1
15.0206 1
15.0216 1
15.0225 1
15.0235 1
15.0247 1
15.0256 1
15.0266 1
15.0276 1
15.0286 1
15.0295 1
15.0307 1
15.0317 1
15.0326 1
15.0336 1
15.0346 1
15.0355 1
15.0367 1
15.0377 1
15.7949 1
15.7958 1
15.7968 1
15.7978 1
15.7987 1
15.7997 1
15.8009 1
15.8018 1
15.8028 1
15.8038 1
15.8047 1
15.8057 1
15.8069 1
15.8078 1
15.8088 1
15.8098 1
15.8107 1
15.8117 1
15.8129 1
15.8138 1
15.8148 1
15.8158 1
15.8168 1
15.8177 1
15.8189 1
15.8199 1
15.8208 1
15.8218 1
15.8228 1
15.8237 1
15.8249 1
15.8259 1
15.8268 1
15.8278 1
15.8288 1
15.8297 1
15.8309 1
15.8319 1
15.8328 1
15.8338 1
15.8348 1
15.8357 1
15.8369 1
15.8379 1
16.5951 1
16.596 1
16.597 1
16.598 1
16.5989 1
16.5999 1
16.6011 1
16.602 1
16.603 1
16.604 1
16.605 1
16.6059 1
16.6071 1
16.6081 1
16.609 1
16.61 1
16.611 1
16.6119 1
16.6131 1
16.6141 1
16.615 1
16.616 1
16.617 1
16.6179 1
16.6191 1
16.6201 1
16.621 1
16.622 1
16.623 1
16.6239 1
16.6251 1
16.6261 1
16.6271 1
16.628 1
16.629 1
16.63 1
16.6311 1
16.6321 1
16.6331 1
16.634 1
16.635 1
16.636 1
16.6371 1
16.6381 1
17.3953 1
17.3963 1
17.3972 1
17.3982 1
17.3992 1
17.4001 1
17.4013 1
17.4023 1
17.4032 1
17.4042 1
17.4052 1
17.4061 1
17.4073 1
17.4083 1
17.4092 1
17.4102 1
17.4112 1
17.4122 1
17.4133 1
17.4143 1
17.4153 1
17.4162 1
17.4172 1
17.4182 1
17.4193 1
17.4203 1
17.4213 1
17.4222 1
17.4232 1
17.4242 1
17.4253 1
17.4263 1
17.4273 1
17.4282 1
17.4292 1
17.4302 1
17.4313 1
17.4323 1
17.4333 1
17.4342 1
17.4352 1
17.4362 1
17.4373 1
17.4383 1
18.1955 1
18.1965 1
18.1974 1
18.1984 1
18.1994 1
18.2004 1
18.2015 1
18.2025 1
18.2035 1
18.2044 1
18.2054 1
18.2064 1
18.2075 1
18.2085 1
18.2095 1
18.2104 1
18.2114 1
18.2124 1
18.2135 1
18.2145 1
18.2155 1
18.2164 1
18.2174 1
18.2184 1
18.2195 1
18.2205 1
18.2215 1
18.2224 1
18.2234 1
18.2244 1
18.2255 1
18.2265 1
18.2275 1
18.2285 1
18.2294 1
18.2304 1
18.2316 1
18.2325 1
18.2335 1
18.2345 1
18.2354 1
18.2364 1
18.2376 1
18.2385 1
18.9957 1
18.9967 1
18.9977 1
18.9986 1
18.9996 1
19.0006 1
19.0017 1
19.0027 1
19.0037 1
19.0046 1
19.0056 1
19.0066 1
19.0077 1
19.0087 1
19.0097 1
19.0106 1
19.0116 1
19.0126 1
19.0137 1
19.0147 1
19.0157 1
19.0167 1
19.0176 1
19.0186 1
19.0198 1
19.0207 1
19.0217 1
19.0227 1
19.0236 1
19.0246 1
19.0258 1
19.0267 1
19.0277 1
19.0287 1
19.0296 1
19.0306 1
19.0318 1
19.0327 1
19.0337 1
19.0347 1
19.0356 1
19.0366 1
19.0378 1
19.0387 1
19.7959 1
19.7969 1
19.7979 1
19.7988 1
19.7998 1
19.8008 1
19.8019 1
19.8029 1
19.8039 1
19.8049 1
19.8058 1
19.8068 1
19.808 1
19.8089 1
19.8099 1
19.8109 1
19.8118 1
19.8128 1
19.814 1
19.8149 1
19.8159 1
19.8169 1
19.8178 1
19.8188 1
19.82 1
19.8209 1
19.8219 1
19.8229 1
19.8238 1
19.8248 1
19.826 1
19.8269 1
19.8279 1
19.8289 1
19.8299 1
19.8308 1
19.832 1
19.833 1
19.8339 1
19.8349 1
19.8359 1
19.8368 1
19.838 1
19.839 1
20.5962 1
20.5971 1
20.5981 1
20.5991 1
20.6 1
20.601 1
20.6022 1
20.6031 1
20.6041 1
20.6051 1
20.606 1
20.607 1
20.6082 1
20.6091 1
20.6101 1
20.6111 1
20.612 1
20.613 1
20.6142 1
20.6151 1
20.6161 1
20.6171 1
20.6181 1
20.619 1
20.6202 1
20.6212 1
20.6221 1
20.6231 1
20.6241 1
20.625 1
20.6262 1
20.6272 1
20.6281 1
20.6291 1
20.6301 1
20.631 1
20.6322 1
20.6332 1
20.6341 1
20.6351 1
20.6361 1
20.637 1
20.6382 1
20.6392 1
21.3964 1
21.3973 1
21.3983 1
21.3993 1
21.4002 1
21.4012 1
21.4024 1
21.4034 1
21.4043 1
21.4053 1
21.4063 1
21.4072 1
21.4084 1
21.4094 1
21.4103 1
21.4113 1
21.4123 1
21.4132 1
21.4144 1
21.4154 1
21.4163 1
21.4173 1
21.4183 1
21.4192 1
21.4204 1
21.4214 1
21.4223 1
21.4233 1
21.4243 1
21.4253 1
21.4264 1
21.4274 1
21.4284 1
21.4293 1
21.4303 1
21.4313 1
21.4324 1
21.4334 1
21.4344 1
21.4353 1
21.4363 1
21.4373 1
21.4384 1
21.4394 1
22.1966 1
22.1976 1
22.1985 1
22.1995 1
22.2005 1
22.2014 1
22.2026 1
22.2036 1
22.2045 1
22.2055 1
22.2065 1
22.2074 1
22.2086 1
22.2096 1
22.2105 1
22.2115 1
22.2125 1
22.2135 1
22.2146 1
22.2156 1
22.2166 1
22.2175 1
22.2185 1
22.2195 1
22.2206 1
22.2216 1
22.2226 1
22.2235 1
22.2245 1
22.2255 1
22.2266 1
22.2276 1
22.2286 1
22.2295 1
22.2305 1
22.2315 1
22.2326 1
22.2336 1
22.2346 1
22.2355 1
22.2365 1
22.2375 1
22.2386 1
22.2396 1
22.9968 1
22.9978 1
22.9987 1
22.9997 1
23.0007 1
23.0017 1
23.0028 1
23.0038 1
23.0048 1
23.0057 1
23.0067 1
23.0077 1
23.0088 1
23.0098 1
23.0108 1
23.0117 1
23.0127 1
23.0137 1
23.0148 1
23.0158 1
23.0168 1
23.0177 1
23.0187 1
23.0197 1
23.0208 1
23.0218 1
23.0228 1
23.0237 1
23.0247 1
23.0257 1
23.0268 1
23.0278 1
23.0288 1
23.0298 1
23.0307 1
23.0317 1
23.0329 1
23.0338 1
23.0348 1
23.0358 1
23.0367 1
23.0377 1
23.0389 1
23.0398 1
23.797 1
23.798 1
23.799 1
23.7999 1
23.8009 1
23.8019 1
23.803 1
23.804 1
23.805 1
23.8059 1
23.8069 1
23.8079 1
23.809 1
23.81 1
23.811 1
23.8119 1
23.8129 1
23.8139 1
23.815 1
23.816 1
23.817 1
23.818 1
23.8189 1
23.8199 1
23.8211 1
23.822 1
23.823 1
23.824 1
23.8249 1
23.8259 1
23.8271 1
23.828 1
23.829 1
23.83 1
23.8309 1
23.8319 1
23.8331 1
23.834 1
23.835 1
23.836 1
23.8369 1
23.8379 1
23.8391 1
23.84 1
24.5972 1
24.5982 1
24.5992 1
24.6001 1
24.6011 1
24.6021 1
24.6032 1
24.6042 1
24.6052 1
24.6062 1
24.6071 1
24.6081 1
24.6093 1
24.6102 1
24.6112 1
24.6122 1
24.6131 1
24.6141 1
24.6153 1
24.6162 1
24.6172 1
24.6182 1
24.6191 1
24.6201 1
24.6213 1
24.6222 1
24.6232 1
24.6242 1
24.6251 1
24.6261 1
24.6273 1
24.6282 1
24.6292 1
24.6302 1
24.6312 1
24.6321 1
24.6333 1
24.6343 1
24.6352 1
24.6362 1
24.6372 1
24.6381 1
24.6393 1
24.6403 1
25.3975 1
25.3984 1
25.3994 1
25.4004 1
25.4013 1
25.4023 1
25.4035 1
25.4044 1
25.4054 1
25.4064 1
25.4073 1
25.4083 1
25.4095 1
25.4104 1
25.4114 1
25.4124 1
25.4133 1
25.4143 1
25.4155 1
25.4165 1
25.4174 1
25.4184 1
25.4194 1
25.4203 1
25.4215 1
25.4225 1
25.4234 1
25.4244 1
25.4254 1
25.4263 1
25.4275 1
25.4285 1
25.4294 1
25.4304 1
25.4314 1
25.4323 1
25.4335 1
25.4345 1
25.4354 1
25.4364 1
25.4374 1
25.4384 1
25.4395 1
25.4405 1
26.1977 1
26.1986 1
26.1996 1
26.2006 1
26.2016 1
26.2025 1
26.2037 1
26.2047 1
26.2056 1
26.2066 1
26.2076 1
26.2085 1
26.2097 1
26.2107 1
26.2116 1
26.2126 1
26.2136 1
26.2145 1
26.2157 1
26.2167 1
26.2176 1
26.2186 1
26.2196 1
26.2205 1
26.2217 1
26.2227 1
26.2236 1
26.2246 1
26.2256 1
26.2266 1
26.2277 1
26.2287 1
26.2297 1
26.2306 1
26.2316 1
26.2326 1
26.2337 1
26.2347 1
26.2357 1
26.2366 1
26.2376 1
26.2386 1
26.2397 1
26.2407 1
26.9979 1
26.9989 1
26.9998 1
27.0008 1
27.0018 1
27.0027 1
27.0039 1
27.0049 1
27.0058 1
27.0068 1
27.0078 1
27.0087 1
27.0099 1
27.0109 1
27.0118 1
27.0128 1
27.0138 1
27.0148 1
27.0159 1
27.0169 1
27.0179 1
27.0188 1
27.0198 1
27.0208 1
27.0219 1
27.0229 1
27.0239 1
27.0248 1
27.0258 1
27.0268 1
27.0279 1
27.0289 1
27.0299 1
27.0308 1
27.0318 1
27.0328 1
27.0339 1
27.0349 1
27.0359 1
27.0368 1
27.0378 1
27.0388 1
27.0399 1
27.0409 1
27.7981 1
27.7991 1
27.8 1
27.801 1
27.802 1
27.803 1
27.8041 1
27.8051 1
27.8061 1
27.807 1
27.808 1
27.809 1
27.8101 1
27.8111 1
27.8121 1
27.813 1
27.814 1
27.815 1
27.8161 1
27.8171 1
27.8181 1
27.819 1
27.82 1
27.821 1
27.8221 1
27.8231 1
27.8241 1
27.825 1
27.826 1
27.827 1
27.8281 1
27.8291 1
27.8301 1
27.8311 1
27.832 1
27.833 1
27.8342 1
27.8351 1
27.8361 1
27.8371 1
27.838 1
27.839 1
27.8402 1
27.8411 1
28.5983 1
28.5993 1
28.6003 1
28.6012 1
28.6022 1
28.6032 1
28.6043 1
28.6053 1
28.6063 1
28.6072 1
28.6082 1
28.6092 1
28.6103 1
28.6113 1
28.6123 1
28.6132 1
28.6142 1
28.6152 1
28.6163 1
28.6173 1
28.6183 1
28.6193 1
28.6202 1
28.6212 1
28.6224 1
28.6233 1
28.6243 1
28.6253 1
28.6262 1
28.6272 1
28.6284 1
28.6293 1
28.6303 1
28.6313 1
28.6322 1
28.6332 1
28.6344 1
28.6353 1
28.6363 1
28.6373 1
28.6382 1
28.6392 1
28.6404 1
28.6413 1
29.3985 1
29.3995 1
29.4005 1
29.4014 1
29.4024 1
29.4034 1
29.4045 1
29.4055 1
29.4065 1
29.4075 1
29.4084 1
29.4094 1
29.4106 1
29.4115 1
29.4125 1
29.4135 1
29.4144 1
29.4154 1
29.4166 1
29.4175 1
29.4185 1
29.4195 1
29.4204 1
29.4214 1
29.4226 1
29.4235 1
29.4245 1
29.4255 1
29.4264 1
29.4274 1
29.4286 1
29.4296 1
29.4305 1
29.4315 1
29.4325 1
29.4334 1
29.4346 1
29.4356 1
29.4365 1
29.4375 1
29.4385 1
29.4394 1
29.4406 1
29.4416 1
30.1988 1
30.1997 1
30.2007 1
30.2017 1
30.2026 1
30.2036 1
30.2048 1
30.2057 1
30.2067 1
30.2077 1
30.2086 1
30.2096 1
30.2108 1
30.2117 1
30.2127 1
30.2137 1
30.2147 1
30.2156 1
30.2168 1
30.2178 1
30.2187 1
30.2197 1
30.2207 1
30.2216 1
30.2228 1
30.2238 1
30.2247 1
30.2257 1
30.2267 1
30.2276 1
30.2288 1
30.2298 1
30.2307 1
30.2317 1
30.2327 1
30.2336 1
30.2348 1
30.2358 1
30.2367 1
30.2377 1
30.2387 1
30.2397 1
30.2408 1
30.2418 1
30.999 1
30.9999 1
31.0009 1
31.0019 1
31.0029 1
31.0038 1
31.005 1
31.006 1
31.0069 1
31.0079 1
31.0089 1
31.0098 1
31.011 1
31.012 1
31.0129 1
31.0139 1
31.0149 1
31.0158 1
31.017 1
31.018 1
31.0189 1
31.0199 1
31.0209 1
31.0218 1
31.023 1
31.024 1
31.0249 1
31.0259 1
31.0269 1
31.0279 1
31.029 1
31.03 1
31.031 1
31.0319 1
31.0329 1
31.0339 1
31.035 1
31.036 1
31.037 1
31.0379 1
31.0389 1
31.0399 1
31.041 1
31.042 1
31.7992 1
31.8002 1
31.8011 1
31.8021 1
31.8031 1
31.804 1
31.8052 1
31.8062 1
31.8071 1
31.8081 1
31.8091 1
31.81 1
31.8112 1
31.8122 1
31.8131 1
31.8141 1
31.8151 1
31.8161 1
31.8172 1
31.8182 1
31.8192 1
31.8201 1
31.8211 1
31.8221 1
31.8232 1
31.8242 1
31.8252 1
31.8261 1
31.8271 1
31.8281 1
31.8292 1
31.8302 1
31.8312 1
31.8321 1
31.8331 1
31.8341 1
31.8352 1
31.8362 1
31.8372 1
31.8381 1
31.8391 1
31.8401 1
31.8412 1
31.8422 1
32.5994 1
32.6004 1
32.6013 1
32.6023 1
32.6033 1
32.6043 1
32.6054 1
32.6064 1
32.6074 1
32.6083 1
32.6093 1
32.6103 1
32.6114 1
32.6124 1
32.6134 1
32.6143 1
32.6153 1
32.6163 1
32.6174 1
32.6184 1
32.6194 1
32.6203 1
32.6213 1
32.6223 1
32.6234 1
32.6244 1
32.6254 1
32.6263 1
32.6273 1
32.6283 1
32.6294 1
32.6304 1
32.6314 1
32.6324 1
32.6333 1
32.6343 1
32.6355 1
32.6364 1
32.6374 1
32.6384 1
32.6393 1
32.6403 1
32.6415 1
32.6424 1
33.3996 1
33.4006 1
33.4016 1
33.4025 1
33.4035 1
33.4045 1
33.4056 1
33.4066 1
33.4076 1
33.4085 1
33.4095 1
33.4105 1
33.4116 1
33.4126 1
33.4136 1
33.4145 1
33.4155 1
33.4165 1
33.4176 1
33.4186 1
33.4196 1
33.4206 1
33.4215 1
33.4225 1
33.4237 1
33.4246 1
33.4256 1
33.4266 1
33.4275 1
33.4285 1
33.4297 1
33.4306 1
33.4316 1
33.4326 1
33.4335 1
33.4345 1
33.4357 1
33.4366 1
33.4376 1
33.4386 1
33.4395 1
33.4405 1
33.4417 1
33.4427 1
34.1998 1
34.2008 1
34.2018 1
34.2027 1
34.2037 1
34.2047 1
34.2059 1
34.2068 1
34.2078 1
34.2088 1
34.2097 1
34.2107 1
34.2119 1
34.2128 1
34.2138 1
34.2148 1
34.2157 1
34.2167 1
34.2179 1
34.2188 1
34.2198 1
34.2208 1
34.2217 1
34.2227 1
34.2239 1
34.2248 1
34.2258 1
34.2268 1
34.2278 1
34.2287 1
34.2299 1
34.2309 1
34.2318 1
34.2328 1
34.2338 1
34.2347 1
34.2359 1
34.2369 1
34.2378 1
34.2388 1
34.2398 1
34.2407 1
34.2419 1
34.2429 1
35.0001 1
35.001 1
35.002 1
35.003 1
35.0039 1
35.0049 1
35.0061 1
35.007 1
35.008 1
35.009 1
35.0099 1
35.0109 1
35.0121 1
35.013 1
35.014 1
35.015 1
35.016 1
35.0169 1
35.0181 1
35.0191 1
35.02 1
35.021 1
35.022 1
35.0229 1
35.0241 1
35.0251 1
35.026 1
35.027 1
35.028 1
35.0289 1
35.0301 1
35.0311 1
35.032 1
35.033 1
35.034 1
35.0349 1
35.0361 1
35.0371 1
35.038 1
35.039 1
35.04 1
35.041 1
35.0421 1
35.0431 1
35.8003 1
35.8012 1
35.8022 1
35.8032 1
35.8042 1
35.8051 1
35.8063 1
35.8073 1
35.8082 1
35.8092 1
35.8102 1
35.8111 1
35.8123 1
35.8133 1
35.8142 1
35.8152 1
35.8162 1
35.8171 1
35.8183 1
35.8193 1
35.8202 1
35.8212 1
35.8222 1
35.8231 1
35.8243 1
35.8253 1
35.8262 1
35.8272 1
35.8282 1
35.8292 1
35.8303 1
35.8313 1
35.8323 1
35.8332 1
35.8342 1
35.8352 1
35.8363 1
35.8373 1
35.8383 1
35.8392 1
35.8402 1
35.8412 1
35.8423 1
35.8433 1
36.6005 1
36.6015 1
36.6024 1
36.6034 1
36.6044 1
36.6053 1
36.6065 1
36.6075 1
36.6084 1
36.6094 1
36.6104 1
36.6113 1
36.6125 1
36.6135 1
36.6144 1
36.6154 1
36.6164 1
36.6174 1
36.6185 1
36.6195 1
36.6205 1
36.6214 1
36.6224 1
36.6234 1
36.6245 1
36.6255 1
36.6265 1
36.6274 1
36.6284 1
36.6294 1
36.6305 1
36.6315 1
36.6325 1
36.6334 1
36.6344 1
36.6354 1
36.6365 1
36.6375 1
36.6385 1
36.6394 1
36.6404 1
36.6414 1
36.6425 1
36.6435 1
37.4007 1
37.4017 1
37.4026 1
37.4036 1
37.4046 1
37.4056 1
37.4067 1
37.4077 1
37.4087 1
37.4096 1
37.4106 1
37.4116 1
37.4127 1
37.4137 1
37.4147 1
37.4156 1
37.4166 1
37.4176 1
37.4187 1
37.4197 1
37.4207 1
37.4216 1
37.4226 1
37.4236 1
37.4247 1
37.4257 1
37.4267 1
37.4276 1
37.4286 1
37.4296 1
37.4307 1
37.4317 1
37.4327 1
37.4337 1
37.4346 1
37.4356 1
37.4368 1
37.4377 1
37.4387 1
37.4397 1
37.4406 1
37.4416 1
37.4428 1
37.4437 1
38.2009 1
38.2019 1
38.2029 1
38.2038 1
38.2048 1
38.2058 1
38.2069 1
38.2079 1
38.2089 1
38.2098 1
38.2108 1
38.2118 1
38.2129 1
38.2139 1
38.2149 1
38.2158 1
38.2168 1
38.2178 1
38.219 1
38.2199 1
38.2209 1
38.2219 1
38.2228 1
38.2238 1
38.225 1
38.2259 1
38.2269 1
38.2279 1
38.2288 1
38.2298 1
38.231 1
38.2319 1
38.2329 1
38.2339 1
38.2348 1
38.2358 1
38.237 1
38.2379 1
38.2389 1
38.2399 1
38.2409 1
38.2418 1
38.243 1
38.244 1
39.0011 1
39.0021 1
39.0031 1
39.0041 1
39.005 1
39.006 1
39.0072 1
39.0081 1
39.0091 1
39.0101 1
39.011 1
39.012 1
39.0132 1
39.0141 1
39.0151 1
39.0161 1
39.017 1
39.018 1
39.0192 1
39.0201 1
39.0211 1
39.0221 1
39.023 1
39.024 1
39.0252 1
39.0261 1
39.0271 1
39.0281 1
39.0291 1
39.03 1
39.0312 1
39.0322 1
39.0331 1
39.0341 1
39.0351 1
39.036 1
39.0372 1
39.0382 1
39.0391 1
39.0401 1
39.0411 1
39.042 1
39.0432 1
39.0442 1
39.8014 1
39.8023 1
39.8033 1
39.8043 1
39.8052 1
39.8062 1
39.8074 1
39.8083 1
39.8093 1
39.8103 1
39.8112 1
39.8122 1
39.8134 1
39.8143 1
39.8153 1
39.8163 1
39.8173 1
39.8182 1
39.8194 1
39.8204 1
39.8213 1
39.8223 1
39.8233 1
39.8242 1
39.8254 1
39.8264 1
39.8273 1
39.8283 1
39.8293 1
39.8302 1
39.8314 1
39.8324 1
39.8333 1
39.8343 1
39.8353 1
39.8362 1
39.8374 1
39.8384 1
39.8393 1
39.8403 1
39.8413 1
39.8423 1
39.8434 1
39.8444 1
40.6016 1
40.6025 1
40.6035 1
40.6045 1
40.6055 1
40.6064 1
40.6076 1
40.6086 1
40.6095 1
40.6105 1
40.6115 1
40.6124 1
40.6136 1
40.6146 1
40.6155 1
40.6165 1
40.6175 1
40.6184 1
40.6196 1
40.6206 1
40.6215 1
40.6225 1
40.6235 1
40.6244 1
40.6256 1
40.6266 1
40.6275 1
40.6285 1
40.6295 1
40.6305 1
40.6316 1
40.6326 1
40.6336 1
40.6345 1
40.6355 1
40.6365 1
40.6376 1
40.6386 1
40.6396 1
40.6405 1
40.6415 1
40.6425 1
40.6436 1
40.6446 1
41.4018 1
41.4028 1
41.4037 1
41.4047 1
41.4057 1
41.4066 1
41.4078 1
41.4088 1
41.4097 1
41.4107 1
41.4117 1
41.4126 1
41.4138 1
41.4148 1
41.4157 1
41.4167 1
41.4177 1
41.4187 1
41.4198 1
41.4208 1
41.4218 1
41.4227 1
41.4237 1
41.4247 1
41.4258 1
41.4268 1
41.4278 1
41.4287 1
41.4297 1
41.4307 1
41.4318 1
41.4328 1
41.4338 1
41.4347 1
41.4357 1
41.4367 1
41.4378 1
41.4388 1
41.4398 1
41.4407 1
41.4417 1
41.4427 1
41.4438 1
41.4448 1
42.202 1
42.203 1
42.2039 1
42.2049 1
42.2059 1
42.2069 1
42.208 1
42.209 1
42.21 1
42.2109 1
42.2119 1
42.2129 1
42.214 1
42.215 1
42.216 1
42.2169 1
42.2179 1
42.2189 1
42.22 1
42.221 1
42.222 1
42.2229 1
42.2239 1
42.2249 1
42.226 1
42.227 1
42.228 1
42.2289 1
42.2299 1
42.2309 1
42.2321 1
42.233 1
42.234 1
42.235 1
42.2359 1
42.2369 1
42.2381 1
42.239 1
42.24 1
42.241 1
42.2419 1
42.2429 1
42.2441 1
42.245 1
43.0022 1
43.0032 1
43.0042 1
43.0051 1
43.0061 1
43.0071 1
43.0082 1
43.0092 1
43.0102 1
43.0111 1
43.0121 1
43.0131 1
43.0142 1
43.0152 1
43.0162 1
43.0172 1
43.0181 1
43.0191 1
43.0203 1
43.0212 1
43.0222 1
43.0232 1
43.0241 1
43.0251 1
43.0263 1
43.0272 1
43.0282 1
43.0292 1
43.0301 1
43.0311 1
43.0323 1
43.0332 1
43.0342 1
43.0352 1
43.0361 1
43.0371 1
43.0383 1
43.0392 1
43.0402 1
43.0412 1
43.0422 1
43.0431 1
43.0443 1
43.0453 1
43.8024 1
43.8034 1
43.8044 1
43.8054 1
43.8063 1
43.8073 1
43.8085 1
43.8094 1
43.8104 1
43.8114 1
43.8123 1
43.8133 1
43.8145 1
43.8154 1
43.8164 1
43.8174 1
43.8183 1
43.8193 1
43.8205 1
43.8214 1
43.8224 1
43.8234 1
43.8243 1
43.8253 1
43.8265 1
43.8274 1
43.8284 1
43.8294 1
43.8304 1
43.8313 1
43.8325 1
43.8335 1
43.8344 1
43.8354 1
43.8364 1
43.8373 1
43.8385 1
43.8395 1
43.8404 1
43.8414 1
43.8424 1
43.8433 1
43.8445 1
43.8455 1
44.6027 1
44.6036 1
44.6046 1
44.6056 1
44.6065 1
44.6075 1
44.6087 1
44.6096 1
44.6106 1
44.6116 1
44.6125 1
44.6135 1
44.6147 1
44.6156 1
44.6166 1
44.6176 1
44.6186 1
44.6195 1
44.6207 1
44.6217 1
44.6226 1
44.6236 1
44.6246 1
44.6255 1
44.6267 1
44.6277 1
44.6286 1
44.6296 1
44.6306 1
44.6315 1
44.6327 1
44.6337 1
44.6346 1
44.6356 1
44.6366 1
44.6375 1
44.6387 1
44.6397 1
44.6406 1
44.6416 1
44.6426 1
44.6436 1
44.6447 1
44.6457 1
45.4029 1
45.4038 1
45.4048 1
45.4058 1
45.4068 1
45.4077 1
45.4089 1
45.4099 1
45.4108 1
45.4118 1
45.4128 1
45.4137 1
45.4149 1
45.4159 1
45.4168 1
45.4178 1
45.4188 1
45.4197 1
45.4209 1
45.4219 1
45.4228 1
45.4238 1
45.4248 1
45.4257 1
45.4269 1
45.4279 1
45.4288 1
45.4298 1
45.4308 1
45.4318 1
45.4329 1
45.4339 1
45.4349 1
45.4358 1
45.4368 1
45.4378 1
45.4389 1
45.4399 1
45.4409 1
45.4418 1
45.4428 1
45.4438 1
45.4449 1
45.4459 1
46.2031 1
46.2041 1
46.205 1
46.206 1
46.207 1
46.2079 1
46.2091 1
46.2101 1
46.211 1
46.212 1
46.213 1
46.2139 1
46.2151 1
46.2161 1
46.217 1
46.218 1
46.219 1
46.22 1
46.2211 1
46.2221 1
46.2231 1
46.224 1
46.225 1
46.226 1
46.2271 1
46.2281 1
46.2291 1
46.23 1
46.231 1
46.232 1
46.2331 1
46.2341 1
46.2351 1
46.236 1
46.237 1
46.238 1
46.2391 1
46.2401 1
46.2411 1
46.242 1
46.243 1
46.244 1
46.2452 1
46.2461 1
47.0033 1
47.0043 1
47.0052 1
47.0062 1
47.0072 1
47.0082 1
47.0093 1
47.0103 1
47.0113 1
47.0122 1
47.0132 1
47.0142 1
47.0153 1
47.0163 1
47.0173 1
47.0182 1
47.0192 1
47.0202 1
47.0213 1
47.0223 1
47.0233 1
47.0242 1
47.0252 1
47.0262 1
47.0273 1
47.0283 1
47.0293 1
47.0303 1
47.0312 1
47.0322 1
47.0334 1
47.0343 1
47.0353 1
47.0363 1
47.0372 1
47.0382 1
47.0394 1
47.0403 1
47.0413 1
47.0423 1
47.0432 1
47.0442 1
47.0454 1
47.0463 1
47.8035 1
47.8045 1
47.8055 1
47.8064 1
47.8074 1
47.8084 1
47.8095 1
47.8105 1
47.8115 1
47.8124 1
47.8134 1
47.8144 1
47.8155 1
47.8165 1
47.8175 1
47.8185 1
47.8194 1
47.8204 1
47.8216 1
47.8225 1
47.8235 1
47.8245 1
47.8254 1
47.8264 1
47.8276 1
47.8285 1
47.8295 1
47.8305 1
47.8314 1
47.8324 1
47.8336 1
47.8345 1
47.8355 1
47.8365 1
47.8374 1
47.8384 1
47.8396 1
47.8405 1
47.8415 1
47.8425 1
47.8435 1
47.8444 1
47.8456 1
47.8466 1
48.6037 1
48.6047 1
48.6057 1
48.6067 1
48.6076 1
48.6086 1
48.6098 1
48.6107 1
48.6117 1
48.6127 1
48.6136 1
48.6146 1
48.6158 1
48.6167 1
48.6177 1
48.6187 1
48.6196 1
48.6206 1
48.6218 1
48.6227 1
48.6237 1
48.6247 1
48.6256 1
48.6266 1
48.6278 1
48.6287 1
48.6297 1
48.6307 1
48.6317 1
48.6326 1
48.6338 1
48.6348 1
48.6357 1
48.6367 1
48.6377 1
48.6386 1
48.6398 1
48.6408 1
48.6417 1
48.6427 1
48.6437 1
48.6446 1
48.6458 1
48.6468 1
49.404 1
49.4049 1
49.4059 1
49.4069 1
49.4078 1
49.4088 1
49.41 1
49.4109 1
49.4119 1
49.4129 1
49.4138 1
49.4148 1
49.416 1
49.4169 1
49.4179 1
49.4189 1
49.4199 1
49.4208 1
49.422 1
49.423 1
49.4239 1
49.4249 1
49.4259 1
49.4268 1
49.428 1
49.429 1
49.4299 1
49.4309 1
49.4319 1
49.4328 1
49.434 1
49.435 1
49.4359 1
49.4369 1
49.4379 1
49.4388 1
49.44 1
49.441 1
49.4419 1
49.4429 1
49.4439 1
49.4449 1
49.446 1
49.447 1
50.2042 1
50.2051 1
50.2061 1
50.2071 1
50.2081 1
50.209 1
50.2102 1
50.2112 1
50.2121 1
50.2131 1
50.2141 1
50.215 1
50.2162 1
50.2172 1
50.2181 1
50.2191 1
50.2201 1
50.221 1
50.2222 1
50.2232 1
50.2241 1
50.2251 1
50.2261 1
50.227 1
50.2282 1
50.2292 1
50.2301 1
50.2311 1
50.2321 1
50.2331 1
50.2342 1
50.2352 1
50.2362 1
50.2371 1
50.2381 1
50.2391 1
50.2402 1
50.2412 1
50.2422 1
50.2431 1
50.2441 1
50.2451 1
50.2462 1
50.2472 1
51.0044 1
51.0054 1
51.0063 1
51.0073 1
51.0083 1
51.0092 1
51.0104 1
51.0114 1
51.0123 1
51.0133 1
51.0143 1
51.0152 1
51.0164 1
51.0174 1
51.0183 1
51.0193 1
51.0203 1
51.0213 1
51.0224 1
51.0234 1
51.0244 1
51.0253 1
51.0263 1
51.0273 1
51.0284 1
51.0294 1
51.0304 1
51.0313 1
51.0323 1
51.0333 1
51.0344 1
51.0354 1
51.0364 1
51.0373 1
51.0383 1
51.0393 1
51.0404 1
51.0414 1
51.0424 1
51.0434 1
51.0443 1
51.0453 1
51.0465 1
51.0474 1
51.8046 1
51.8056 1
51.8066 1
51.8075 1
51.8085 1
51.8095 1
51.8106 1
51.8116 1
51.8126 1
51.8135 1
51.8145 1
51.8155 1
51.8166 1
51.8176 1
51.8186 1
51.8195 1
51.8205 1
51.8215 1
51.8226 1
51.8236 1
51.8246 1
51.8255 1
51.8265 1
51.8275 1
51.8286 1
51.8296 1
51.8306 1
51.8316 1
51.8325 1
51.8335 1
51.8347 1
51.8356 1
51.8366 1
51.8376 1
51.8385 1
51.8395 1
51.8407 1
51.8416 1
51.8426 1
51.8436 1
51.8445 1
51.8455 1
51.8467 1
51.8476 1
52.6048 1
52.6058 1
52.6068 1
52.6077 1
52.6087 1
52.6097 1
52.6108 1
52.6118 1
52.6128 1
52.6137 1
52.6147 1
52.6157 1
52.6168 1
52.6178 1
52.6188 1
52.6198 1
52.6207 1
52.6217 1
52.6229 1
52.6238 1
52.6248 1
52.6258 1
52.6267 1
52.6277 1
52.6289 1
52.6298 1
52.6308 1
52.6318 1
52.6327 1
52.6337 1
52.6349 1
52.6358 1
52.6368 1
52.6378 1
52.6387 1
52.6397 1
52.6409 1
52.6418 1
52.6428 1
52.6438 1
52.6448 1
52.6457 1
52.6469 1
52.6479 1
53.405 1
53.406 1
53.407 1
53.408 1
53.4089 1
53.4099 1
53.4111 1
53.412 1
53.413 1
53.414 1
53.4149 1
53.4159 1
53.4171 1
53.418 1
53.419 1
53.42 1
53.4209 1
53.4219 1
53.4231 1
53.424 1
53.425 1
53.426 1
53.4269 1
53.4279 1
53.4291 1
53.43 1
53.431 1
53.432 1
53.433 1
53.4339 1
53.4351 1
53.4361 1
53.437 1
53.438 1
53.439 1
53.4399 1
53.4411 1
53.4421 1
53.443 1
53.444 1
53.445 1
53.4459 1
53.4471 1
53.4481 1
54.2053 1
54.2062 1
54.2072 1
54.2082 1
54.2091 1
54.2101 1
54.2113 1
54.2122 1
54.2132 1
54.2142 1
54.2151 1
54.2161 1
54.2173 1
54.2182 1
54.2192 1
54.2202 1
54.2212 1
54.2221 1
54.2233 1
54.2243 1
54.2252 1
54.2262 1
54.2272 1
54.2281 1
54.2293 1
54.2303 1
54.2312 1
54.2322 1
54.2332 1
54.2341 1
54.2353 1
54.2363 1
54.2372 1
54.2382 1
54.2392 1
54.2401 1
54.2413 1
54.2423 1
54.2432 1
54.2442 1
54.2452 1
54.2462 1
54.2473 1
54.2483 1
55.0055 1
55.0064 1
55.0074 1
55.0084 1
55.0094 1
55.0103 1
55.0115 1
55.0125 1
55.0134 1
55.0144 1
55.0154 1
55.0163 1
55.0175 1
55.0185 1
55.0194 1
55.0204 1
55.0214 1
55.0223 1
55.0235 1
55.0245 1
55.0254 1
55.0264 1
55.0274 1
55.0283 1
55.0295 1
55.0305 1
55.0314 1
55.0324 1
55.0334 1
55.0344 1
55.0355 1
55.0365 1
55.0375 1
55.0384 1
55.0394 1
55.0404 1
55.0415 1
55.0425 1
55.0435 1
55.0444 1
55.0454 1
55.0464 1
55.0475 1
55.0485 1
55.8057 1
55.8067 1
55.8076 1
55.8086 1
55.8096 1
55.8105 1
55.8117 1
55.8127 1
55.8136 1
55.8146 1
55.8156 1
55.8165 1
55.8177 1
55.8187 1
55.8197 1
55.8206 1
55.8216 1
55.8226 1
55.8237 1
55.8247 1
55.8257 1
55.8266 1
55.8276 1
55.8286 1
55.8297 1
55.8307 1
55.8317 1
55.8326 1
55.8336 1
55.8346 1
55.8357 1
55.8367 1
55.8377 1
55.8386 1
55.8396 1
55.8406 1
55.8417 1
55.8427 1
55.8437 1
55.8447 1
55.8456 1
55.8466 1
55.8478 1
55.8487 1
56.6059 1
56.6069 1
56.6079 1
56.6088 1
56.6098 1
56.6108 1
56.6119 1
56.6129 1
56.6139 1
56.6148 1
56.6158 1
56.6168 1
56.6179 1
56.6189 1
56.6199 1
56.6208 1
56.6218 1
56.6228 1
56.6239 1
56.6249 1
56.6259 1
56.6268 1
56.6278 1
56.6288 1
56.6299 1
56.6309 1
56.6319 1
56.6329 1
56.6338 1
56.6348 1
56.636 1
56.6369 1
56.6379 1
56.6389 1
56.6398 1
56.6408 1
56.642 1
56.6429 1
56.6439 1
56.6449 1
56.6458 1
56.6468 1
56.648 1
56.6489 1
57.4061 1
57.4071 1
57.4081 1
57.409 1
57.41 1
57.411 1
57.4121 1
57.4131 1
57.4141 1
57.415 1
57.416 1
57.417 1
57.4181 1
57.4191 1
57.4201 1
57.4211 1
57.422 1
57.423 1
57.4242 1
57.4251 1
57.4261 1
57.4271 1
57.428 1
57.429 1
57.4302 1
57.4311 1
57.4321 1
57.4331 1
57.434 1
57.435 1
57.4362 1
57.4371 1
57.4381 1
57.4391 1
57.44 1
57.441 1
57.4422 1
57.4431 1
57.4441 1
57.4451 1
57.4461 1
57.447 1
57.4482 1
57.4492 1
58.2063 1
58.2073 1
58.2083 1
58.2093 1
58.2102 1
58.2112 1
58.2124 1
58.2133 1
58.2143 1
58.2153 1
58.2162 1
58.2172 1
58.2184 1
58.2193 1
58.2203 1
58.2213 1
58.2222 1
58.2232 1
58.2244 1
58.2253 1
58.2263 1
58.2273 1
58.2282 1
58.2292 1
58.2304 1
58.2313 1
58.2323 1
58.2333 1
58.2343 1
58.2352 1
58.2364 1
58.2374 1
58.2383 1
58.2393 1
58.2403 1
58.2412 1
58.2424 1
58.2434 1
58.2443 1
58.2453 1
58.2463 1
58.2472 1
58.2484 1
58.2494 1
59.0066 1
59.0075 1
59.0085 1
59.0095 1
59.0104 1
59.0114 1
59.0126 1
59.0135 1
59.0145 1
59.0155 1
59.0164 1
59.0174 1
59.0186 1
59.0195 1
59.0205 1
59.0215 1
59.0225 1
59.0234 1
59.0246 1
59.0256 1
59.0265 1
59.0275 1
59.0285 1
59.0294 1
59.0306 1
59.0316 1
59.0325 1
59.0335 1
59.0345 1
59.0354 1
59.0366 1
59.0376 1
59.0385 1
59.0395 1
59.0405 1
59.0414 1
59.0426 1
59.0436 1
59.0445 1
59.0455 1
59.0465 1
59.0475 1
59.0486 1
59.0496 1
59.8068 1
59.8077 1
59.8087 1
59.8097 1
59.8107 1
59.8116 1
59.8128 1
59.8138 1
59.8147 1
59.8157 1
59.8167 1
59.8176 1
59.8188 1
59.8198 1
59.8207 1
59.8217 1
59.8227 1
59.8236 1
59.8248 1
59.8258 1
59.8267 1
59.8277 1
59.8287 1
59.8296 1
59.8308 1
59.8318 1
59.8328 1
59.8337 1
59.8347 1
59.8357 1
59.8368 1
59.8378 1
59.8388 1
59.8397 1
59.8407 1
59.8417 1
59.8428 1
59.8438 1
59.8448 1
59.8457 1
59.8467 1
59.8477 1
59.8488 1
59.8498 1
