1.24453 1
1.24458 1
1.24464 1
1.24471 1
1.24478 1
1.24483 1
1.2449 1
1.24496 1
1.24501 1
1.24509 1
1.24514 1
1.2452 1
1.24525 1
1.24531 1
1.24536 1
1.24543 1
1.24549 1
1.24554 1
1.24559 1
1.24565 1
1.2457 1
1.24575 1
1.24581 1
1.24586 1
1.24591 1
1.24597 1
1.24602 1
1.24607 1
1.24612 1
1.24616 1
1.24621 1
1.24626 1
1.24632 1
1.24637 1
1.24642 1
1.24647 1
1.24651 1
1.24656 1
1.24661 1
1.24666 1
1.24671 1
1.24675 1
1.2468 1
1.24685 1
1.2469 1
1.24695 1
1.24699 1
1.24704 1
1.24709 1
1.24714 1
1.24719 1
1.24724 1
1.24728 1
1.24733 1
1.24738 1
1.24743 1
1.24748 1
1.24752 1
1.24757 1
1.24762 1
1.24767 1
1.24772 1
1.24776 1
1.24781 1
1.24786 1
1.24791 1
1.24796 1
1.248 1
1.24805 1
1.2481 1
1.24815 1
1.2482 1
1.24824 1
1.24829 1
1.24834 1
1.24839 1
1.24844 1
1.24848 1
1.24853 1
1.24858 1
1.24863 1
1.24868 1
1.24873 1
1.24877 1
1.24882 1
1.24887 1
1.24892 1
1.24897 1
1.24901 1
1.24906 1
1.24911 1
1.24916 1
1.24921 1
1.24925 1
1.2493 1
1.24935 1
1.2494 1
1.24945 1
1.24949 1
1.24954 1
1.24959 1
1.24964 1
1.24969 1
1.24973 1
1.24978 1
1.24983 1
1.24988 1
1.24993 1
1.24997 1
1.25002 1
1.25007 1
1.25012 1
1.25017 1
1.25021 1
1.25026 1
1.25031 1
1.25036 1
1.25041 1
1.25046 1
1.2505 1
1.25055 1
1.2506 1
1.25065 1
1.2507 1
1.25074 1
1.25079 1
1.25084 1
1.25089 1
1.25094 1
1.25098 1
1.25103 1
1.25108 1
1.25113 1
1.25118 1
1.25122 1
1.25127 1
1.25132 1
1.25137 1
1.25142 1
1.25146 1
1.25151 1
1.25156 1
1.25161 1
1.25166 1
1.2517 1
1.25175 1
1.2518 1
1.25185 1
1.2519 1
1.25195 1
1.25199 1
1.25204 1
1.25209 1
1.25214 1
1.25219 1
1.25223 1
1.25228 1
1.25233 1
1.25238 1
1.25243 1
1.25247 1
1.25252 1
1.25257 1
1.25262 1
1.25267 1
1.25271 1
1.25276 1
1.25281 1
1.25286 1
1.25291 1
1.25295 1
1.253 1
1.25305 1
1.2531 1
1.25315 1
1.25319 1
1.25324 1
1.25329 1
1.25334 1
1.25339 1
1.25344 1
1.25348 1
1.25353 1
1.25358 1
1.25363 1
1.25368 1
1.25372 1
1.25377 1
1.25382 1
1.25387 1
1.25392 1
1.25396 1
1.25401 1
1.25406 1
1.25411 1
1.25416 1
1.2542 1
1.25425 1
1.2543 1
1.25435 1
1.2544 1
1.25444 1
1.25449 1
1.25454 1
1.25459 1
1.25464 1
1.25468 1
1.25473 1
1.25478 1
1.25483 1
1.25488 1
1.25493 1
1.25497 1
1.25502 1
1.25507 1
1.25512 1
1.25517 1
1.25521 1
1.25526 1
1.25531 1
1.25536 1
1.25541 1
1.25545 1
1.2555 1
1.25555 1
1.2556 1
1.25565 1
1.25569 1
1.25574 1
1.25579 1
1.25584 1
1.25589 1
1.25593 1
1.25598 1
1.25603 1
1.25608 1
1.25613 1
1.25617 1
1.25622 1
1.25627 1
1.25632 1
1.25637 1
1.25642 1
1.25646 1
1.25651 1
1.25656 1
1.25661 1
1.25666 1
1.2567 1
1.25675 1
1.2568 1
1.25685 1
1.2569 1
1.25694 1
1.25699 1
1.25704 1
1.25709 1
1.25714 1
1.25718 1
1.25723 1
1.25728 1
1.25733 1
1.25738 1
1.25742 1
1.25747 1
1.25752 1
1.25757 1
1.25762 1
1.25766 1
1.25771 1
1.25776 1
1.25781 1
1.25786 1
1.25791 1
1.25795 1
1.258 1
1.25805 1
1.2581 1
1.25815 1
1.25819 1
1.25824 1
1.25829 1
1.25834 1
1.25839 1
1.25843 1
1.25848 1
1.25853 1
1.25858 1
1.25863 1
1.25867 1
1.25872 1
1.25877 1
1.25882 1
1.25887 1
1.25891 1
1.25896 1
1.25901 1
1.25906 1
1.25911 1
1.25915 1
1.2592 1
1.25925 1
1.2593 1
1.25935 1
1.2594 1
1.25944 1
1.25949 1
1.25954 1
1.25959 1
1.25964 1
1.25968 1
1.25973 1
1.25978 1
1.25983 1
1.25988 1
1.25992 1
1.25997 1
1.26002 1
1.26007 1
1.26012 1
1.26016 1
1.26021 1
1.26026 1
1.26031 1
1.26036 1
1.2604 1
1.26045 1
1.2605 1
1.26055 1
1.2606 1
1.26064 1
1.26069 1
1.26074 1
1.26079 1
1.26084 1
1.26089 1
1.26093 1
1.26098 1
1.26103 1
1.26108 1
1.26113 1
1.26117 1
1.26122 1
1.26127 1
1.26132 1
1.26137 1
1.26141 1
1.26146 1
1.26151 1
1.26156 1
1.26161 1
1.26165 1
1.2617 1
1.26175 1
1.2618 1
1.26185 1
1.26189 1
1.26194 1
1.26199 1
1.26204 1
1.26209 1
1.26213 1
1.26218 1
1.26223 1
1.26228 1
1.26233 1
1.26238 1
1.26242 1
1.26247 1
1.26252 1
1.26257 1
1.26262 1
1.26266 1
1.26271 1
1.26276 1
1.26281 1
1.26286 1
1.2629 1
1.26295 1
1.263 1
1.26305 1
1.2631 1
1.26314 1
1.26319 1
1.26324 1
1.26329 1
1.26334 1
1.26338 1
1.26343 1
1.26348 1
1.26353 1
1.26358 1
1.26362 1
1.26367 1
1.26372 1
1.26377 1
1.26382 1
1.26387 1
1.26391 1
1.26396 1
1.26401 1
1.26406 1
1.26411 1
1.26415 1
1.2642 1
1.26425 1
1.2643 1
1.26435 1
1.26439 1
1.26444 1
1.26449 1
1.26454 1
1.26459 1
1.26463 1
1.26468 1
1.26473 1
1.26478 1
1.26483 1
1.26487 1
1.26492 1
1.26497 1
1.26502 1
1.26507 1
1.26511 1
1.26516 1
1.26521 1
1.26526 1
1.26531 1
1.26536 1
1.2654 1
1.26545 1
1.2655 1
1.26555 1
1.2656 1
1.26564 1
1.26569 1
1.26574 1
1.26579 1
1.26584 1
1.26588 1
1.26593 1
1.26598 1
1.26603 1
1.26608 1
1.26612 1
1.26617 1
1.26622 1
1.26627 1
1.26632 1
1.26636 1
1.26641 1
1.26646 1
1.26651 1
1.26656 1
1.2666 1
1.26665 1
1.2667 1
1.26675 1
1.2668 1
1.26685 1
1.26689 1
1.26694 1
1.26699 1
1.26704 1
1.26709 1
1.26713 1
1.26718 1
1.26723 1
1.26728 1
1.26733 1
1.26737 1
1.26742 1
1.26747 1
1.26752 1
1.26757 1
1.26761 1
1.26766 1
1.26771 1
1.26776 1
1.26781 1
1.26785 1
1.2679 1
1.26795 1
1.268 1
1.26805 1
1.26809 1
1.26814 1
1.26819 1
1.26824 1
1.26829 1
1.26834 1
1.26838 1
1.26843 1
1.26848 1
1.26853 1
1.26858 1
1.26862 1
1.26867 1
1.26872 1
1.26877 1
1.26882 1
1.26886 1
1.26891 1
1.26896 1
1.26901 1
1.26906 1
1.2691 1
1.26915 1
1.2692 1
1.26925 1
1.2693 1
1.26934 1
1.26939 1
1.26944 1
1.26949 1
1.26954 1
1.26958 1
1.26963 1
1.26968 1
1.26973 1
1.26978 1
1.26983 1
1.26987 1
1.26992 1
1.26997 1
1.27002 1
1.27007 1
1.27011 1
1.27016 1
1.27021 1
1.27026 1
1.27031 1
1.27035 1
1.2704 1
1.27045 1
1.2705 1
1.27055 1
1.27059 1
1.27064 1
1.27069 1
1.27074 1
1.27079 1
1.27083 1
1.27088 1
1.27093 1
1.27098 1
1.27103 1
1.27107 1
1.27112 1
1.27117 1
1.27122 1
1.27127 1
1.27132 1
1.27136 1
1.27141 1
1.27146 1
1.27151 1
1.27156 1
1.2716 1
1.27165 1
1.2717 1
1.27175 1
1.2718 1
1.27184 1
1.27189 1
1.27194 1
1.27199 1
1.27204 1
1.27208 1
1.27213 1
1.27218 1
1.27223 1
1.27228 1
1.27232 1
1.27237 1
1.27242 1
1.27247 1
1.27252 1
1.27256 1
1.27261 1
1.27266 1
1.27271 1
1.27276 1
1.27281 1
1.27285 1
1.2729 1
1.27295 1
1.273 1
1.27305 1
1.27309 1
1.27314 1
1.27319 1
1.27324 1
1.27329 1
1.27333 1
1.27338 1
1.27343 1
1.27348 1
1.27353 1
1.27357 1
1.27362 1
1.27367 1
1.27372 1
1.27377 1
1.27381 1
1.27386 1
1.27391 1
1.27396 1
1.27401 1
1.27405 1
1.2741 1
1.27415 1
1.2742 1
1.27425 1
1.2743 1
1.27434 1
1.27439 1
1.27444 1
1.27449 1
1.27454 1
1.27458 1
1.27463 1
1.27468 1
1.27473 1
1.27478 1
1.27482 1
1.27487 1
1.27492 1
1.27497 1
1.27502 1
1.27506 1
1.27511 1
1.27516 1
1.27521 1
1.27526 1
1.2753 1
1.27535 1
1.2754 1
1.27545 1
1.2755 1
1.27554 1
1.27559 1
1.27564 1
1.27569 1
1.27574 1
1.27579 1
1.27583 1
1.27588 1
1.27593 1
1.27598 1
1.27603 1
1.27607 1
1.27612 1
1.27617 1
1.27622 1
1.27627 1
1.27631 1
1.27636 1
1.27641 1
1.27646 1
1.27651 1
1.27655 1
1.2766 1
1.27665 1
1.2767 1
1.27675 1
1.27679 1
1.27684 1
1.27689 1
1.27694 1
1.27699 1
1.27703 1
1.27708 1
1.27713 1
1.27718 1
1.27723 1
1.27728 1
1.27732 1
1.27737 1
1.27742 1
1.27747 1
1.27752 1
1.27756 1
1.27761 1
1.27766 1
1.27771 1
1.27776 1
1.2778 1
1.27785 1
1.2779 1
1.27795 1
1.278 1
1.27804 1
1.27809 1
1.27814 1
1.27819 1
1.27824 1
1.27828 1
1.27833 1
1.27838 1
1.27843 1
1.27848 1
1.27852 1
1.27857 1
1.27862 1
1.27867 1
1.27872 1
1.27877 1
1.27881 1
1.27886 1
1.27891 1
1.27896 1
1.27901 1
1.27905 1
1.2791 1
1.27915 1
1.2792 1
1.27925 1
1.27929 1
1.27934 1
1.27939 1
1.27944 1
1.27949 1
1.27953 1
1.27958 1
1.27963 1
1.27968 1
1.27973 1
1.27977 1
1.27982 1
1.27987 1
1.27992 1
1.27997 1
1.28001 1
1.28006 1
1.28011 1
1.28016 1
1.28021 1
1.28025 1
1.2803 1
1.28035 1
1.2804 1
1.28045 1
1.2805 1
1.28054 1
1.28059 1
1.28064 1
1.28069 1
1.28074 1
1.28078 1
1.28083 1
1.28088 1
1.28093 1
1.28098 1
1.28102 1
1.28107 1
1.28112 1
1.28117 1
1.28122 1
1.28126 1
1.28131 1
1.28136 1
1.28141 1
1.28146 1
1.2815 1
1.28155 1
1.2816 1
1.28165 1
1.2817 1
1.28174 1
1.28179 1
1.28184 1
1.28189 1
1.28194 1
1.28199 1
1.28203 1
1.28208 1
1.28213 1
1.28218 1
1.28223 1
1.28227 1
1.28232 1
1.28237 1
1.28242 1
1.28247 1
1.28251 1
1.28256 1
1.28261 1
1.28266 1
1.28271 1
1.28275 1
1.2828 1
1.28285 1
1.2829 1
1.28295 1
1.28299 1
1.28304 1
1.28309 1
1.28314 1
1.28319 1
1.28323 1
1.28328 1
1.28333 1
1.28338 1
1.28343 1
1.28348 1
1.28352 1
1.28357 1
1.28362 1
1.28367 1
1.28372 1
1.28376 1
1.28381 1
1.28386 1
1.28391 1
1.28396 1
1.284 1
1.28405 1
1.2841 1
1.28415 1
1.2842 1
1.28424 1
1.28429 1
1.28434 1
1.28439 1
1.28444 1
1.28448 1
1.28453 1
1.28458 1
1.28463 1
1.28468 1
1.28472 1
1.28477 1
1.28482 1
1.28487 1
1.28492 1
1.28497 1
1.28501 1
1.28506 1
1.28511 1
1.28516 1
1.28521 1
1.28525 1
1.2853 1
1.28535 1
1.2854 1
1.28545 1
1.28549 1
1.28554 1
1.28559 1
1.28564 1
1.28569 1
1.28573 1
1.28578 1
1.28583 1
1.28588 1
1.28593 1
1.28597 1
1.28602 1
1.28607 1
1.28612 1
1.28617 1
1.28621 1
1.28626 1
1.28631 1
1.28636 1
1.28641 1
1.28646 1
1.2865 1
1.28655 1
1.2866 1
1.28665 1
1.2867 1
1.28674 1
1.28679 1
1.28684 1
1.28689 1
1.28694 1
1.28698 1
1.28703 1
1.28708 1
1.28713 1
1.28718 1
1.28722 1
1.28727 1
1.28732 1
1.28737 1
1.28742 1
1.28746 1
1.28751 1
1.28756 1
1.28761 1
1.28766 1
1.2877 1
1.28775 1
1.2878 1
1.28785 1
1.2879 1
1.28795 1
1.28799 1
1.28804 1
1.28809 1
1.28814 1
1.28819 1
1.28823 1
1.28828 1
1.28833 1
1.28838 1
1.28843 1
1.28847 1
1.28852 1
1.28857 1
1.28862 1
1.28867 1
1.28871 1
1.28876 1
1.28881 1
1.28886 1
1.28891 1
1.28895 1
1.289 1
1.28905 1
1.2891 1
1.28915 1
1.28919 1
1.28924 1
1.28929 1
1.28934 1
1.28939 1
1.28944 1
1.28948 1
1.28953 1
1.28958 1
1.28963 1
1.28968 1
1.28972 1
1.28977 1
1.28982 1
1.28987 1
1.28992 1
1.28996 1
1.29001 1
1.29006 1
1.29011 1
1.29016 1
1.2902 1
1.29025 1
1.2903 1
1.29035 1
1.2904 1
1.29044 1
1.29049 1
1.29054 1
1.29059 1
1.29064 1
1.29068 1
1.29073 1
1.29078 1
1.29083 1
1.29088 1
1.29093 1
1.29097 1
1.29102 1
1.29107 1
1.29112 1
1.29117 1
1.29121 1
1.29126 1
1.29131 1
1.29136 1
1.29141 1
1.29145 1
1.2915 1
1.29155 1
1.2916 1
1.29165 1
1.29169 1
1.29174 1
1.29179 1
1.29184 1
1.29189 1
1.29193 1
1.29198 1
1.29203 1
1.29208 1
1.29213 1
1.29217 1
1.29222 1
1.29227 1
1.29232 1
1.29237 1
1.29242 1
1.29246 1
1.29251 1
1.29256 1
1.29261 1
1.29266 1
1.2927 1
1.29275 1
1.2928 1
1.29285 1
1.2929 1
1.29294 1
1.29299 1
1.29304 1
1.29309 1
1.29314 1
1.29318 1
1.29323 1
1.29328 1
1.29333 1
1.29338 1
1.29342 1
1.29347 1
1.29352 1
1.29357 1
1.29362 1
1.29366 1
1.29371 1
1.29376 1
1.29381 1
1.29386 1
1.29391 1
1.29395 1
1.294 1
1.29405 1
1.2941 1
1.29415 1
1.29419 1
1.29424 1
1.29429 1
1.29434 1
1.29439 1
1.29443 1
1.29448 1
1.29453 1
1.29458 1
1.29463 1
1.29467 1
1.29472 1
1.29477 1
1.29482 1
1.29487 1
1.29491 1
1.29496 1
1.29501 1
1.29506 1
1.29511 1
1.29515 1
1.2952 1
1.29525 1
1.2953 1
1.29535 1
1.2954 1
1.29544 1
1.29549 1
1.29554 1
1.29559 1
1.29564 1
1.29568 1
1.29573 1
1.29578 1
1.29583 1
1.29588 1
1.29592 1
1.29597 1
1.29602 1
1.29607 1
1.29612 1
1.29616 1
1.29621 1
1.29626 1
1.29631 1
1.29636 1
1.2964 1
1.29645 1
1.2965 1
1.29655 1
1.2966 1
1.29664 1
1.29669 1
1.29674 1
1.29679 1
1.29684 1
1.29689 1
1.29693 1
1.29698 1
1.29703 1
1.29708 1
1.29713 1
1.29717 1
1.29722 1
1.29727 1
1.29732 1
1.29737 1
1.29741 1
1.29746 1
1.29751 1
1.29756 1
1.29761 1
1.29765 1
1.2977 1
1.29775 1
1.2978 1
1.29785 1
1.29789 1
1.29794 1
1.29799 1
1.29804 1
1.29809 1
1.29813 1
1.29818 1
1.29823 1
1.29828 1
1.29833 1
1.29838 1
1.29842 1
1.29847 1
1.29852 1
1.29857 1
1.29862 1
1.29866 1
1.29871 1
1.29876 1
1.29881 1
1.29886 1
1.2989 1
1.29895 1
1.299 1
1.29905 1
1.2991 1
1.29914 1
1.29919 1
1.29924 1
1.29929 1
1.29934 1
1.29938 1
1.29943 1
1.29948 1
1.29953 1
1.29958 1
1.29962 1
1.29967 1
1.29972 1
1.29977 1
1.29982 1
1.29987 1
1.29991 1
1.29996 1
1.30001 1
1.30006 1
1.30011 1
1.30015 1
1.3002 1
1.30025 1
1.3003 1
1.30035 1
1.30039 1
1.30044 1
1.30049 1
1.30054 1
1.30059 1
1.30063 1
1.30068 1
1.30073 1
1.30078 1
1.30083 1
1.30087 1
1.30092 1
1.30097 1
1.30102 1
1.30107 1
1.30111 1
1.30116 1
1.30121 1
1.30126 1
1.30131 1
1.30136 1
1.3014 1
1.30145 1
1.3015 1
1.30155 1
1.3016 1
1.30164 1
1.30169 1
1.30174 1
1.30179 1
1.30184 1
1.30188 1
1.30193 1
1.30198 1
1.30203 1
1.30208 1
1.30212 1
1.30217 1
1.30222 1
1.30227 1
1.30232 1
1.30236 1
1.30241 1
1.30246 1
1.30251 1
1.30256 1
1.3026 1
1.30265 1
1.3027 1
1.30275 1
1.3028 1
1.30285 1
1.30289 1
1.30294 1
1.30299 1
1.30304 1
1.30309 1
1.30313 1
1.30318 1
1.30323 1
1.30328 1
1.30333 1
1.30337 1
1.30342 1
1.30347 1
1.30352 1
1.30357 1
1.30361 1
1.30366 1
1.30371 1
1.30376 1
1.30381 1
1.30385 1
1.3039 1
1.30395 1
1.304 1
1.30405 1
1.30409 1
1.30414 1
1.30419 1
1.30424 1
1.30429 1
1.30434 1
1.30438 1
1.30443 1
1.30448 1
1.30453 1
1.30458 1
1.30462 1
1.30467 1
1.30472 1
1.30477 1
1.30482 1
1.30486 1
1.30491 1
1.30496 1
1.30501 1
1.30506 1
1.3051 1
1.30515 1
1.3052 1
1.30525 1
1.3053 1
1.30534 1
1.30539 1
1.30544 1
1.30549 1
1.30554 1
1.30558 1
1.30563 1
1.30568 1
1.30573 1
1.30578 1
1.30583 1
1.30587 1
1.30592 1
1.30597 1
1.30602 1
1.30607 1
1.30611 1
1.30616 1
1.30621 1
1.30626 1
1.30631 1
1.30635 1
1.3064 1
1.30645 1
1.3065 1
1.30655 1
1.30659 1
1.30664 1
1.30669 1
1.30674 1
1.30679 1
1.30683 1
1.30688 1
1.30693 1
1.30698 1
1.30703 1
1.30707 1
1.30712 1
1.30717 1
1.30722 1
1.30727 1
1.30732 1
1.30736 1
1.30741 1
1.30746 1
1.30751 1
1.30756 1
1.3076 1
1.30765 1
1.3077 1
1.30775 1
1.3078 1
1.30784 1
1.30789 1
1.30794 1
1.30799 1
1.30804 1
1.30808 1
1.30813 1
1.30818 1
1.30823 1
1.30828 1
1.30832 1
1.30837 1
1.30842 1
1.30847 1
1.30852 1
1.30856 1
1.30861 1
1.30866 1
1.30871 1
1.30876 1
1.30881 1
1.30885 1
1.3089 1
1.30895 1
1.309 1
1.30905 1
1.30909 1
1.30914 1
1.30919 1
1.30924 1
1.30929 1
1.30933 1
1.30938 1
1.30943 1
1.30948 1
1.30953 1
1.30957 1
1.30962 1
1.30967 1
1.30972 1
1.30977 1
1.30981 1
1.30986 1
1.30991 1
1.30996 1
1.31001 1
1.31005 1
1.3101 1
1.31015 1
1.3102 1
1.31025 1
1.31029 1
1.31034 1
1.31039 1
1.31044 1
1.31049 1
1.31054 1
1.31058 1
1.31063 1
1.31068 1
1.31073 1
1.31078 1
1.31082 1
1.31087 1
1.31092 1
1.31097 1
1.31102 1
1.31106 1
1.31111 1
1.31116 1
1.31121 1
1.31126 1
1.3113 1
1.31135 1
1.3114 1
1.31145 1
1.3115 1
1.31154 1
1.31159 1
1.31164 1
1.31169 1
1.31174 1
1.31178 1
1.31183 1
1.31188 1
1.31193 1
1.31198 1
1.31203 1
1.31207 1
1.31212 1
1.31217 1
1.31222 1
1.31227 1
1.31231 1
1.31236 1
1.31241 1
1.31246 1
1.31251 1
1.31255 1
1.3126 1
1.31265 1
1.3127 1
1.31275 1
1.31279 1
1.31284 1
1.31289 1
1.31294 1
1.31299 1
1.31303 1
1.31308 1
1.31313 1
1.31318 1
1.31323 1
1.31327 1
1.31332 1
1.31337 1
1.31342 1
1.31347 1
1.31352 1
1.31356 1
1.31361 1
1.31366 1
1.31371 1
1.31376 1
1.3138 1
1.31385 1
1.3139 1
1.31395 1
1.314 1
1.31404 1
1.31409 1
1.31414 1
1.31419 1
1.31424 1
1.31428 1
1.31433 1
1.31438 1
1.31443 1
1.31448 1
1.31452 1
1.31457 1
1.31462 1
1.31467 1
1.31472 1
1.31476 1
1.31481 1
1.31486 1
1.31491 1
1.31496 1
1.31501 1
1.31505 1
1.3151 1
1.31515 1
1.3152 1
1.31525 1
1.31529 1
1.31534 1
1.31539 1
1.31544 1
1.31549 1
1.31553 1
1.31558 1
1.31563 1
1.31568 1
1.31573 1
1.31577 1
1.31582 1
1.31587 1
1.31592 1
1.31597 1
1.31601 1
1.31606 1
1.31611 1
1.31616 1
1.31621 1
1.31625 1
1.3163 1
1.31635 1
1.3164 1
1.31645 1
1.3165 1
1.31654 1
1.31659 1
1.31664 1
1.31669 1
1.31674 1
1.31678 1
1.31683 1
1.31688 1
1.31693 1
1.31698 1
1.31702 1
1.31707 1
1.31712 1
1.31717 1
1.31722 1
1.31726 1
1.31731 1
1.31736 1
1.31741 1
1.31746 1
1.3175 1
1.31755 1
1.3176 1
1.31765 1
1.3177 1
1.31774 1
1.31779 1
1.31784 1
1.31789 1
1.31794 1
1.31799 1
1.31803 1
1.31808 1
1.31813 1
1.31818 1
1.31823 1
1.31827 1
1.31832 1
1.31837 1
1.31842 1
1.31847 1
1.31851 1
1.31856 1
1.31861 1
1.31866 1
1.31871 1
1.31875 1
1.3188 1
1.31885 1
1.3189 1
1.31895 1
1.31899 1
1.31904 1
1.31909 1
1.31914 1
1.31919 1
1.31923 1
1.31928 1
1.31933 1
1.31938 1
1.31943 1
1.31948 1
1.31952 1
1.31957 1
1.31962 1
1.31967 1
1.31972 1
1.31976 1
1.31981 1
1.31986 1
1.31991 1
1.31996 1
1.32 1
1.32005 1
1.3201 1
1.32015 1
1.3202 1
1.32024 1
1.32029 1
1.32034 1
1.32039 1
1.32044 1
1.32048 1
1.32053 1
1.32058 1
1.32063 1
1.32068 1
1.32072 1
1.32077 1
1.32082 1
1.32087 1
1.32092 1
1.32097 1
1.32101 1
1.32106 1
1.32111 1
1.32116 1
1.32121 1
1.32125 1
1.3213 1
1.32135 1
1.3214 1
1.32145 1
1.32149 1
1.32154 1
1.32159 1
1.32164 1
1.32169 1
1.32173 1
1.32178 1
1.32183 1
1.32188 1
1.32193 1
1.32197 1
1.32202 1
1.32207 1
1.32212 1
1.32217 1
1.32221 1
1.32226 1
1.32231 1
1.32236 1
1.32241 1
1.32246 1
1.3225 1
1.32255 1
1.3226 1
1.32265 1
1.3227 1
1.32274 1
1.32279 1
1.32284 1
1.32289 1
1.32294 1
1.32298 1
1.32303 1
1.32308 1
1.32313 1
1.32318 1
1.32322 1
1.32327 1
1.32332 1
1.32337 1
1.32342 1
1.32346 1
1.32351 1
1.32356 1
1.32361 1
1.32366 1
1.3237 1
1.32375 1
1.3238 1
1.32385 1
1.3239 1
1.32395 1
1.32399 1
1.32404 1
1.32409 1
1.32414 1
1.32419 1
1.32423 1
1.32428 1
1.32433 1
1.32438 1
1.32443 1
1.32447 1
1.32452 1
1.32457 1
1.32462 1
1.32467 1
1.32471 1
1.32476 1
1.32481 1
1.32486 1
1.32491 1
1.32495 1
1.325 1
1.32505 1
1.3251 1
1.32515 1
1.32519 1
1.32524 1
1.32529 1
1.32534 1
1.32539 1
1.32544 1
1.32548 1
1.32553 1
1.32558 1
1.32563 1
1.32568 1
1.32572 1
1.32577 1
1.32582 1
1.32587 1
1.32592 1
1.32596 1
1.32601 1
1.32606 1
1.32611 1
1.32616 1
1.3262 1
1.32625 1
1.3263 1
1.32635 1
1.3264 1
1.32644 1
1.32649 1
1.32654 1
1.32659 1
1.32664 1
1.32668 1
1.32673 1
1.32678 1
1.32683 1
1.32688 1
1.32693 1
1.32697 1
1.32702 1
1.32707 1
1.32712 1
1.32717 1
1.32721 1
1.32726 1
1.32731 1
1.32736 1
1.32741 1
1.32745 1
1.3275 1
1.32755 1
1.3276 1
1.32765 1
1.32769 1
1.32774 1
1.32779 1
1.32784 1
1.32789 1
1.32793 1
1.32798 1
1.32803 1
1.32808 1
1.32813 1
1.32817 1
1.32822 1
1.32827 1
1.32832 1
1.32837 1
1.32842 1
1.32846 1
1.32851 1
1.32856 1
1.32861 1
1.32866 1
1.3287 1
1.32875 1
1.3288 1
1.32885 1
1.3289 1
1.32894 1
1.32899 1
1.32904 1
1.32909 1
1.32914 1
1.32918 1
1.32923 1
1.32928 1
1.32933 1
1.32938 1
1.32942 1
1.32947 1
1.32952 1
1.32957 1
1.32962 1
1.32966 1
1.32971 1
1.32976 1
1.32981 1
1.32986 1
1.32991 1
1.32995 1
1.33 1
1.33005 1
1.3301 1
1.33015 1
1.33019 1
1.33024 1
1.33029 1
1.33034 1
1.33039 1
1.33043 1
1.33048 1
1.33053 1
1.33058 1
1.33063 1
1.33067 1
1.33072 1
1.33077 1
1.33082 1
1.33087 1
1.33091 1
1.33096 1
1.33101 1
1.33106 1
1.33111 1
1.33115 1
1.3312 1
1.33125 1
1.3313 1
1.33135 1
1.3314 1
1.33144 1
1.33149 1
1.33154 1
1.33159 1
1.33164 1
1.33168 1
1.33173 1
1.33178 1
1.33183 1
1.33188 1
1.33192 1
1.33197 1
1.33202 1
1.33207 1
1.33212 1
1.33216 1
1.33221 1
1.33226 1
1.33231 1
1.33236 1
1.3324 1
1.33245 1
1.3325 1
1.33255 1
1.3326 1
1.33264 1
1.33269 1
1.33274 1
1.33279 1
1.33284 1
1.33289 1
1.33293 1
1.33298 1
1.33303 1
1.33308 1
1.33313 1
1.33317 1
1.33322 1
1.33327 1
1.33332 1
1.33337 1
1.33341 1
1.33346 1
1.33351 1
1.33356 1
1.33361 1
1.33365 1
1.3337 1
1.33375 1
1.3338 1
1.33385 1
1.33389 1
1.33394 1
1.33399 1
1.33404 1
1.33409 1
1.33413 1
1.33418 1
1.33423 1
1.33428 1
1.33433 1
1.33438 1
1.33442 1
1.33447 1
1.33452 1
1.33457 1
1.33462 1
1.33466 1
1.33471 1
1.33476 1
1.33481 1
1.33486 1
1.3349 1
1.33495 1
1.335 1
1.33505 1
1.3351 1
1.33514 1
1.33519 1
1.33524 1
1.33529 1
1.33534 1
1.33538 1
1.33543 1
1.33548 1
1.33553 1
1.33558 1
1.33562 1
1.33567 1
1.33572 1
1.33577 1
1.33582 1
1.33587 1
1.33591 1
1.33596 1
1.33601 1
1.33606 1
1.33611 1
1.33615 1
1.3362 1
1.33625 1
1.3363 1
1.33635 1
1.33639 1
1.33644 1
1.33649 1
1.33654 1
1.33659 1
1.33663 1
1.33668 1
1.33673 1
1.33678 1
1.33683 1
1.33687 1
1.33692 1
1.33697 1
1.33702 1
1.33707 1
1.33711 1
1.33716 1
1.33721 1
1.33726 1
1.33731 1
1.33736 1
1.3374 1
1.33745 1
1.3375 1
1.33755 1
1.3376 1
1.33764 1
1.33769 1
1.33774 1
1.33779 1
1.33784 1
1.33788 1
1.33793 1
1.33798 1
1.33803 1
1.33808 1
1.33812 1
1.33817 1
1.33822 1
1.33827 1
1.33832 1
1.33836 1
1.33841 1
1.33846 1
1.33851 1
1.33856 1
1.3386 1
1.33865 1
1.3387 1
1.33875 1
1.3388 1
1.33885 1
1.33889 1
1.33894 1
1.33899 1
1.33904 1
1.33909 1
1.33913 1
1.33918 1
1.33923 1
1.33928 1
1.33933 1
1.33937 1
1.33942 1
1.33947 1
1.33952 1
1.33957 1
1.33961 1
1.33966 1
1.33971 1
1.33976 1
1.33981 1
1.33985 1
1.3399 1
1.33995 1
1.34 1
1.34005 1
1.34009 1
1.34014 1
1.34019 1
1.34024 1
1.34029 1
1.34033 1
1.34038 1
1.34043 1
1.34048 1
1.34053 1
1.34058 1
1.34062 1
1.34067 1
1.34072 1
1.34077 1
1.34082 1
1.34086 1
1.34091 1
1.34096 1
1.34101 1
1.34106 1
1.3411 1
1.34115 1
1.3412 1
1.34125 1
1.3413 1
1.34134 1
1.34139 1
1.34144 1
1.34149 1
1.34154 1
1.34158 1
1.34163 1
1.34168 1
1.34173 1
1.34178 1
1.34182 1
1.34187 1
1.34192 1
1.34197 1
1.34202 1
1.34207 1
1.34211 1
1.34216 1
1.34221 1
1.34226 1
1.34231 1
1.34235 1
1.3424 1
1.34245 1
1.3425 1
1.34255 1
1.34259 1
1.34264 1
1.34269 1
1.34274 1
1.34279 1
1.34283 1
1.34288 1
1.34293 1
1.34298 1
1.34303 1
1.34307 1
1.34312 1
1.34317 1
1.34322 1
1.34327 1
1.34331 1
1.34336 1
1.34341 1
1.34346 1
1.34351 1
1.34356 1
1.3436 1
1.34365 1
1.3437 1
1.34375 1
1.3438 1
1.34384 1
1.34389 1
1.34394 1
1.34399 1
1.34404 1
1.34408 1
1.34413 1
1.34418 1
1.34423 1
1.34428 1
1.34432 1
1.34437 1
1.34442 1
1.34447 1
1.34452 1
1.34456 1
1.34461 1
1.34466 1
1.34471 1
1.34476 1
1.3448 1
1.34485 1
1.3449 1
1.34495 1
1.345 1
1.34505 1
1.34509 1
1.34514 1
1.34519 1
1.34524 1
1.34529 1
1.34533 1
1.34538 1
1.34543 1
1.34548 1
1.34553 1
1.34557 1
1.34562 1
1.34567 1
1.34572 1
1.34577 1
1.34581 1
1.34586 1
1.34591 1
1.34596 1
1.34601 1
1.34605 1
1.3461 1
1.34615 1
1.3462 1
1.34625 1
1.34629 1
1.34634 1
1.34639 1
1.34644 1
1.34649 1
1.34654 1
1.34658 1
1.34663 1
1.34668 1
1.34673 1
1.34678 1
1.34682 1
1.34687 1
1.34692 1
1.34697 1
1.34702 1
1.34706 1
1.34711 1
1.34716 1
1.34721 1
1.34726 1
1.3473 1
1.34735 1
1.3474 1
1.34745 1
1.3475 1
1.34754 1
1.34759 1
1.34764 1
1.34769 1
1.34774 1
1.34778 1
1.34783 1
1.34788 1
1.34793 1
1.34798 1
1.34803 1
1.34807 1
1.34812 1
1.34817 1
1.34822 1
1.34827 1
1.34831 1
1.34836 1
1.34841 1
1.34846 1
1.34851 1
1.34855 1
1.3486 1
1.34865 1
1.3487 1
1.34875 1
1.34879 1
1.34884 1
1.34889 1
1.34894 1
1.34899 1
1.34903 1
1.34908 1
1.34913 1
1.34918 1
1.34923 1
1.34927 1
1.34932 1
1.34937 1
1.34942 1
1.34947 1
1.34952 1
1.34956 1
1.34961 1
1.34966 1
1.34971 1
1.34976 1
1.3498 1
1.34985 1
1.3499 1
1.34995 1
1.35 1
1.35004 1
1.35009 1
1.35014 1
1.35019 1
1.35024 1
1.35028 1
1.35033 1
1.35038 1
1.35043 1
1.35048 1
1.35052 1
1.35057 1
1.35062 1
1.35067 1
1.35072 1
1.35076 1
1.35081 1
1.35086 1
1.35091 1
1.35096 1
1.35101 1
1.35105 1
1.3511 1
1.35115 1
1.3512 1
1.35125 1
1.35129 1
1.35134 1
1.35139 1
1.35144 1
1.35149 1
1.35153 1
1.35158 1
1.35163 1
1.35168 1
1.35173 1
1.35177 1
1.35182 1
1.35187 1
1.35192 1
1.35197 1
1.35201 1
1.35206 1
1.35211 1
1.35216 1
1.35221 1
1.35225 1
1.3523 1
1.35235 1
1.3524 1
1.35245 1
1.3525 1
1.35254 1
1.35259 1
1.35264 1
1.35269 1
1.35274 1
1.35278 1
1.35283 1
1.35288 1
1.35293 1
1.35298 1
1.35302 1
1.35307 1
1.35312 1
1.35317 1
1.35322 1
1.35326 1
1.35331 1
1.35336 1
1.35341 1
1.35346 1
1.3535 1
1.35355 1
1.3536 1
1.35365 1
1.3537 1
1.35374 1
1.35379 1
1.35384 1
1.35389 1
1.35394 1
1.35399 1
1.35403 1
1.35408 1
1.35413 1
1.35418 1
1.35423 1
1.35427 1
1.35432 1
1.35437 1
1.35442 1
1.35447 1
1.35451 1
1.35456 1
1.35461 1
1.35466 1
1.35471 1
1.35475 1
1.3548 1
1.35485 1
1.3549 1
1.35495 1
1.35499 1
1.35504 1
1.35509 1
1.35514 1
1.35519 1
1.35523 1
1.35528 1
1.35533 1
1.35538 1
1.35543 1
1.35548 1
1.35552 1
1.35557 1
1.35562 1
1.35567 1
1.35572 1
1.35576 1
1.35581 1
1.35586 1
1.35591 1
1.35596 1
1.356 1
1.35605 1
1.3561 1
1.35615 1
1.3562 1
1.35624 1
1.35629 1
1.35634 1
1.35639 1
1.35644 1
1.35648 1
1.35653 1
1.35658 1
1.35663 1
1.35668 1
1.35672 1
1.35677 1
1.35682 1
1.35687 1
1.35692 1
1.35697 1
1.35701 1
1.35706 1
1.35711 1
1.35716 1
1.35721 1
1.35725 1
1.3573 1
1.35735 1
1.3574 1
1.35745 1
1.35749 1
1.35754 1
1.35759 1
1.35764 1
1.35769 1
1.35773 1
1.35778 1
1.35783 1
1.35788 1
1.35793 1
1.35797 1
1.35802 1
1.35807 1
1.35812 1
1.35817 1
1.35821 1
1.35826 1
1.35831 1
1.35836 1
1.35841 1
1.35846 1
1.3585 1
1.35855 1
1.3586 1
1.35865 1
1.3587 1
1.35874 1
1.35879 1
1.35884 1
1.35889 1
1.35894 1
1.35898 1
1.35903 1
1.35908 1
1.35913 1
1.35918 1
1.35922 1
1.35927 1
1.35932 1
1.35937 1
1.35942 1
1.35946 1
1.35951 1
1.35956 1
1.35961 1
1.35966 1
1.3597 1
1.35975 1
1.3598 1
1.35985 1
1.3599 1
1.35995 1
1.35999 1
1.36004 1
1.36009 1
1.36014 1
1.36019 1
1.36023 1
1.36028 1
1.36033 1
1.36038 1
1.36043 1
1.36047 1
1.36052 1
1.36057 1
1.36062 1
1.36067 1
1.36071 1
1.36076 1
1.36081 1
1.36086 1
1.36091 1
1.36095 1
1.361 1
1.36105 1
1.3611 1
1.36115 1
1.36119 1
1.36124 1
1.36129 1
1.36134 1
1.36139 1
1.36144 1
1.36148 1
1.36153 1
1.36158 1
1.36163 1
1.36168 1
1.36172 1
1.36177 1
1.36182 1
1.36187 1
1.36192 1
1.36196 1
1.36201 1
1.36206 1
1.36211 1
1.36216 1
1.3622 1
1.36225 1
1.3623 1
1.36235 1
1.3624 1
1.36244 1
1.36249 1
1.36254 1
1.36259 1
1.36264 1
1.36268 1
1.36273 1
1.36278 1
1.36283 1
1.36288 1
1.36293 1
1.36297 1
1.36302 1
1.36307 1
1.36312 1
1.36317 1
1.36321 1
1.36326 1
1.36331 1
1.36336 1
1.36341 1
1.36345 1
1.3635 1
1.36355 1
1.3636 1
1.36365 1
1.36369 1
1.36374 1
1.36379 1
1.36384 1
1.36389 1
1.36393 1
1.36398 1
1.36403 1
1.36408 1
1.36413 1
1.36417 1
1.36422 1
1.36427 1
1.36432 1
1.36437 1
1.36442 1
1.36446 1
1.36451 1
1.36456 1
1.36461 1
1.36466 1
1.3647 1
1.36475 1
1.3648 1
1.36485 1
1.3649 1
1.36494 1
1.36499 1
1.36504 1
1.36509 1
1.36514 1
1.36518 1
1.36523 1
1.36528 1
1.36533 1
1.36538 1
1.36542 1
1.36547 1
1.36552 1
1.36557 1
1.36562 1
1.36566 1
1.36571 1
1.36576 1
1.36581 1
1.36586 1
1.36591 1
1.36595 1
1.366 1
1.36605 1
1.3661 1
1.36615 1
1.36619 1
1.36624 1
1.36629 1
1.36634 1
1.36639 1
1.36643 1
1.36648 1
1.36653 1
1.36658 1
1.36663 1
1.36667 1
1.36672 1
1.36677 1
1.36682 1
1.36687 1
1.36691 1
1.36696 1
1.36701 1
1.36706 1
1.36711 1
1.36715 1
1.3672 1
1.36725 1
1.3673 1
1.36735 1
1.3674 1
1.36744 1
1.36749 1
1.36754 1
1.36759 1
1.36764 1
1.36768 1
1.36773 1
1.36778 1
1.36783 1
1.36788 1
1.36792 1
1.36797 1
1.36802 1
1.36807 1
1.36812 1
1.36816 1
1.36821 1
1.36826 1
1.36831 1
1.36836 1
1.3684 1
1.36845 1
1.3685 1
1.36855 1
1.3686 1
1.36864 1
1.36869 1
1.36874 1
1.36879 1
1.36884 1
1.36889 1
1.36893 1
1.36898 1
1.36903 1
1.36908 1
1.36913 1
1.36917 1
1.36922 1
1.36927 1
1.36932 1
1.36937 1
1.36941 1
1.36946 1
1.36951 1
1.36956 1
1.36961 1
1.36965 1
1.3697 1
1.36975 1
1.3698 1
1.36985 1
1.36989 1
1.36994 1
1.36999 1
1.37004 1
1.37009 1
1.37013 1
1.37018 1
1.37023 1
1.37028 1
1.37033 1
1.37037 1
1.37042 1
1.37047 1
1.37052 1
1.37057 1
1.37062 1
1.37066 1
1.37071 1
1.37076 1
1.37081 1
1.37086 1
1.3709 1
1.37095 1
1.371 1
1.37105 1
1.3711 1
1.37114 1
1.37119 1
1.37124 1
1.37129 1
1.37134 1
1.37138 1
1.37143 1
1.37148 1
1.37153 1
1.37158 1
1.37162 1
1.37167 1
1.37172 1
1.37177 1
1.37182 1
1.37186 1
1.37191 1
1.37196 1
1.37201 1
1.37206 1
1.37211 1
1.37215 1
1.3722 1
1.37225 1
1.3723 1
1.37235 1
1.37239 1
1.37244 1
1.37249 1
1.37254 1
1.37259 1
1.37263 1
1.37268 1
1.37273 1
1.37278 1
1.37283 1
1.37287 1
1.37292 1
1.37297 1
1.37302 1
1.37307 1
1.37311 1
1.37316 1
1.37321 1
1.37326 1
1.37331 1
1.37335 1
1.3734 1
1.37345 1
1.3735 1
1.37355 1
1.3736 1
1.37364 1
1.37369 1
1.37374 1
1.37379 1
1.37384 1
1.37388 1
1.37393 1
1.37398 1
1.37403 1
1.37408 1
1.37412 1
1.37417 1
1.37422 1
1.37427 1
1.37432 1
1.37436 1
1.37441 1
1.37446 1
1.37451 1
1.37456 1
1.3746 1
1.37465 1
1.3747 1
1.37475 1
1.3748 1
1.37484 1
1.37489 1
1.37494 1
1.37499 1
1.37504 1
1.37509 1
1.37513 1
1.37518 1
1.37523 1
1.37528 1
1.37533 1
1.37537 1
1.37542 1
1.37547 1
1.37552 1
1.37557 1
1.37561 1
1.37566 1
1.37571 1
1.37576 1
1.37581 1
1.37585 1
1.3759 1
1.37595 1
1.376 1
1.37605 1
1.37609 1
1.37614 1
1.37619 1
1.37624 1
1.37629 1
1.37633 1
1.37638 1
1.37643 1
1.37648 1
1.37653 1
1.37658 1
1.37662 1
1.37667 1
1.37672 1
1.37677 1
1.37682 1
1.37686 1
1.37691 1
1.37696 1
1.37701 1
1.37706 1
1.3771 1
1.37715 1
1.3772 1
1.37725 1
1.3773 1
1.37734 1
1.37739 1
1.37744 1
1.37749 1
1.37754 1
1.37758 1
1.37763 1
1.37768 1
1.37773 1
1.37778 1
1.37782 1
1.37787 1
1.37792 1
1.37797 1
1.37802 1
1.37807 1
1.37811 1
1.37816 1
1.37821 1
1.37826 1
1.37831 1
1.37835 1
1.3784 1
1.37845 1
1.3785 1
1.37855 1
1.37859 1
1.37864 1
1.37869 1
1.37874 1
1.37879 1
1.37883 1
1.37888 1
1.37893 1
1.37898 1
1.37903 1
1.37907 1
1.37912 1
1.37917 1
1.37922 1
1.37927 1
1.37931 1
1.37936 1
1.37941 1
1.37946 1
1.37951 1
1.37956 1
1.3796 1
1.37965 1
1.3797 1
1.37975 1
1.3798 1
1.37984 1
1.37989 1
1.37994 1
1.37999 1
1.38004 1
1.38008 1
1.38013 1
1.38018 1
1.38023 1
1.38028 1
1.38032 1
1.38037 1
1.38042 1
1.38047 1
1.38052 1
1.38056 1
1.38061 1
1.38066 1
1.38071 1
1.38076 1
1.3808 1
1.38085 1
1.3809 1
1.38095 1
1.381 1
1.38105 1
1.38109 1
1.38114 1
1.38119 1
1.38124 1
1.38129 1
1.38133 1
1.38138 1
1.38143 1
1.38148 1
1.38153 1
1.38157 1
1.38162 1
1.38167 1
1.38172 1
1.38177 1
1.38181 1
1.38186 1
1.38191 1
1.38196 1
1.38201 1
1.38205 1
1.3821 1
1.38215 1
1.3822 1
1.38225 1
1.38229 1
1.38234 1
1.38239 1
1.38244 1
1.38249 1
1.38254 1
1.38258 1
1.38263 1
1.38268 1
1.38273 1
1.38278 1
1.38282 1
1.38287 1
1.38292 1
1.38297 1
1.38302 1
1.38306 1
1.38311 1
1.38316 1
1.38321 1
1.38326 1
1.3833 1
1.38335 1
1.3834 1
1.38345 1
1.3835 1
1.38354 1
1.38359 1
1.38364 1
1.38369 1
1.38374 1
1.38378 1
1.38383 1
1.38388 1
1.38393 1
1.38398 1
1.38403 1
1.38407 1
1.38412 1
1.38417 1
1.38422 1
1.38427 1
1.38431 1
1.38436 1
1.38441 1
1.38446 1
1.38451 1
1.38455 1
1.3846 1
1.38465 1
1.3847 1
1.38475 1
1.38479 1
1.38484 1
1.38489 1
1.38494 1
1.38499 1
1.38503 1
1.38508 1
1.38513 1
1.38518 1
1.38523 1
1.38527 1
1.38532 1
1.38537 1
1.38542 1
1.38547 1
1.38552 1
1.38556 1
1.38561 1
1.38566 1
1.38571 1
1.38576 1
1.3858 1
1.38585 1
1.3859 1
1.38595 1
1.386 1
1.38604 1
1.38609 1
1.38614 1
1.38619 1
1.38624 1
1.38628 1
1.38633 1
1.38638 1
1.38643 1
1.38648 1
1.38652 1
1.38657 1
1.38662 1
1.38667 1
1.38672 1
1.38676 1
1.38681 1
1.38686 1
1.38691 1
1.38696 1
1.38701 1
1.38705 1
1.3871 1
1.38715 1
1.3872 1
1.38725 1
1.38729 1
1.38734 1
1.38739 1
1.38744 1
1.38749 1
1.38753 1
1.38758 1
1.38763 1
1.38768 1
1.38773 1
1.38777 1
1.38782 1
1.38787 1
1.38792 1
1.38797 1
1.38801 1
1.38806 1
1.38811 1
1.38816 1
1.38821 1
1.38825 1
1.3883 1
1.38835 1
1.3884 1
1.38845 1
1.3885 1
1.38854 1
1.38859 1
1.38864 1
1.38869 1
1.38874 1
1.38878 1
1.38883 1
1.38888 1
1.38893 1
1.38898 1
1.38902 1
1.38907 1
1.38912 1
1.38917 1
1.38922 1
1.38926 1
1.38931 1
1.38936 1
1.38941 1
1.38946 1
1.3895 1
1.38955 1
1.3896 1
1.38965 1
1.3897 1
1.38974 1
1.38979 1
1.38984 1
1.38989 1
1.38994 1
1.38999 1
1.39003 1
1.39008 1
1.39013 1
1.39018 1
1.39023 1
1.39027 1
1.39032 1
1.39037 1
1.39042 1
1.39047 1
1.39051 1
1.39056 1
1.39061 1
1.39066 1
1.39071 1
1.39075 1
1.3908 1
1.39085 1
1.3909 1
1.39095 1
1.39099 1
1.39104 1
1.39109 1
1.39114 1
1.39119 1
1.39123 1
1.39128 1
1.39133 1
1.39138 1
1.39143 1
1.39148 1
1.39152 1
1.39157 1
1.39162 1
1.39167 1
1.39172 1
1.39176 1
1.39181 1
1.39186 1
1.39191 1
1.39196 1
1.392 1
1.39205 1
1.3921 1
1.39215 1
1.3922 1
1.39224 1
1.39229 1
1.39234 1
1.39239 1
1.39244 1
1.39248 1
1.39253 1
1.39258 1
1.39263 1
1.39268 1
1.39272 1
1.39277 1
1.39282 1
1.39287 1
1.39292 1
1.39297 1
1.39301 1
1.39306 1
1.39311 1
1.39316 1
1.39321 1
1.39325 1
1.3933 1
1.39335 1
1.3934 1
1.39345 1
1.39349 1
1.39354 1
1.39359 1
1.39364 1
1.39369 1
1.39373 1
1.39378 1
1.39383 1
1.39388 1
1.39393 1
1.39397 1
1.39402 1
1.39407 1
1.39412 1
1.39417 1
1.39421 1
1.39426 1
1.39431 1
1.39436 1
1.39441 1
1.39446 1
1.3945 1
1.39455 1
1.3946 1
1.39465 1
1.3947 1
1.39474 1
1.39479 1
1.39484 1
1.39489 1
1.39494 1
1.39498 1
1.39503 1
1.39508 1
1.39513 1
1.39518 1
1.39522 1
1.39527 1
1.39532 1
1.39537 1
1.39542 1
1.39546 1
1.39551 1
1.39556 1
1.39561 1
1.39566 1
1.3957 1
1.39575 1
1.3958 1
1.39585 1
1.3959 1
1.39595 1
1.39599 1
1.39604 1
1.39609 1
1.39614 1
1.39619 1
1.39623 1
1.39628 1
1.39633 1
1.39638 1
1.39643 1
1.39647 1
1.39652 1
1.39657 1
1.39662 1
1.39667 1
1.39671 1
1.39676 1
1.39681 1
1.39686 1
1.39691 1
1.39695 1
1.397 1
1.39705 1
1.3971 1
1.39715 1
1.39719 1
1.39724 1
1.39729 1
1.39734 1
1.39739 1
1.39744 1
1.39748 1
1.39753 1
1.39758 1
1.39763 1
1.39768 1
1.39772 1
1.39777 1
1.39782 1
1.39787 1
1.39792 1
1.39796 1
1.39801 1
1.39806 1
1.39811 1
1.39816 1
1.3982 1
1.39825 1
1.3983 1
1.39835 1
1.3984 1
1.39844 1
1.39849 1
1.39854 1
1.39859 1
1.39864 1
1.39868 1
1.39873 1
1.39878 1
1.39883 1
1.39888 1
1.39893 1
1.39897 1
1.39902 1
1.39907 1
1.39912 1
1.39917 1
1.39921 1
1.39926 1
1.39931 1
1.39936 1
1.39941 1
1.39945 1
1.3995 1
1.39955 1
1.3996 1
1.39965 1
1.39969 1
1.39974 1
1.39979 1
1.39984 1
1.39989 1
1.39993 1
1.39998 1
1.40003 1
1.40008 1
1.40013 1
1.40017 1
1.40022 1
1.40027 1
1.40032 1
1.40037 1
1.40041 1
1.40046 1
1.40051 1
1.40056 1
1.40061 1
1.40066 1
1.4007 1
1.40075 1
1.4008 1
1.40085 1
1.4009 1
1.40094 1
1.40099 1
1.40104 1
1.40109 1
1.40114 1
1.40118 1
1.40123 1
1.40128 1
1.40133 1
1.40138 1
1.40142 1
1.40147 1
1.40152 1
1.40157 1
1.40162 1
1.40166 1
1.40171 1
1.40176 1
1.40181 1
1.40186 1
1.4019 1
1.40195 1
1.402 1
1.40205 1
1.4021 1
1.40215 1
1.40219 1
1.40224 1
1.40229 1
1.40234 1
1.40239 1
1.40243 1
1.40248 1
1.40253 1
1.40258 1
1.40263 1
1.40267 1
1.40272 1
1.40277 1
1.40282 1
1.40287 1
1.40291 1
1.40296 1
1.40301 1
1.40306 1
1.40311 1
1.40315 1
1.4032 1
1.40325 1
1.4033 1
1.40335 1
1.40339 1
1.40344 1
1.40349 1
1.40354 1
1.40359 1
1.40364 1
1.40368 1
1.40373 1
1.40378 1
1.40383 1
1.40388 1
1.40392 1
1.40397 1
1.40402 1
1.40407 1
1.40412 1
1.40416 1
1.40421 1
1.40426 1
1.40431 1
1.40436 1
1.4044 1
1.40445 1
1.4045 1
1.40455 1
1.4046 1
1.40464 1
1.40469 1
1.40474 1
1.40479 1
1.40484 1
1.40488 1
1.40493 1
1.40498 1
1.40503 1
1.40508 1
1.40513 1
1.40517 1
1.40522 1
1.40527 1
1.40532 1
1.40537 1
1.40541 1
1.40546 1
1.40551 1
1.40556 1
1.40561 1
1.40565 1
1.4057 1
1.40575 1
1.4058 1
1.40585 1
1.40589 1
1.40594 1
1.40599 1
1.40604 1
1.40609 1
1.40613 1
1.40618 1
1.40623 1
1.40628 1
1.40633 1
1.40637 1
1.40642 1
1.40647 1
1.40652 1
1.40657 1
1.40662 1
1.40666 1
1.40671 1
1.40676 1
1.40681 1
1.40686 1
1.4069 1
1.40695 1
1.407 1
1.40705 1
1.4071 1
1.40714 1
1.40719 1
1.40724 1
1.40729 1
1.40734 1
1.40738 1
1.40743 1
1.40748 1
1.40753 1
1.40758 1
1.40762 1
1.40767 1
1.40772 1
1.40777 1
1.40782 1
1.40786 1
1.40791 1
1.40796 1
1.40801 1
1.40806 1
1.40811 1
1.40815 1
1.4082 1
1.40825 1
1.4083 1
1.40835 1
1.40839 1
1.40844 1
1.40849 1
1.40854 1
1.40859 1
1.40863 1
1.40868 1
1.40873 1
1.40878 1
1.40883 1
1.40887 1
1.40892 1
1.40897 1
1.40902 1
1.40907 1
1.40911 1
1.40916 1
1.40921 1
1.40926 1
1.40931 1
1.40935 1
1.4094 1
1.40945 1
1.4095 1
1.40955 1
1.4096 1
1.40964 1
1.40969 1
1.40974 1
1.40979 1
1.40984 1
1.40988 1
1.40993 1
1.40998 1
1.41003 1
1.41008 1
1.41012 1
1.41017 1
1.41022 1
1.41027 1
1.41032 1
1.41036 1
1.41041 1
1.41046 1
1.41051 1
1.41056 1
1.4106 1
1.41065 1
1.4107 1
1.41075 1
1.4108 1
1.41084 1
1.41089 1
1.41094 1
1.41099 1
1.41104 1
1.41109 1
1.41113 1
1.41118 1
1.41123 1
1.41128 1
1.41133 1
1.41137 1
1.41142 1
1.41147 1
1.41152 1
1.41157 1
1.41161 1
1.41166 1
1.41171 1
1.41176 1
1.41181 1
1.41185 1
1.4119 1
1.41195 1
1.412 1
1.41205 1
1.41209 1
1.41214 1
1.41219 1
1.41224 1
1.41229 1
1.41233 1
1.41238 1
1.41243 1
1.41248 1
1.41253 1
1.41258 1
1.41262 1
1.41267 1
1.41272 1
1.41277 1
1.41282 1
1.41286 1
1.41291 1
1.41296 1
1.41301 1
1.41306 1
1.4131 1
1.41315 1
1.4132 1
1.41325 1
1.4133 1
1.41334 1
1.41339 1
1.41344 1
1.41349 1
1.41354 1
1.41358 1
1.41363 1
1.41368 1
1.41373 1
1.41378 1
1.41382 1
1.41387 1
1.41392 1
1.41397 1
1.41402 1
1.41407 1
1.41411 1
1.41416 1
1.41421 1
1.41426 1
1.41431 1
1.41435 1
1.4144 1
1.41445 1
1.4145 1
1.41455 1
1.41459 1
1.41464 1
1.41469 1
1.41474 1
1.41479 1
1.41483 1
1.41488 1
1.41493 1
1.41498 1
1.41503 1
1.41507 1
1.41512 1
1.41517 1
1.41522 1
1.41527 1
1.41531 1
1.41536 1
1.41541 1
1.41546 1
1.41551 1
1.41556 1
1.4156 1
1.41565 1
1.4157 1
1.41575 1
1.4158 1
1.41584 1
1.41589 1
1.41594 1
1.41599 1
1.41604 1
1.41608 1
1.41613 1
1.41618 1
1.41623 1
1.41628 1
1.41632 1
1.41637 1
1.41642 1
1.41647 1
1.41652 1
1.41656 1
1.41661 1
1.41666 1
1.41671 1
1.41676 1
1.4168 1
1.41685 1
1.4169 1
1.41695 1
1.417 1
1.41705 1
1.41709 1
1.41714 1
1.41719 1
1.41724 1
1.41729 1
1.41733 1
1.41738 1
1.41743 1
1.41748 1
1.41753 1
1.41757 1
2.88887 1
2.88901 1
2.88914 1
2.88928 1
2.88941 1
2.88956 1
2.88969 1
2.88981 1
2.88994 1
2.89007 1
2.8902 1
2.89033 1
2.89045 1
2.89058 1
2.89071 1
2.89084 1
2.89095 1
2.89108 1
2.89121 1
2.89132 1
2.89145 1
2.89156 1
2.89169 1
2.8918 1
2.89193 1
2.89204 1
2.89215 1
2.89227 1
2.89239 1
2.8925 1
2.89262 1
2.89273 1
2.89284 1
2.89295 1
2.89307 1
2.89318 1
2.89329 1
2.8934 1
2.89351 1
2.89361 1
2.89372 1
2.89383 1
2.89395 1
2.89404 1
2.89416 1
2.89427 1
2.89436 1
2.89448 1
2.89457 1
2.89468 1
2.89478 1
2.89489 1
2.89499 1
2.89509 1
2.8952 1
2.89529 1
2.89539 1
2.8955 1
2.8956 1
2.89569 1
2.89579 1
2.8959 1
2.896 1
2.89609 1
2.89619 1
2.89629 1
2.89638 1
2.89648 1
2.89657 1
2.89667 1
2.89677 1
2.89686 1
2.89696 1
2.89705 1
2.89715 1
2.89725 1
2.89734 1
2.89742 1
2.89752 1
2.89762 1
2.89771 1
2.89781 1
2.89789 1
2.89798 1
2.89808 1
2.89816 1
2.89826 1
2.89835 1
2.89843 1
2.89853 1
2.89862 1
2.89871 1
2.8988 1
2.89888 1
2.89898 1
2.89907 1
2.89915 1
2.89925 1
2.89933 1
2.89942 1
2.89951 1
2.89959 1
2.89968 1
2.89976 1
2.89986 1
2.89994 1
2.90003 1
2.90011 1
2.9002 1
2.90029 1
2.90037 1
2.90045 1
2.90055 1
2.90063 1
2.90071 1
2.90079 1
2.90088 1
2.90096 1
2.90104 1
2.90113 1
2.90122 1
2.9013 1
2.90138 1
2.90146 1
2.90154 1
2.90164 1
2.90172 1
2.9018 1
2.90188 1
2.90196 1
2.90204 1
2.90212 1
2.9022 1
2.90229 1
2.90237 1
2.90245 1
2.90253 1
2.90261 1
2.90269 1
2.90277 1
2.90285 1
2.90293 1
2.90301 1
2.90309 1
2.90317 1
2.90325 1
2.90333 1
2.90341 1
2.90349 1
2.90357 1
2.90365 1
2.90373 1
2.9038 1
2.90388 1
2.90396 1
2.90404 1
2.90412 1
2.9042 1
2.90428 1
2.90436 1
2.90444 1
2.90451 1
2.90459 1
2.90466 1
2.90474 1
2.90482 1
2.9049 1
2.90497 1
2.90505 1
2.90513 1
2.90521 1
2.90529 1
2.90535 1
2.90543 1
2.90551 1
2.90559 1
2.90566 1
2.90574 1
2.90582 1
2.9059 1
2.90596 1
2.90604 1
2.90612 1
2.90619 1
2.90627 1
2.90635 1
2.90643 1
2.90649 1
2.90657 1
2.90665 1
2.90672 1
2.9068 1
2.90687 1
2.90694 1
2.90702 1
2.90709 1
2.90716 1
2.90724 1
2.90731 1
2.90739 1
2.90747 1
2.90753 1
2.90761 1
2.90768 1
2.90776 1
2.90784 1
2.9079 1
2.90798 1
2.90805 1
2.90813 1
2.9082 1
2.90827 1
2.90835 1
2.90841 1
2.90849 1
2.90856 1
2.90864 1
2.9087 1
2.90878 1
2.90885 1
2.90893 1
2.909 1
2.90907 1
2.90915 1
2.90921 1
2.90929 1
2.90936 1
2.90944 1
2.9095 1
2.90958 1
2.90965 1
2.90973 1
2.90979 1
2.90986 1
2.90994 1
2.91 1
2.91008 1
2.91014 1
2.91022 1
2.91029 1
2.91037 1
2.91043 1
2.91051 1
2.91058 1
2.91064 1
2.91072 1
2.91079 1
2.91086 1
2.91093 1
2.91101 1
2.91107 1
2.91114 1
2.91122 1
2.91128 1
2.91136 1
2.91143 1
2.91149 1
2.91157 1
2.91163 1
2.91171 1
2.91178 1
2.91184 1
2.91192 1
2.91199 1
2.91206 1
2.91213 1
2.9122 1
2.91227 1
2.91234 1
2.9124 1
2.91248 1
2.91255 1
2.91261 1
2.91269 1
2.91276 1
2.91282 1
2.9129 1
2.91296 1
2.91304 1
2.91311 1
2.91317 1
2.91325 1
2.91332 1
2.91338 1
2.91345 1
2.91352 1
2.91359 1
2.91365 1
2.91373 1
2.9138 1
2.91386 1
2.91394 1
2.914 1
2.91407 1
2.91415 1
2.91421 1
2.91428 1
2.91436 1
2.91442 1
2.91449 1
2.91455 1
2.91463 1
2.91469 1
2.91476 1
2.91484 1
2.9149 1
2.91497 1
2.91503 1
2.96939 1
2.96944 1
2.96949 1
2.96954 1
2.96958 1
2.96963 1
2.96968 1
2.96973 1
2.96978 1
2.96982 1
2.96987 1
2.96992 1
2.96997 1
2.97002 1
2.97006 1
2.97011 1
2.97016 1
2.97021 1
2.97026 1
2.97031 1
2.97035 1
2.9704 1
2.97045 1
2.9705 1
2.97055 1
2.97059 1
2.97064 1
2.97069 1
2.97074 1
2.97079 1
2.97083 1
2.97088 1
2.97093 1
2.97098 1
2.97103 1
2.97107 1
2.97112 1
2.97117 1
2.97122 1
2.97127 1
2.97131 1
2.97136 1
2.97141 1
2.97146 1
2.97151 1
2.97155 1
2.9716 1
2.97165 1
2.9717 1
2.97175 1
2.9718 1
2.97184 1
2.97189 1
2.97194 1
2.97199 1
2.97204 1
2.97208 1
2.97213 1
2.97218 1
2.97223 1
2.97228 1
2.97232 1
2.97237 1
2.97242 1
2.97247 1
2.97252 1
2.97256 1
2.97261 1
2.97266 1
2.97271 1
2.97276 1
2.9728 1
2.97285 1
2.9729 1
2.97295 1
2.973 1
2.97304 1
2.97309 1
2.97314 1
2.97319 1
2.97324 1
2.97329 1
2.97333 1
2.97338 1
2.97343 1
2.97348 1
2.97353 1
2.97357 1
2.97362 1
2.97367 1
2.97372 1
2.97377 1
2.97381 1
2.97386 1
2.97391 1
2.97396 1
2.97401 1
2.97405 1
2.9741 1
2.97415 1
2.9742 1
2.97425 1
2.97429 1
2.97434 1
2.97439 1
2.97444 1
2.97449 1
2.97453 1
2.97458 1
2.97463 1
2.97468 1
2.97473 1
2.97478 1
2.97482 1
2.97487 1
2.97492 1
2.97497 1
2.97502 1
2.97506 1
2.97511 1
2.97516 1
2.97521 1
2.97526 1
2.9753 1
2.97535 1
2.9754 1
2.97545 1
2.9755 1
2.97554 1
2.97559 1
2.97564 1
2.97569 1
2.97574 1
2.97578 1
2.97583 1
2.97588 1
2.97593 1
2.97598 1
2.97602 1
2.97607 1
2.97612 1
2.97617 1
2.97622 1
2.97626 1
2.97631 1
2.97636 1
2.97641 1
2.97646 1
2.97651 1
2.97655 1
2.9766 1
2.97665 1
2.9767 1
2.97675 1
2.97679 1
2.97684 1
2.97689 1
2.97694 1
2.97699 1
2.97703 1
2.97708 1
2.97713 1
2.97718 1
2.97723 1
2.97727 1
2.97732 1
2.97737 1
2.97742 1
2.97747 1
2.97751 1
2.97756 1
2.97761 1
2.97766 1
2.97771 1
2.97775 1
2.9778 1
2.97785 1
2.9779 1
2.97795 1
2.978 1
2.97804 1
2.97809 1
2.97814 1
2.97819 1
2.97824 1
2.97828 1
2.97833 1
2.97838 1
2.97843 1
2.97848 1
2.97852 1
2.97857 1
2.97862 1
2.97867 1
2.97872 1
2.97876 1
2.97881 1
2.97886 1
2.97891 1
2.97896 1
2.979 1
2.97905 1
2.9791 1
2.97915 1
2.9792 1
2.97924 1
2.97929 1
2.97934 1
2.97939 1
2.97944 1
2.97949 1
2.97953 1
2.97958 1
2.97963 1
2.97968 1
2.97973 1
2.97977 1
2.97982 1
2.97987 1
2.97992 1
2.97997 1
2.98001 1
2.98006 1
2.98011 1
2.98016 1
2.98021 1
2.98025 1
2.9803 1
2.98035 1
2.9804 1
2.98045 1
2.98049 1
2.98054 1
2.98059 1
2.98064 1
2.98069 1
2.98073 1
2.98078 1
2.98083 1
2.98088 1
2.98093 1
2.98098 1
2.98102 1
2.98107 1
2.98112 1
2.98117 1
2.98122 1
2.98126 1
2.98131 1
2.98136 1
2.98141 1
2.98146 1
2.9815 1
2.98155 1
2.9816 1
2.98165 1
2.9817 1
2.98174 1
2.98179 1
2.98184 1
2.98189 1
2.98194 1
2.98198 1
2.98203 1
2.98208 1
2.98213 1
2.98218 1
2.98222 1
2.98227 1
2.98232 1
2.98237 1
2.98242 1
2.98247 1
2.98251 1
2.98256 1
2.98261 1
2.98266 1
2.98271 1
2.98275 1
2.9828 1
2.98285 1
2.9829 1
2.98295 1
2.98299 1
2.98304 1
2.98309 1
2.98314 1
2.98319 1
2.98323 1
2.98328 1
2.98333 1
2.98338 1
2.98343 1
2.98347 1
2.98352 1
2.98357 1
2.98362 1
2.98367 1
2.98371 1
2.98376 1
2.98381 1
2.98386 1
2.98391 1
2.98396 1
2.984 1
2.98405 1
2.9841 1
2.98415 1
2.9842 1
2.98424 1
2.98429 1
2.98434 1
2.98439 1
2.98444 1
2.98448 1
2.98453 1
2.98458 1
2.98463 1
2.98468 1
2.98472 1
2.98477 1
2.98482 1
2.98487 1
2.98492 1
2.98496 1
2.98501 1
2.98506 1
2.98511 1
2.98516 1
2.9852 1
2.98525 1
2.9853 1
2.98535 1
2.9854 1
2.98545 1
2.98549 1
2.98554 1
2.98559 1
2.98564 1
2.98569 1
2.98573 1
2.98578 1
2.98583 1
2.98588 1
2.98593 1
2.98597 1
2.98602 1
2.98607 1
2.98612 1
2.98617 1
2.98621 1
2.98626 1
2.98631 1
2.98636 1
2.98641 1
2.98645 1
2.9865 1
2.98655 1
2.9866 1
2.98665 1
2.98669 1
2.98674 1
2.98679 1
2.98684 1
2.98689 1
2.98694 1
2.98698 1
2.98703 1
2.98708 1
2.98713 1
2.98718 1
2.98722 1
2.98727 1
2.98732 1
2.98737 1
2.98742 1
2.98746 1
2.98751 1
2.98756 1
2.98761 1
2.98766 1
2.9877 1
2.98775 1
2.9878 1
2.98785 1
2.9879 1
2.98794 1
2.98799 1
2.98804 1
2.98809 1
2.98814 1
2.98818 1
2.98823 1
2.98828 1
2.98833 1
2.98838 1
2.98843 1
2.98847 1
2.98852 1
2.98857 1
2.98862 1
2.98867 1
2.98871 1
2.98876 1
2.98881 1
2.98886 1
2.98891 1
2.98895 1
2.989 1
2.98905 1
2.9891 1
2.98915 1
2.98919 1
2.98924 1
2.98929 1
2.98934 1
2.98939 1
2.98943 1
2.98948 1
2.98953 1
2.98958 1
2.98963 1
2.98967 1
2.98972 1
2.98977 1
2.98982 1
2.98987 1
2.98992 1
2.98996 1
2.99001 1
2.99006 1
2.99011 1
2.99016 1
2.9902 1
2.99025 1
2.9903 1
2.99035 1
2.9904 1
2.99044 1
2.99049 1
2.99054 1
2.99059 1
2.99064 1
2.99068 1
2.99073 1
2.99078 1
2.99083 1
2.99088 1
2.99092 1
2.99097 1
2.99102 1
2.99107 1
2.99112 1
2.99116 1
2.99121 1
2.99126 1
2.99131 1
2.99136 1
2.99141 1
2.99145 1
2.9915 1
2.99155 1
2.9916 1
2.99165 1
2.99169 1
2.99174 1
2.99179 1
2.99184 1
2.99189 1
2.99193 1
2.99198 1
2.99203 1
2.99208 1
2.99213 1
2.99217 1
2.99222 1
2.99227 1
2.99232 1
2.99237 1
2.99241 1
2.99246 1
2.99251 1
2.99256 1
2.99261 1
2.99265 1
2.9927 1
2.99275 1
2.9928 1
2.99285 1
2.9929 1
2.99294 1
2.99299 1
2.99304 1
2.99309 1
2.99314 1
2.99318 1
2.99323 1
2.99328 1
2.99333 1
2.99338 1
2.99342 1
2.99347 1
2.99352 1
2.99357 1
2.99362 1
2.99366 1
2.99371 1
2.99376 1
2.99381 1
2.99386 1
2.9939 1
2.99395 1
2.994 1
2.99405 1
2.9941 1
2.99414 1
2.99419 1
2.99424 1
2.99429 1
2.99434 1
2.99439 1
2.99443 1
2.99448 1
2.99453 1
2.99458 1
2.99463 1
2.99467 1
2.99472 1
2.99477 1
2.99482 1
2.99487 1
2.99491 1
2.99496 1
2.99501 1
2.99506 1
2.99511 1
2.99515 1
2.9952 1
2.99525 1
2.9953 1
2.99535 1
2.99539 1
2.99544 1
2.99549 1
2.99554 1
2.99559 1
2.99563 1
2.99568 1
2.99573 1
2.99578 1
2.99583 1
2.99588 1
2.99592 1
2.99597 1
2.99602 1
2.99607 1
2.99612 1
2.99616 1
2.99621 1
2.99626 1
2.99631 1
2.99636 1
2.9964 1
2.99645 1
2.9965 1
2.99655 1
2.9966 1
2.99664 1
2.99669 1
2.99674 1
2.99679 1
2.99684 1
2.99688 1
2.99693 1
2.99698 1
2.99703 1
2.99708 1
2.99712 1
2.99717 1
2.99722 1
2.99727 1
2.99732 1
2.99737 1
2.99741 1
2.99746 1
2.99751 1
2.99756 1
2.99761 1
2.99765 1
2.9977 1
2.99775 1
2.9978 1
2.99785 1
2.99789 1
2.99794 1
2.99799 1
2.99804 1
2.99809 1
2.99813 1
2.99818 1
2.99823 1
2.99828 1
2.99833 1
2.99837 1
2.99842 1
2.99847 1
2.99852 1
2.99857 1
2.99861 1
2.99866 1
2.99871 1
2.99876 1
2.99881 1
2.99886 1
2.9989 1
2.99895 1
2.999 1
2.99905 1
2.9991 1
2.99914 1
2.99919 1
2.99924 1
2.99929 1
2.99934 1
2.99938 1
2.99943 1
2.99948 1
2.99953 1
2.99958 1
2.99962 1
2.99967 1
2.99972 1
2.99977 1
2.99982 1
2.99986 1
2.99991 1
2.99996 1
3.00001 1
3.00006 1
3.0001 1
3.00015 1
3.0002 1
3.00025 1
3.0003 1
3.00035 1
3.00039 1
3.00044 1
3.00049 1
3.00054 1
3.00059 1
3.00063 1
3.00068 1
3.00073 1
3.00078 1
3.00083 1
3.00087 1
3.00092 1
3.00097 1
3.00102 1
3.00107 1
3.00111 1
3.00116 1
3.00121 1
3.00126 1
3.00131 1
3.00135 1
3.0014 1
3.00145 1
3.0015 1
3.00155 1
3.00159 1
3.00164 1
3.00169 1
3.00174 1
3.00179 1
3.00184 1
3.00188 1
3.00193 1
3.00198 1
3.00203 1
3.00208 1
3.00212 1
3.00217 1
3.00222 1
3.00227 1
3.00232 1
3.00236 1
3.00241 1
3.00246 1
3.00251 1
3.00256 1
3.0026 1
3.00265 1
3.0027 1
3.00275 1
3.0028 1
3.00284 1
3.00289 1
3.00294 1
3.00299 1
3.00304 1
3.00308 1
3.00313 1
3.00318 1
3.00323 1
3.00328 1
3.00333 1
3.00337 1
3.00342 1
3.00347 1
3.00352 1
3.00357 1
3.00361 1
3.00366 1
3.00371 1
3.00376 1
3.00381 1
3.00385 1
3.0039 1
3.00395 1
3.004 1
3.00405 1
3.00409 1
3.00414 1
3.00419 1
3.00424 1
3.00429 1
3.00433 1
3.00438 1
3.00443 1
3.00448 1
3.00453 1
3.00457 1
3.00462 1
3.00467 1
3.00472 1
3.00477 1
3.00482 1
3.00486 1
3.00491 1
3.00496 1
3.00501 1
3.00506 1
3.0051 1
3.00515 1
3.0052 1
3.00525 1
3.0053 1
3.00534 1
3.00539 1
3.00544 1
3.00549 1
3.00554 1
3.00558 1
3.00563 1
3.00568 1
3.00573 1
3.00578 1
3.00582 1
3.00587 1
3.00592 1
3.00597 1
3.00602 1
3.00606 1
3.00611 1
3.00616 1
3.00621 1
3.00626 1
3.0063 1
3.00635 1
3.0064 1
3.00645 1
3.0065 1
3.00655 1
3.00659 1
3.00664 1
3.00669 1
3.00674 1
3.00679 1
3.00683 1
3.00688 1
3.00693 1
3.00698 1
3.00703 1
3.00707 1
3.00712 1
3.00717 1
3.00722 1
3.00727 1
3.00731 1
3.00736 1
3.00741 1
3.00746 1
3.00751 1
3.00755 1
3.0076 1
3.00765 1
3.0077 1
3.00775 1
3.00779 1
3.00784 1
3.00789 1
3.00794 1
3.00799 1
3.00804 1
3.00808 1
3.00813 1
3.00818 1
3.00823 1
3.00828 1
3.00832 1
3.00837 1
3.00842 1
3.00847 1
3.00852 1
3.00856 1
3.00861 1
3.00866 1
3.00871 1
3.00876 1
3.0088 1
3.00885 1
3.0089 1
3.00895 1
3.009 1
3.00904 1
3.00909 1
3.00914 1
3.00919 1
3.00924 1
3.00928 1
3.00933 1
3.00938 1
3.00943 1
3.00948 1
3.00953 1
3.00957 1
3.00962 1
3.00967 1
3.00972 1
3.00977 1
3.00981 1
3.00986 1
3.00991 1
3.00996 1
3.01001 1
3.01005 1
3.0101 1
3.01015 1
3.0102 1
3.01025 1
3.01029 1
3.01034 1
3.01039 1
3.01044 1
3.01049 1
3.01053 1
3.01058 1
3.01063 1
3.01068 1
3.01073 1
3.01077 1
3.01082 1
3.01087 1
3.01092 1
3.01097 1
3.01102 1
3.01106 1
3.01111 1
3.01116 1
3.01121 1
3.01126 1
3.0113 1
3.01135 1
3.0114 1
3.01145 1
3.0115 1
3.01154 1
3.01159 1
3.01164 1
3.01169 1
3.01174 1
3.01178 1
3.01183 1
3.01188 1
3.01193 1
3.01198 1
3.01202 1
3.01207 1
3.01212 1
3.01217 1
3.01222 1
3.01226 1
3.01231 1
3.01236 1
3.01241 1
3.01246 1
3.01251 1
3.01255 1
3.0126 1
3.01265 1
3.0127 1
3.01275 1
3.01279 1
3.01284 1
3.01289 1
3.01294 1
3.01299 1
3.01303 1
3.01308 1
3.01313 1
3.01318 1
3.01323 1
3.01327 1
3.01332 1
3.01337 1
3.01342 1
3.01347 1
3.01351 1
3.01356 1
3.01361 1
3.01366 1
3.01371 1
3.01375 1
3.0138 1
3.01385 1
3.0139 1
3.01395 1
3.014 1
3.01404 1
3.01409 1
3.01414 1
3.01419 1
3.01424 1
3.01428 1
3.01433 1
3.01438 1
3.01443 1
3.01448 1
3.01452 1
3.01457 1
3.01462 1
3.01467 1
3.01472 1
3.01476 1
3.01481 1
3.01486 1
3.01491 1
3.01496 1
3.015 1
3.01505 1
3.0151 1
3.01515 1
3.0152 1
3.01524 1
3.01529 1
3.01534 1
3.01539 1
3.01544 1
3.01549 1
3.01553 1
3.01558 1
3.01563 1
3.01568 1
3.01573 1
3.01577 1
3.01582 1
3.01587 1
3.01592 1
3.01597 1
3.01601 1
3.01606 1
3.01611 1
3.01616 1
3.01621 1
3.01625 1
3.0163 1
3.01635 1
3.0164 1
3.01645 1
3.01649 1
3.01654 1
3.01659 1
3.01664 1
3.01669 1
3.01673 1
3.01678 1
3.01683 1
3.01688 1
3.01693 1
3.01698 1
3.01702 1
3.01707 1
3.01712 1
3.01717 1
3.01722 1
3.01726 1
3.01731 1
3.01736 1
3.01741 1
3.01746 1
3.0175 1
3.01755 1
3.0176 1
3.01765 1
3.0177 1
3.01774 1
3.01779 1
3.01784 1
3.01789 1
3.01794 1
3.01798 1
3.01803 1
3.01808 1
3.01813 1
3.01818 1
3.01822 1
3.01827 1
3.01832 1
3.01837 1
3.01842 1
3.01847 1
3.01851 1
3.01856 1
3.01861 1
3.01866 1
3.01871 1
3.01875 1
3.0188 1
3.01885 1
3.0189 1
3.01895 1
3.01899 1
3.01904 1
3.01909 1
3.01914 1
3.01919 1
3.01923 1
3.01928 1
3.01933 1
3.01938 1
3.01943 1
3.01947 1
3.01952 1
3.01957 1
3.01962 1
3.01967 1
3.01971 1
3.01976 1
3.01981 1
3.01986 1
3.01991 1
3.01996 1
3.02 1
3.02005 1
3.0201 1
3.02015 1
3.0202 1
3.02024 1
3.02029 1
3.02034 1
3.02039 1
3.02044 1
3.02048 1
3.02053 1
3.02058 1
3.02063 1
3.02068 1
3.02072 1
3.02077 1
3.02082 1
3.02087 1
3.02092 1
3.02096 1
3.02101 1
3.02106 1
3.02111 1
3.02116 1
3.0212 1
3.02125 1
3.0213 1
3.02135 1
3.0214 1
3.02145 1
3.02149 1
3.02154 1
3.02159 1
3.02164 1
3.02169 1
3.02173 1
3.02178 1
3.02183 1
3.02188 1
3.02193 1
3.02197 1
3.02202 1
3.02207 1
3.02212 1
3.02217 1
3.02221 1
3.02226 1
3.02231 1
3.02236 1
3.02241 1
3.02245 1
3.0225 1
3.02255 1
3.0226 1
3.02265 1
3.02269 1
3.02274 1
3.02279 1
3.02284 1
3.02289 1
3.02294 1
3.02298 1
3.02303 1
3.02308 1
3.02313 1
3.02318 1
3.02322 1
3.02327 1
3.02332 1
3.02337 1
3.02342 1
3.02346 1
3.02351 1
3.02356 1
3.02361 1
3.02366 1
3.0237 1
3.02375 1
3.0238 1
3.02385 1
3.0239 1
3.02394 1
3.02399 1
3.02404 1
3.02409 1
3.02414 1
3.02418 1
3.02423 1
3.02428 1
3.02433 1
3.02438 1
3.02443 1
3.02447 1
3.02452 1
3.02457 1
3.02462 1
3.02467 1
3.02471 1
3.02476 1
3.02481 1
3.02486 1
3.02491 1
3.02495 1
3.025 1
3.02505 1
3.0251 1
3.02515 1
3.02519 1
3.02524 1
3.02529 1
3.02534 1
3.02539 1
3.02543 1
3.02548 1
3.02553 1
3.02558 1
3.02563 1
3.02567 1
3.02572 1
3.02577 1
3.08144 1
3.08151 1
3.08157 1
3.08164 1
3.08171 1
3.08178 1
3.08184 1
3.08191 1
3.08197 1
3.08205 1
3.08212 1
3.08218 1
3.08224 1
3.08231 1
3.08239 1
3.08245 1
3.08252 1
3.08258 1
3.08265 1
3.08272 1
3.08279 1
3.08285 1
3.08292 1
3.08298 1
3.08306 1
3.08312 1
3.08319 1
3.08325 1
3.08332 1
3.0834 1
3.08346 1
3.08353 1
3.08359 1
3.08365 1
3.08373 1
3.0838 1
3.08386 1
3.08393 1
3.08399 1
3.08406 1
3.08413 1
3.0842 1
3.08426 1
3.08433 1
3.08439 1
3.08447 1
3.08453 1
3.0846 1
3.08466 1
3.08473 1
3.08481 1
3.08487 1
3.08494 1
3.085 1
3.08507 1
3.08514 1
3.08521 1
3.08527 1
3.08534 1
3.0854 1
3.08548 1
3.08554 1
3.08561 1
3.08567 1
3.08574 1
3.08582 1
3.08588 1
3.08594 1
3.08601 1
3.08607 1
3.08615 1
3.08622 1
3.08628 1
3.08635 1
3.08641 1
3.08649 1
3.08655 1
3.08662 1
3.08668 1
3.08675 1
3.08682 1
3.08689 1
3.08695 1
3.08702 1
3.08708 1
3.08716 1
3.08723 1
3.08729 1
3.08736 1
3.08742 1
3.0875 1
3.08756 1
3.08763 1
3.08769 1
3.08776 1
3.08782 1
3.0879 1
3.08796 1
3.08803 1
3.08809 1
3.08816 1
3.08824 1
3.0883 1
3.08836 1
3.08843 1
3.08849 1
3.08857 1
3.08864 1
3.0887 1
3.08877 1
3.08883 1
3.08891 1
3.08897 1
3.08904 1
3.0891 1
3.08917 1
3.08924 1
3.08931 1
3.08937 1
3.08944 1
3.0895 1
3.08958 1
3.08965 1
3.08971 1
3.08977 1
3.08984 1
3.08992 1
3.08998 1
3.09005 1
3.09011 1
3.09018 1
3.09025 1
3.09032 1
3.09038 1
3.09045 1
3.09051 1
3.09059 1
3.09065 1
3.09072 1
3.09078 1
3.09085 1
3.09093 1
3.09099 1
3.09106 1
3.09112 1
3.09118 1
3.09126 1
3.09133 1
3.09139 1
3.09146 1
3.09152 1
3.0916 1
3.09166 1
3.09173 1
3.09179 1
3.09186 1
3.09192 1
3.092 1
3.09206 1
3.09213 1
3.09219 1
3.09226 1
3.09234 1
3.0924 1
3.09247 1
3.09253 1
3.0926 1
3.09267 1
3.09274 1
3.0928 1
3.09287 1
3.09293 1
3.09301 1
3.09307 1
3.09314 1
3.0932 1
3.09327 1
3.09335 1
3.09341 1
3.09347 1
3.09354 1
3.0936 1
3.09368 1
3.09375 1
3.09381 1
3.09388 1
3.09394 1
3.09402 1
3.09408 1
3.09415 1
3.09421 1
3.09428 1
3.09435 1
3.09442 1
3.09448 1
3.09455 1
3.09461 1
3.09469 1
3.09476 1
3.09482 1
3.09489 1
3.09495 1
3.09503 1
3.09509 1
3.09516 1
3.09522 1
3.09529 1
3.09536 1
3.09543 1
3.09549 1
3.09556 1
3.09562 1
3.09569 1
3.09576 1
3.09583 1
3.09589 1
3.09596 1
3.09602 1
3.0961 1
3.09617 1
3.09623 1
3.0963 1
3.09636 1
3.09644 1
3.0965 1
3.09657 1
3.09663 1
3.0967 1
3.09677 1
3.09684 1
3.0969 1
3.09697 1
3.09703 1
3.09711 1
3.09718 1
3.09724 1
3.0973 1
3.09737 1
3.09745 1
3.09751 1
3.09758 1
3.09764 1
3.09771 1
3.09778 1
3.09785 1
3.09791 1
3.09798 1
3.09804 1
3.09812 1
3.09818 1
3.09825 1
3.09831 1
3.09838 1
3.09846 1
3.09852 1
3.09859 1
3.09865 1
3.09871 1
3.09879 1
3.09886 1
3.09892 1
3.09899 1
3.09905 1
3.09913 1
3.09919 1
3.09926 1
3.09932 1
3.09939 1
3.09947 1
3.09953 1
3.09959 1
3.09966 1
3.09972 1
3.09979 1
3.09987 1
3.09993 1
3.1 1
3.10006 1
3.10013 1
3.1002 1
3.10027 1
3.10033 1
3.1004 1
3.10046 1
3.10054 1
3.1006 1
3.10067 1
3.10073 1
3.1008 1
3.10088 1
3.10094 1
3.101 1
3.10107 1
3.10113 1
3.10121 1
3.10128 1
3.10134 1
3.10141 1
3.10147 1
3.10155 1
3.10161 1
3.10168 1
3.10174 1
3.10181 1
3.10188 1
3.10195 1
3.10201 1
3.10208 1
3.10214 1
3.10222 1
3.10229 1
3.10235 1
3.10242 1
3.10248 1
3.10256 1
3.10262 1
3.10269 1
3.10275 1
3.10282 1
3.10289 1
3.10296 1
3.10302 1
3.10309 1
3.10315 1
3.10323 1
3.10329 1
3.10336 1
3.10342 1
3.10349 1
3.10355 1
3.10363 1
3.1037 1
3.10376 1
3.10383 1
3.10389 1
3.10397 1
3.10403 1
3.1041 1
3.10416 1
3.10423 1
3.1043 1
3.2839 1
3.28396 1
3.28403 1
3.28409 1
3.28416 1
3.28423 1
3.2843 1
3.28436 1
3.28443 1
3.28449 1
3.28457 1
3.28463 1
3.2847 1
3.28476 1
3.28483 1
3.28491 1
3.28497 1
3.28503 1
3.2851 1
3.28516 1
3.28524 1
3.28531 1
3.28537 1
3.28544 1
3.2855 1
3.28558 1
3.28564 1
3.28571 1
3.28577 1
3.28584 1
3.28591 1
3.28598 1
3.28604 1
3.28611 1
3.28617 1
3.28625 1
3.28632 1
3.28638 1
3.28645 1
3.28651 1
3.28659 1
3.28665 1
3.28672 1
3.28678 1
3.28685 1
3.28692 1
3.28699 1
3.28705 1
3.28712 1
3.28718 1
3.28725 1
3.28732 1
3.28739 1
3.28745 1
3.28752 1
3.28758 1
3.28766 1
3.28773 1
3.28779 1
3.28786 1
3.28792 1
3.288 1
3.28806 1
3.28813 1
3.28819 1
3.28826 1
3.28833 1
3.2884 1
3.28846 1
3.28853 1
3.28859 1
3.28867 1
3.28874 1
3.2888 1
3.28886 1
3.28893 1
3.28901 1
3.28907 1
3.28914 1
3.2892 1
3.28927 1
3.28934 1
3.28941 1
3.28947 1
3.28954 1
3.2896 1
3.28968 1
3.28974 1
3.28981 1
3.28987 1
3.28994 1
3.29002 1
3.29008 1
3.29015 1
3.29021 1
3.29027 1
3.29035 1
3.29042 1
3.29048 1
3.29055 1
3.29061 1
3.29069 1
3.29075 1
3.29082 1
3.29088 1
3.29095 1
3.29103 1
3.29109 1
3.29115 1
3.29122 1
3.29128 1
3.29135 1
3.29143 1
3.29149 1
3.29156 1
3.29162 1
3.29169 1
3.29176 1
3.29183 1
3.29189 1
3.29196 1
3.29202 1
3.2921 1
3.29216 1
3.29223 1
3.29229 1
3.29236 1
3.29244 1
3.2925 1
3.29256 1
3.29263 1
3.29269 1
3.29277 1
3.29284 1
3.2929 1
3.29297 1
3.29303 1
3.29311 1
3.29317 1
3.29324 1
3.2933 1
3.29337 1
3.29344 1
3.29351 1
3.29357 1
3.29364 1
3.2937 1
3.29378 1
3.29385 1
3.29391 1
3.29398 1
3.48396 1
3.48403 1
3.48409 1
3.48416 1
3.48422 1
