0 0
0.001 0
0.002 0
0.003 0
0.004 0
0.005 0
0.006 0
0.007 0
0.008 0
0.009 0
0.01 0
0.011 0
0.012 0
0.013 0
0.014 0
0.015 0
0.016 0
0.017 0
0.018 0
0.019 0
0.02 0
0.021 0
0.022 0
0.023 0
0.024 0
0.025 0
0.026 0
0.027 0
0.028 0
0.029 0
0.03 0
0.031 0
0.032 0
0.033 0
0.034 0
0.035 0
0.036 0
0.037 0
0.038 0
0.039 0
0.04 0
0.041 0
0.042 0
0.043 0
0.044 0
0.045 0
0.046 0
0.047 0
0.048 0
0.049 0
0.05 0
0.051 0
0.052 0
0.053 0
0.054 0
0.055 0
0.056 0
0.057 0
0.058 0
0.059 0
0.06 0
0.061 0
0.062 0
0.063 0
0.064 0
0.065 0
0.066 0
0.067 0
0.068 0
0.069 0
0.07 0
0.071 0
0.072 0
0.073 0
0.074 0
0.075 0
0.076 0
0.077 0
0.078 0
0.079 0
0.08 0
0.081 0
0.082 0
0.083 0
0.084 0
0.085 0
0.086 0
0.087 0
0.088 0
0.089 0
0.09 0
0.091 0
0.092 0
0.093 0
0.094 0
0.095 0
0.096 0
0.097 0
0.098 0
0.099 0
0.1 0
0.101 0
0.102 0
0.103 0
0.104 0
0.105 0
0.106 0
0.107 0
0.108 0
0.109 0
0.11 0
0.111 0
0.112 0
0.113 0
0.114 0
0.115 0
0.116 0
0.117 0
0.118 0
0.119 0
0.12 0
0.121 0
0.122 0
0.123 0
0.124 0
0.125 0
0.126 0
0.127 0
0.128 0
0.129 0
0.13 0
0.131 0
0.132 0
0.133 0
0.134 0
0.135 0
0.136 0
0.137 0
0.138 0
0.139 0
0.14 0
0.141 0
0.142 0
0.143 0
0.144 0
0.145 0
0.146 0
0.147 0
0.148 0
0.149 0
0.15 0
0.151 0
0.152 0
0.153 0
0.154 0
0.155 0
0.156 0
0.157 0
0.158 0
0.159 0
0.16 0
0.161 0
0.162 0
0.163 0
0.164 0
0.165 0
0.166 0
0.167 0
0.168 0
0.169 0
0.17 0
0.171 0
0.172 0
0.173 0
0.174 0
0.175 0
0.176 0
0.177 0
0.178 0
0.179 0
0.18 0
0.181 0
0.182 0
0.183 0
0.184 0
0.185 0
0.186 0
0.187 0
0.188 0
0.189 0
0.19 0
0.191 0
0.192 0
0.193 0
0.194 0
0.195 0
0.196 0
0.197 0
0.198 0
0.199 0
0.2 0
0.201 0
0.202 0
0.203 0
0.204 0
0.205 0
0.206 0
0.207 0
0.208 0
0.209 0
0.21 0
0.211 0
0.212 0
0.213 0
0.214 0
0.215 0
0.216 0
0.217 0
0.218 0
0.219 0
0.22 0
0.221 0
0.222 0
0.223 0
0.224 0
0.225 0
0.226 0
0.227 0
0.228 0
0.229 0
0.23 0
0.231 0
0.232 0
0.233 0
0.234 0
0.235 0
0.236 0
0.237 0
0.238 0
0.239 0
0.24 0
0.241 0
0.242 0
0.243 0
0.244 0
0.245 0
0.246 0
0.247 0
0.248 0
0.249 0
0.25 0
0.251 0
0.252 0
0.253 0
0.254 0
0.255 0
0.256 0
0.257 0
0.258 0
0.259 0
0.26 0
0.261 0
0.262 0
0.263 0
0.264 0
0.265 0
0.266 0
0.267 0
0.268 0
0.269 0
0.27 0
0.271 0
0.272 0
0.273 0
0.274 0
0.275 0
0.276 0
0.277 0
0.278 0
0.279 0
0.28 0
0.281 0
0.282 0
0.283 0
0.284 0
0.285 0
0.286 0
0.287 0
0.288 0
0.289 0
0.29 0
0.291 0
0.292 0
0.293 0
0.294 0
0.295 0
0.296 0
0.297 0
0.298 0
0.299 0
0.3 0
0.301 0
0.302 0
0.303 0
0.304 0
0.305 0
0.306 0
0.307 0
0.308 0
0.309 0
0.31 0
0.311 0
0.312 0
0.313 0
0.314 0
0.315 0
0.316 0
0.317 0
0.318 0
0.319 0
0.32 0
0.321 0
0.322 0
0.323 0
0.324 0
0.325 0
0.326 0
0.327 0
0.328 0
0.329 0
0.33 0
0.331 0
0.332 0
0.333 0
0.334 0
0.335 0
0.336 0
0.337 0
0.338 0
0.339 0
0.34 0
0.341 0
0.342 0
0.343 0
0.344 0
0.345 0
0.346 0
0.347 0
0.348 0
0.349 0
0.35 0
0.351 0
0.352 0
0.353 0
0.354 0
0.355 0
0.356 0
0.357 0
0.358 0
0.359 0
0.36 0
0.361 0
0.362 0
0.363 0
0.364 0
0.365 0
0.366 0
0.367 0
0.368 0
0.369 0
0.37 0
0.371 0
0.372 0
0.373 0
0.374 0
0.375 0
0.376 0
0.377 0
0.378 0
0.379 0
0.38 0
0.381 0
0.382 0
0.383 0
0.384 0
0.385 0
0.386 0
0.387 0
0.388 0
0.389 0
0.39 0
0.391 0
0.392 0
0.393 0
0.394 0
0.395 0
0.396 0
0.397 0
0.398 0
0.399 0
0.4 0
0.401 0
0.402 0
0.403 0
0.404 0
0.405 0
0.406 0
0.407 0
0.408 0
0.409 0
0.41 0
0.411 0
0.412 0
0.413 0
0.414 0
0.415 0
0.416 0
0.417 0
0.418 0
0.419 0
0.42 0
0.421 0
0.422 0
0.423 0
0.424 0
0.425 0
0.426 0
0.427 0
0.428 0
0.429 0
0.43 0
0.431 0
0.432 0
0.433 0
0.434 0
0.435 0
0.436 0
0.437 0
0.438 0
0.439 0
0.44 0
0.441 0
0.442 0
0.443 0
0.444 0
0.445 0
0.446 0
0.447 0
0.448 0
0.449 0
0.45 0
0.451 0
0.452 0
0.453 0
0.454 0
0.455 0
0.456 0
0.457 0
0.458 0
0.459 0
0.46 0
0.461 0
0.462 0
0.463 0
0.464 0
0.465 0
0.466 0
0.467 0
0.468 0
0.469 0
0.47 0
0.471 0
0.472 0
0.473 0
0.474 0
0.475 0
0.476 0
0.477 0
0.478 0
0.479 0
0.48 0
0.481 0
0.482 0
0.483 0
0.484 0
0.485 0
0.486 0
0.487 0
0.488 0
0.489 0
0.49 0
0.491 0
0.492 0
0.493 0
0.494 0
0.495 0
0.496 0
0.497 0
0.498 0
0.499 0
0.5 0
0.501 0
0.502 0
0.503 0
0.504 0
0.505 0
0.506 0
0.507 0
0.508 0
0.509 0
0.51 0
0.511 0
0.512 0
0.513 0
0.514 0
0.515 0
0.516 0
0.517 0
0.518 0
0.519 0
0.52 0
0.521 0
0.522 0
0.523 0
0.524 0
0.525 0
0.526 0
0.527 0
0.528 0
0.529 0
0.53 0
0.531 0
0.532 0
0.533 0
0.534 0
0.535 0
0.536 0
0.537 0
0.538 0
0.539 0
0.54 0
0.541 0
0.542 0
0.543 0
0.544 0
0.545 0
0.546 0
0.547 0
0.548 0
0.549 0
0.55 0
0.551 0
0.552 0
0.553 0
0.554 0
0.555 0
0.556 0
0.557 0
0.558 0
0.559 0
0.56 0
0.561 0
0.562 0
0.563 0
0.564 0
0.565 0
0.566 0
0.567 0
0.568 0
0.569 0
0.57 0
0.571 0
0.572 0
0.573 0
0.574 0
0.575 0
0.576 0
0.577 0
0.578 0
0.579 0
0.58 0
0.581 0
0.582 0
0.583 0
0.584 0
0.585 0
0.586 0
0.587 0
0.588 0
0.589 0
0.59 0
0.591 0
0.592 0
0.593 0
0.594 0
0.595 0
0.596 0
0.597 0
0.598 0
0.599 0
0.6 0
0.601 0
0.602 0
0.603 0
0.604 0
0.605 0
0.606 0
0.607 0
0.608 0
0.609 0
0.61 0
0.611 0
0.612 0
0.613 0
0.614 0
0.615 0
0.616 0
0.617 0
0.618 0
0.619 0
0.62 0
0.621 0
0.622 0
0.623 0
0.624 0
0.625 0
0.626 0
0.627 0
0.628 0
0.629 0
0.63 0
0.631 0
0.632 0
0.633 0
0.634 0
0.635 0
0.636 0
0.637 0
0.638 0
0.639 0
0.64 0
0.641 0
0.642 0
0.643 0
0.644 0
0.645 0
0.646 0
0.647 0
0.648 0
0.649 0
0.65 0
0.651 0
0.652 0
0.653 0
0.654 0
0.655 0
0.656 0
0.657 0
0.658 0
0.659 0
0.66 0
0.661 0
0.662 0
0.663 0
0.664 0
0.665 0
0.666 0
0.667 0
0.668 0
0.669 0
0.67 0
0.671 0
0.672 0
0.673 0
0.674 0
0.675 0
0.676 0
0.677 0
0.678 0
0.679 0
0.68 0
0.681 0
0.682 0
0.683 0
0.684 0
0.685 0
0.686 0
0.687 0
0.688 0
0.689 0
0.69 0
0.691 0
0.692 0
0.693 0
0.694 0
0.695 0
0.696 0
0.697 0
0.698 0
0.699 0
0.7 0
0.701 0
0.702 0
0.703 0
0.704 0
0.705 0
0.706 0
0.707 0
0.708 0
0.709 0
0.71 0
0.711 0
0.712 0
0.713 0
0.714 0
0.715 0
0.716 0
0.717 0
0.718 0
0.719 0
0.72 0
0.721 0
0.722 0
0.723 0
0.724 0
0.725 0
0.726 0
0.727 0
0.728 0
0.729 0
0.73 0
0.731 0
0.732 0
0.733 0
0.734 0
0.735 0
0.736 0
0.737 0
0.738 0
0.739 0
0.74 0
0.741 0
0.742 0
0.743 0
0.744 0
0.745 0
0.746 0
0.747 0
0.748 0
0.749 0
0.75 0
0.751 0
0.752 0
0.753 0
0.754 0
0.755 0
0.756 0
0.757 0
0.758 0
0.759 0
0.76 0
0.761 0
0.762 0
0.763 0
0.764 0
0.765 0
0.766 0
0.767 0
0.768 0
0.769 0
0.77 0
0.771 0
0.772 0
0.773 0
0.774 0
0.775 0
0.776 0
0.777 0
0.778 0
0.779 0
0.78 0
0.781 0
0.782 0
0.783 0
0.784 0
0.785 0
0.786 0
0.787 0
0.788 0
0.789 0
0.79 0
0.791 0
0.792 0
0.793 0
0.794 0
0.795 0
0.796 0
0.797 0
0.798 0
0.799 0
0.8 0
0.801 0
0.802 0
0.803 0
0.804 0
0.805 0
0.806 0
0.807 0
0.808 0
0.809 0
0.81 0
0.811 0
0.812 0
0.813 0
0.814 0
0.815 0
0.816 0
0.817 0
0.818 0
0.819 0
0.82 0
0.821 0
0.822 0
0.823 0
0.824 0
0.825 0
0.826 0
0.827 0
0.828 0
0.829 0
0.83 0
0.831 0
0.832 0
0.833 0
0.834 0
0.835 0
0.836 0
0.837 0
0.838 0
0.839 0
0.84 0
0.841 0
0.842 0
0.843 0
0.844 0
0.845 0
0.846 0
0.847 0
0.848 0
0.849 0
0.85 0
0.851 0
0.852 0
0.853 0
0.854 0
0.855 0
0.856 0
0.857 0
0.858 0
0.859 0
0.86 0
0.861 0
0.862 0
0.863 0
0.864 0
0.865 0
0.866 0
0.867 0
0.868 0
0.869 0
0.87 0
0.871 0
0.872 0
0.873 0
0.874 0
0.875 0
0.876 0
0.877 0
0.878 0
0.879 0
0.88 0
0.881 0
0.882 0
0.883 0
0.884 0
0.885 0
0.886 0
0.887 0
0.888 0
0.889 0
0.89 0
0.891 0
0.892 0
0.893 0
0.894 0
0.895 0
0.896 0
0.897 0
0.898 0
0.899 0
0.9 0
0.901 0
0.902 0
0.903 0
0.904 0
0.905 0
0.906 0
0.907 0
0.908 0
0.909 0
0.91 0
0.911 0
0.912 0
0.913 0
0.914 0
0.915 0
0.916 0
0.917 0
0.918 0
0.919 0
0.92 0
0.921 0
0.922 0
0.923 0
0.924 0
0.925 0
0.926 0
0.927 0
0.928 0
0.929 0
0.93 0
0.931 0
0.932 0
0.933 0
0.934 0
0.935 0
0.936 0
0.937 0
0.938 0
0.939 0
0.94 0
0.941 0
0.942 0
0.943 0
0.944 0
0.945 0
0.946 0
0.947 0
0.948 0
0.949 0
0.95 0
0.951 0
0.952 0
0.953 0
0.954 0
0.955 0
0.956 0
0.957 0
0.958 0
0.959 0
0.96 0
0.961 0
0.962 0
0.963 0
0.964 0
0.965 0
0.966 0
0.967 0
0.968 0
0.969 0
0.97 0
0.971 0
0.972 0
0.973 0
0.974 0
0.975 0
0.976 0
0.977 0
0.978 0
0.979 0
0.98 0
0.981 0
0.982 0
0.983 0
0.984 0
0.985 0
0.986 0
0.987 0
0.988 0
0.989 0
0.99 0
0.991 0
0.992 0
0.993 0
0.994 0
0.995 0
0.996 0
0.997 0
0.998 0
0.999 0
1 0
1.001 0
1.002 0
1.003 0
1.004 0
1.005 0
1.006 0
1.007 0
1.008 0
1.009 0
1.01 0
1.011 0
1.012 0
1.013 0
1.014 0
1.015 0
1.016 0
1.017 0
1.018 0
1.019 0
1.02 0
1.021 0
1.022 0
1.023 0
1.024 0
1.025 0
1.026 0
1.027 0
1.028 0
1.029 0
1.03 0
1.031 0
1.032 0
1.033 0
1.034 0
1.035 0
1.036 0
1.037 0
1.038 0
1.039 0
1.04 0
1.041 0
1.042 0
1.043 0
1.044 0
1.045 0
1.046 0
1.047 0
1.048 0
1.049 0
1.05 0
1.051 0
1.052 0
1.053 0
1.054 0
1.055 0
1.056 0
1.057 0
1.058 0
1.059 0
1.06 0
1.061 0
1.062 0
1.063 0
1.064 0
1.065 0
1.066 0
1.067 0
1.068 0
1.069 0
1.07 0
1.071 0
1.072 0
1.073 0
1.074 0
1.075 0
1.076 0
1.077 0
1.078 0
1.079 0
1.08 0
1.081 0
1.082 0
1.083 0
1.084 0
1.085 0
1.086 0
1.087 0
1.088 0
1.089 0
1.09 0
1.091 0
1.092 0
1.093 0
1.094 0
1.095 0
1.096 0
1.097 0
1.098 0
1.099 0
1.1 0
1.101 0
1.102 0
1.103 0
1.104 0
1.105 0
1.106 0
1.107 0
1.108 0
1.109 0
1.11 0
1.111 0
1.112 0
1.113 0
1.114 0
1.115 0
1.116 0
1.117 0
1.118 0
1.119 0
1.12 0
1.121 0
1.122 0
1.123 0
1.124 0
1.125 0
1.126 0
1.127 0
1.128 0
1.129 0
1.13 0
1.131 0
1.132 0
1.133 0
1.134 0
1.135 0
1.136 0
1.137 0
1.138 0
1.139 0
1.14 0
1.141 0
1.142 0
1.143 0
1.144 0
1.145 0
1.146 0
1.147 0
1.148 0
1.149 0
1.15 0
1.151 0
1.152 0
1.153 0
1.154 0
1.155 0
1.156 0
1.157 0
1.158 0
1.159 0
1.16 0
1.161 0
1.162 0
1.163 0
1.164 0
1.165 0
1.166 0
1.167 0
1.168 0
1.169 0
1.17 0
1.171 0
1.172 0
1.173 0
1.174 0
1.175 0
1.176 0
1.177 0
1.178 0
1.179 0
1.18 0
1.181 0
1.182 0
1.183 0
1.184 0
1.185 0
1.186 0
1.187 0
1.188 0
1.189 0
1.19 0
1.191 0
1.192 0
1.193 0
1.194 0
1.195 0
1.196 0
1.197 0
1.198 0
1.199 0
1.2 0
1.201 0
1.202 0
1.203 0
1.204 0
1.205 0
1.206 0
1.207 0
1.208 0
1.209 0
1.21 0
1.211 0
1.212 0
1.213 0
1.214 0
1.215 0
1.216 0
1.217 0
1.218 0
1.219 0
1.22 0
1.221 0
1.222 0
1.223 0
1.224 0
1.225 0
1.226 0
1.227 0
1.228 0
1.229 0
1.23 0
1.231 0
1.232 0
1.233 0
1.234 0
1.235 0
1.236 0
1.237 0
1.238 0
1.239 0
1.24 0
1.241 0
1.242 0
1.243 0
1.244 0
1.245 0
1.246 0
1.247 0
1.248 0
1.249 0
1.25 0
1.251 0
1.252 0
1.253 0
1.254 0
1.255 0
1.256 0
1.257 0
1.258 0
1.259 0
1.26 0
1.261 0
1.262 0
1.263 0
1.264 0
1.265 0
1.266 0
1.267 0
1.268 0
1.269 0
1.27 0
1.271 0
1.272 0
1.273 0
1.274 0
1.275 0
1.276 0
1.277 0
1.278 0
1.279 0
1.28 0
1.281 0
1.282 0
1.283 0
1.284 0
1.285 0
1.286 0
1.287 0
1.288 0
1.289 0
1.29 0
1.291 0
1.292 0
1.293 0
1.294 0
1.295 0
1.296 0
1.297 0
1.298 0
1.299 0
1.3 0
1.301 0
1.302 0
1.303 0
1.304 0
1.305 0
1.306 0
1.307 0
1.308 0
1.309 0
1.31 0
1.311 0
1.312 0
1.313 0
1.314 0
1.315 0
1.316 0
1.317 0
1.318 0
1.319 0
1.32 0
1.321 0
1.322 0
1.323 0
1.324 0
1.325 0
1.326 0
1.327 0
1.328 0
1.329 0
1.33 0
1.331 0
1.332 0
1.333 0
1.334 0
1.335 0
1.336 0
1.337 0
1.338 0
1.339 0
1.34 0
1.341 0
1.342 0
1.343 0
1.344 0
1.345 0
1.346 0
1.347 0
1.348 0
1.349 0
1.35 0
1.351 0
1.352 0
1.353 0
1.354 0
1.355 0
1.356 0
1.357 0
1.358 0
1.359 0
1.36 0
1.361 0
1.362 0
1.363 0
1.364 0
1.365 0
1.366 0
1.367 0
1.368 0
1.369 0
1.37 0
1.371 0
1.372 0
1.373 0
1.374 0
1.375 0
1.376 0
1.377 0
1.378 0
1.379 0
1.38 0
1.381 0
1.382 0
1.383 0
1.384 0
1.385 0
1.386 0
1.387 0
1.388 0
1.389 0
1.39 0
1.391 0
1.392 0
1.393 0
1.394 0
1.395 0
1.396 0
1.397 0
1.398 0
1.399 0
1.4 0
1.401 0
1.402 0
1.403 0
1.404 0
1.405 0
1.406 0
1.407 0
1.408 0
1.409 0
1.41 0
1.411 0
1.412 0
1.413 0
1.414 0
1.415 0
1.416 0
1.417 0
1.418 0
1.419 0
1.42 0
1.421 0
1.422 0
1.423 0
1.424 0
1.425 0
1.426 0
1.427 0
1.428 0
1.429 0
1.43 0
1.431 0
1.432 0
1.433 0
1.434 0
1.435 0
1.436 0
1.437 0
1.438 0
1.439 0
1.44 0
1.441 0
1.442 0
1.443 0
1.444 0
1.445 0
1.446 0
1.447 0
1.448 0
1.449 0
1.45 0
1.451 0
1.452 0
1.453 0
1.454 0
1.455 0
1.456 0
1.457 0
1.458 0
1.459 0
1.46 0
1.461 0
1.462 0
1.463 0
1.464 0
1.465 0
1.466 0
1.467 0
1.468 0
1.469 0
1.47 0
1.471 0
1.472 0
1.473 0
1.474 0
1.475 0
1.476 0
1.477 0
1.478 0
1.479 0
1.48 0
1.481 0
1.482 0
1.483 0
1.484 0
1.485 0
1.486 0
1.487 0
1.488 0
1.489 0
1.49 0
1.491 0
1.492 0
1.493 0
1.494 0
1.495 0
1.496 0
1.497 0
1.498 0
1.499 0
1.5 0
1.501 0
1.502 0
1.503 0
1.504 0
1.505 0
1.506 0
1.507 0
1.508 0
1.509 0
1.51 0
1.511 0
1.512 0
1.513 0
1.514 0
1.515 0
1.516 0
1.517 0
1.518 0
1.519 0
1.52 0
1.521 0
1.522 0
1.523 0
1.524 0
1.525 0
1.526 0
1.527 0
1.528 0
1.529 0
1.53 0
1.531 0
1.532 0
1.533 0
1.534 0
1.535 0
1.536 0
1.537 0
1.538 0
1.539 0
1.54 0
1.541 0
1.542 0
1.543 0
1.544 0
1.545 0
1.546 0
1.547 0
1.548 0
1.549 0
1.55 0
1.551 0
1.552 0
1.553 0
1.554 0
1.555 0
1.556 0
1.557 0
1.558 0
1.559 0
1.56 0
1.561 0
1.562 0
1.563 0
1.564 0
1.565 0
1.566 0
1.567 0
1.568 0
1.569 0
1.57 0
1.571 0
1.572 0
1.573 0
1.574 0
1.575 0
1.576 0
1.577 0
1.578 0
1.579 0
1.58 0
1.581 0
1.582 0
1.583 0
1.584 0
1.585 0
1.586 0
1.587 0
1.588 0
1.589 0
1.59 0
1.591 0
1.592 0
1.593 0
1.594 0
1.595 0
1.596 0
1.597 0
1.598 0
1.599 0
1.6 0
1.601 0
1.602 0
1.603 0
1.604 0
1.605 0
1.606 0
1.607 0
1.608 0
1.609 0
1.61 0
1.611 0
1.612 0
1.613 0
1.614 0
1.615 0
1.616 0
1.617 0
1.618 0
1.619 0
1.62 0
1.621 0
1.622 0
1.623 0
1.624 0
1.625 0
1.626 0
1.627 0
1.628 0
1.629 0
1.63 0
1.631 0
1.632 0
1.633 0
1.634 0
1.635 0
1.636 0
1.637 0
1.638 0
1.639 0
1.64 0
1.641 0
1.642 0
1.643 0
1.644 0
1.645 0
1.646 0
1.647 0
1.648 0
1.649 0
1.65 0
1.651 0
1.652 0
1.653 0
1.654 0
1.655 0
1.656 0
1.657 0
1.658 0
1.659 0
1.66 0
1.661 0
1.662 0
1.663 0
1.664 0
1.665 0
1.666 0
1.667 0
1.668 0
1.669 0
1.67 0
1.671 0
1.672 0
1.673 0
1.674 0
1.675 0
1.676 0
1.677 0
1.678 0
1.679 0
1.68 0
1.681 0
1.682 0
1.683 0
1.684 0
1.685 0
1.686 0
1.687 0
1.688 0
1.689 0
1.69 0
1.691 0
1.692 0
1.693 0
1.694 0
1.695 0
1.696 0
1.697 0
1.698 0
1.699 0
1.7 0
1.701 0
1.702 0
1.703 0
1.704 0
1.705 0
1.706 0
1.707 0
1.708 0
1.709 0
1.71 0
1.711 0
1.712 0
1.713 0
1.714 0
1.715 0
1.716 0
1.717 0
1.718 0
1.719 0
1.72 0
1.721 0
1.722 0
1.723 0
1.724 0
1.725 0
1.726 0
1.727 0
1.728 0
1.729 0
1.73 0
1.731 0
1.732 0
1.733 0
1.734 0
1.735 0
1.736 0
1.737 0
1.738 0
1.739 0
1.74 0
1.741 0
1.742 0
1.743 0
1.744 0
1.745 0
1.746 0
1.747 0
1.748 0
1.749 0
1.75 0
1.751 0
1.752 0
1.753 0
1.754 0
1.755 0
1.756 0
1.757 0
1.758 0
1.759 0
1.76 0
1.761 0
1.762 0
1.763 0
1.764 0
1.765 0
1.766 0
1.767 0
1.768 0
1.769 0
1.77 0
1.771 0
1.772 0
1.773 0
1.774 0
1.775 0
1.776 0
1.777 0
1.778 0
1.779 0
1.78 0
1.781 0
1.782 0
1.783 0
1.784 0
1.785 0
1.786 0
1.787 0
1.788 0
1.789 0
1.79 0
1.791 0
1.792 0
1.793 0
1.794 0
1.795 0
1.796 0
1.797 0
1.798 0
1.799 0
1.8 0
1.801 0
1.802 0
1.803 0
1.804 0
1.805 0
1.806 0
1.807 0
1.808 0
1.809 0
1.81 0
1.811 0
1.812 0
1.813 0
1.814 0
1.815 0
1.816 0
1.817 0
1.818 0
1.819 0
1.82 0
1.821 0
1.822 0
1.823 0
1.824 0
1.825 0
1.826 0
1.827 0
1.828 0
1.829 0
1.83 0
1.831 0
1.832 0
1.833 0
1.834 0
1.835 0
1.836 0
1.837 0
1.838 0
1.839 0
1.84 0
1.841 0
1.842 0
1.843 0
1.844 0
1.845 0
1.846 0
1.847 0
1.848 0
1.849 0
1.85 0
1.851 0
1.852 0
1.853 0
1.854 0
1.855 0
1.856 0
1.857 0
1.858 0
1.859 0
1.86 0
1.861 0
1.862 0
1.863 0
1.864 0
1.865 0
1.866 0
1.867 0
1.868 0
1.869 0
1.87 0
1.871 0
1.872 0
1.873 0
1.874 0
1.875 0
1.876 0
1.877 0
1.878 0
1.879 0
1.88 0
1.881 0
1.882 0
1.883 0
1.884 0
1.885 0
1.886 0
1.887 0
1.888 0
1.889 0
1.89 0
1.891 0
1.892 0
1.893 0
1.894 0
1.895 0
1.896 0
1.897 0
1.898 0
1.899 0
1.9 0
1.901 0
1.902 0
1.903 0
1.904 0
1.905 0
1.906 0
1.907 0
1.908 0
1.909 0
1.91 0
1.911 0
1.912 0
1.913 0
1.914 0
1.915 0
1.916 0
1.917 0
1.918 0
1.919 0
1.92 0
1.921 0
1.922 0
1.923 0
1.924 0
1.925 0
1.926 0
1.927 0
1.928 0
1.929 0
1.93 0
1.931 0
1.932 0
1.933 0
1.934 0
1.935 0
1.936 0
1.937 0
1.938 0
1.939 0
1.94 0
1.941 0
1.942 0
1.943 0
1.944 0
1.945 0
1.946 0
1.947 0
1.948 0
1.949 0
1.95 0
1.951 0
1.952 0
1.953 0
1.954 0
1.955 0
1.956 0
1.957 0
1.958 0
1.959 0
1.96 0
1.961 0
1.962 0
1.963 0
1.964 0
1.965 0
1.966 0
1.967 0
1.968 0
1.969 0
1.97 0
1.971 0
1.972 0
1.973 0
1.974 0
1.975 0
1.976 0
1.977 0
1.978 0
1.979 0
1.98 0
1.981 0
1.982 0
1.983 0
1.984 0
1.985 0
1.986 0
1.987 0
1.988 0
1.989 0
1.99 0
1.991 0
1.992 0
1.993 0
1.994 0
1.995 0
1.996 0
1.997 0
1.998 0
1.999 0
2 0
2.001 0
2.002 0
2.003 0
2.004 0
2.005 0
2.006 0
2.007 0
2.008 0
2.009 0
2.01 0
2.011 0
2.012 0
2.013 0
2.014 0
2.015 0
2.016 0
2.017 0
2.018 0
2.019 0
2.02 0
2.021 0
2.022 0
2.023 0
2.024 0
2.025 0
2.026 0
2.027 0
2.028 0
2.029 0
2.03 0
2.031 0
2.032 0
2.033 0
2.034 0
2.035 0
2.036 0
2.037 0
2.038 0
2.039 0
2.04 0
2.041 0
2.042 0
2.043 0
2.044 0
2.045 0
2.046 0
2.047 0
2.048 0
2.049 0
2.05 0
2.051 0
2.052 0
2.053 0
2.054 0
2.055 0
2.056 0
2.057 0
2.058 0
2.059 0
2.06 0
2.061 0
2.062 0
2.063 0
2.064 0
2.065 0
2.066 0
2.067 0
2.068 0
2.069 0
2.07 0
2.071 0
2.072 0
2.073 0
2.074 0
2.075 0
2.076 0
2.077 0
2.078 0
2.079 0
2.08 0
2.081 0
2.082 0
2.083 0
2.084 0
2.085 0
2.086 0
2.087 0
2.088 0
2.089 0
2.09 0
2.091 0
2.092 0
2.093 0
2.094 0
2.095 0
2.096 0
2.097 0
2.098 0
2.099 0
2.1 0
2.101 0
2.102 0
2.103 0
2.104 0
2.105 0
2.106 0
2.107 0
2.108 0
2.109 0
2.11 0
2.111 0
2.112 0
2.113 0
2.114 0
2.115 0
2.116 0
2.117 0
2.118 0
2.119 0
2.12 0
2.121 0
2.122 0
2.123 0
2.124 0
2.125 0
2.126 0
2.127 0
2.128 0
2.129 0
2.13 0
2.131 0
2.132 0
2.133 0
2.134 0
2.135 0
2.136 0
2.137 0
2.138 0
2.139 0
2.14 1500
2.141 4500
2.142 9000
2.143 12000
2.144 18000
2.145 22500
2.146 30000
2.147 37500
2.148 43500
2.149 52500
2.15 58500
2.151 63000
2.152 67500
2.153 75000
2.154 81000
2.155 87000
2.156 96000
2.157 103500
2.158 114000
2.159 123000
2.16 132000
2.161 144000
2.162 154500
2.163 166500
2.164 177000
2.165 192000
2.166 205500
2.167 220500
2.168 235500
2.169 252000
2.17 268500
2.171 286500
2.172 304500
2.173 324000
2.174 343500
2.175 364500
2.176 385500
2.177 408000
2.178 432000
2.179 456000
2.18 481500
2.181 507000
2.182 535500
2.183 564000
2.184 594000
2.185 625500
2.186 655500
2.187 687000
2.188 718500
2.189 750000
2.19 781500
2.191 811500
2.192 844500
2.193 874500
2.194 906000
2.195 936000
2.196 967500
2.197 1000500
2.198 1030500
2.199 1062000
2.2 1092000
2.201 1125000
2.202 1156500
2.203 1186500
2.204 1218000
2.205 1248000
2.206 1281000
2.207 1311000
2.208 1342500
2.209 1374000
2.21 1405500
2.211 1437000
2.212 1467000
2.213 1498500
2.214 1530000
2.215 1561500
2.216 1593000
2.217 1623000
2.218 1654500
2.219 1686000
2.22 1717500
2.221 1749000
2.222 1779000
2.223 1810500
2.224 1842000
2.225 1873500
2.226 1903500
2.227 1935000
2.228 1968000
2.229 1998000
2.23 2029500
2.231 2059500
2.232 2091000
2.233 2124000
2.234 2154000
2.235 2185500
2.236 2215500
2.237 2248500
2.238 2278500
2.239 2310000
2.24 2341500
2.241 2371500
2.242 2404500
2.243 2434500
2.244 2466000
2.245 2497500
2.246 2529000
2.247 2560500
2.248 2590500
2.249 2622000
2.25 2652000
2.251 2685000
2.252 2716500
2.253 2746500
2.254 2778000
2.255 2809500
2.256 2841000
2.257 2872500
2.258 2902500
2.259 2934000
2.26 2965500
2.261 2997000
2.262 3027000
2.263 3058500
2.264 3091500
2.265 3121500
2.266 3153000
2.267 3183000
2.268 3214500
2.269 3247500
2.27 3277500
2.271 3309000
2.272 3339000
2.273 3372000
2.274 3402000
2.275 3433500
2.276 3465000
2.277 3495000
2.278 3528000
2.279 3558000
2.28 3589500
2.281 3621000
2.282 3652500
2.283 3684000
2.284 3714000
2.285 3745500
2.286 3775500
2.287 3808500
2.288 3840000
2.289 3870000
2.29 3901500
2.291 3933000
2.292 3964500
2.293 3994500
2.294 4026000
2.295 4057500
2.296 4089000
2.297 4120500
2.298 4150500
2.299 4182000
2.3 4215000
2.301 4245000
2.302 4276500
2.303 4306500
2.304 4338000
2.305 4369500
2.306 4401000
2.307 4432500
2.308 4462500
2.309 4495500
2.31 4525500
2.311 4557000
2.312 4588500
2.313 4618500
2.314 4651500
2.315 4681500
2.316 4713000
2.317 4743000
2.318 4776000
2.319 4807500
2.32 4837500
2.321 4869000
2.322 4899000
2.323 4932000
2.324 4963500
2.325 4993500
2.326 5025000
2.327 5056500
2.328 5088000
2.329 5118000
2.33 5149500
2.331 5181000
2.332 5212500
2.333 5244000
2.334 5274000
2.335 5305500
2.336 5338500
2.337 5368500
2.338 5400000
2.339 5430000
2.34 5461500
2.341 5493000
2.342 5524500
2.343 5556000
2.344 5586000
2.345 5619000
2.346 5649000
2.347 5680500
2.348 5710500
2.349 5742000
2.35 5775000
2.351 5805000
2.352 5836500
2.353 5866500
2.354 5899500
2.355 5931000
2.356 5961000
2.357 5992500
2.358 6022500
2.359 6055500
2.36 6085500
2.361 6117000
2.362 6148500
2.363 6180000
2.364 6211500
2.365 6241500
2.366 6273000
2.367 6304500
2.368 6336000
2.369 6367500
2.37 6397500
2.371 6429000
2.372 6460500
2.373 6492000
2.374 6523500
2.375 6553500
2.376 6585000
2.377 6616500
2.378 6648000
2.379 6679500
2.38 6709500
2.381 6742500
2.382 6772500
2.383 6804000
2.384 6834000
2.385 6865500
2.386 6898500
2.387 6928500
2.388 6960000
2.389 6990000
2.39 7023000
2.391 7054500
2.392 7084500
2.393 7116000
2.394 7146000
2.395 7179000
2.396 7209000
2.397 7240500
2.398 7272000
2.399 7303500
2.4 7335000
2.401 7365000
2.402 7396500
2.403 7426500
2.404 7459500
2.405 7491000
2.406 7521000
2.407 7552500
2.408 7584000
2.409 7615500
2.41 7647000
2.411 7677000
2.412 7708500
2.413 7740000
2.414 7771500
2.415 7801500
2.416 7833000
2.417 7866000
2.418 7896000
2.419 7927500
2.42 7957500
2.421 7989000
2.422 8022000
2.423 8052000
2.424 8083500
2.425 8113500
2.426 8146500
2.427 8176500
2.428 8208000
2.429 8239500
2.43 8269500
2.431 8302500
2.432 8332500
2.433 8364000
2.434 8395500
2.435 8427000
2.436 8458500
2.437 8488500
2.438 8520000
2.439 8550000
2.44 8583000
2.441 8614500
2.442 8644500
2.443 8676000
2.444 8707500
2.445 8739000
2.446 8770500
2.447 8800500
2.448 8832000
2.449 8863500
2.45 8895000
2.451 8925000
2.452 8956500
2.453 8989500
2.454 9019500
2.455 9051000
2.456 9081000
2.457 9112500
2.458 9145500
2.459 9175500
2.46 9207000
2.461 9237000
2.462 9270000
2.463 9300000
2.464 9331500
2.465 9363000
2.466 9393000
2.467 9426000
2.468 9456000
2.469 9487500
2.47 9517500
2.471 9550500
2.472 9582000
2.473 9612000
2.474 9643500
2.475 9673500
2.476 9706500
2.477 9738000
2.478 9768000
2.479 9799500
2.48 9831000
2.481 9862500
2.482 9892500
2.483 9924000
2.484 9955500
2.485 9987000
2.486 9999000
2.487 9997500
2.488 9997500
2.489 9999000
2.49 9999000
2.491 9999000
2.492 9997500
2.493 9997500
2.494 9997500
2.495 9999000
2.496 9999000
2.497 9997500
2.498 9999000
2.499 9997500
2.5 9999000
2.501 9999000
2.502 9997500
2.503 9999000
2.504 9997500
2.505 9999000
2.506 9997500
2.507 9999000
2.508 9999000
2.509 9997500
2.51 9999000
2.511 9997500
2.512 9999000
2.513 9999000
2.514 9997500
2.515 9999000
2.516 9999000
2.517 9999000
2.518 9997500
2.519 9997500
2.52 9999000
2.521 9999000
2.522 9999000
2.523 9997500
2.524 9997500
2.525 9997500
2.526 9999000
2.527 9999000
2.528 9997500
2.529 9997500
2.53 9997500
2.531 9999000
2.532 9999000
2.533 9997500
2.534 9999000
2.535 9997500
2.536 9999000
2.537 9997500
2.538 9997500
2.539 9999000
2.54 9997500
2.541 9999000
2.542 9997500
2.543 9999000
2.544 9999000
2.545 9997500
2.546 9999000
2.547 9997500
2.548 9999000
2.549 9997500
2.55 9997500
2.551 9999000
2.552 9999000
2.553 9999000
2.554 9997500
2.555 9997500
2.556 9999000
2.557 9999000
2.558 9999000
2.559 9997500
2.56 9999000
2.561 9999000
2.562 9999000
2.563 9999000
2.564 9997500
2.565 9999000
2.566 9999000
2.567 9999000
2.568 9999000
2.569 9997500
2.57 9999000
2.571 9999000
2.572 9999000
2.573 9997500
2.574 9997500
2.575 9999000
2.576 9999000
2.577 9999000
2.578 9997500
2.579 9999000
2.58 9997500
2.581 9999000
2.582 9999000
2.583 9997500
2.584 9999000
2.585 9997500
2.586 9999000
2.587 9999000
2.588 9999000
2.589 9999000
2.59 9997500
2.591 9999000
2.592 9997500
2.593 9999000
2.594 9999000
2.595 9997500
2.596 9999000
2.597 9999000
2.598 9999000
2.599 9999000
2.6 9997500
2.601 9999000
2.602 9999000
2.603 9999000
2.604 9997500
2.605 9997500
2.606 9999000
2.607 9999000
2.608 9999000
2.609 9997500
2.61 9997500
2.611 9999000
2.612 9999000
2.613 9999000
2.614 9997500
2.615 9999000
2.616 9997500
2.617 9999000
2.618 9999000
2.619 9997500
2.62 9999000
2.621 9997500
2.622 9999000
2.623 9999000
2.624 9999000
2.625 9999000
2.626 9997500
2.627 9999000
2.628 9997500
2.629 9999000
2.63 9999000
2.631 9997500
2.632 9999000
2.633 9999000
2.634 9999000
2.635 9999000
2.636 9997500
2.637 9999000
2.638 9999000
2.639 9999000
2.64 9997500
2.641 9997500
2.642 9999000
2.643 9999000
2.644 9999000
2.645 9997500
2.646 9997500
2.647 9997500
2.648 9999000
2.649 9999000
2.65 9997500
2.651 9999000
2.652 9997500
2.653 9999000
2.654 9999000
2.655 9997500
2.656 9999000
2.657 9997500
2.658 9999000
2.659 9997500
2.66 9999000
2.661 9999000
2.662 9997500
2.663 9999000
2.664 9997500
2.665 9999000
2.666 9999000
2.667 9997500
2.668 9999000
2.669 9999000
2.67 9999000
2.671 9997500
2.672 9997500
2.673 9999000
2.674 9999000
2.675 9999000
2.676 9997500
2.677 9997500
2.678 9999000
2.679 9999000
2.68 9999000
2.681 9997500
2.682 9997500
2.683 9997500
2.684 9999000
2.685 9999000
2.686 9997500
2.687 9999000
2.688 9997500
2.689 9999000
2.69 9999000
2.691 9997500
2.692 9999000
2.693 9997500
2.694 9999000
2.695 9997500
2.696 9999000
2.697 9999000
2.698 9997500
2.699 9999000
2.7 9997500
2.701 9999000
2.702 9997500
2.703 9997500
2.704 9999000
2.705 9999000
2.706 9999000
2.707 9997500
2.708 9997500
2.709 9999000
2.71 9999000
2.711 9999000
2.712 9997500
2.713 9997500
2.714 9997500
2.715 9999000
2.716 9999000
2.717 9997500
2.718 9997500
2.719 9997500
2.72 9999000
2.721 9999000
2.722 9997500
2.723 9999000
2.724 9997500
2.725 9999000
2.726 9997500
2.727 9997500
2.728 9999000
2.729 9997500
2.73 9999000
2.731 9997500
2.732 9999000
2.733 9999000
2.734 9997500
2.735 9999000
2.736 9997500
2.737 9999000
2.738 9997500
2.739 9997500
2.74 9999000
2.741 9999000
2.742 9999000
2.743 9997500
2.744 9997500
2.745 9999000
2.746 9999000
2.747 9999000
2.748 9997500
2.749 9997500
2.75 9997500
2.751 9999000
2.752 9999000
2.753 9997500
2.754 9999000
2.755 9999000
2.756 9999000
2.757 9997500
2.758 9997500
2.759 9999000
2.76 9999000
2.761 9999000
2.762 9997500
2.763 9997500
2.764 9999000
2.765 9999000
2.766 9999000
2.767 9997500
2.768 9999000
2.769 9997500
2.77 9999000
2.771 9999000
2.772 9997500
2.773 9999000
2.774 9997500
2.775 9999000
2.776 9999000
2.777 9999000
2.778 9999000
2.779 9997500
2.78 9999000
2.781 9997500
2.782 9999000
2.783 9999000
2.784 9997500
2.785 9999000
2.786 9999000
2.787 9999000
2.788 9999000
2.789 9997500
2.79 9999000
2.791 9999000
2.792 9999000
2.793 9997500
2.794 9997500
2.795 9999000
2.796 9999000
2.797 9999000
2.798 9997500
2.799 9999000
2.8 9999000
2.801 9999000
2.802 9999000
2.803 9997500
2.804 9999000
2.805 9997500
2.806 9999000
2.807 9999000
2.808 9999000
2.809 9999000
2.81 9997500
2.811 9999000
2.812 9999000
2.813 9999000
2.814 9999000
2.815 9997500
2.816 9999000
2.817 9999000
2.818 9999000
2.819 9999000
2.82 9997500
2.821 9999000
2.822 9999000
2.823 9999000
2.824 9997500
2.825 9997500
2.826 9999000
2.827 9999000
2.828 9999000
2.829 9997500
2.83 9997500
2.831 9999000
2.832 9999000
2.833 9999000
2.834 9997500
2.835 9999000
2.836 9997500
2.837 9999000
2.838 9999000
2.839 9997500
2.84 9999000
2.841 9997500
2.842 9999000
2.843 9999000
2.844 9999000
2.845 9999000
2.846 9997500
2.847 9999000
2.848 9997500
2.849 9999000
2.85 9999000
2.851 9997500
2.852 9999000
2.853 9999000
2.854 9999000
2.855 9999000
2.856 9997500
2.857 9999000
2.858 9999000
2.859 9999000
2.86 9997500
2.861 9997500
2.862 9999000
2.863 9999000
2.864 9999000
2.865 9997500
2.866 9997500
2.867 9999000
2.868 9999000
2.869 9999000
2.87 9997500
2.871 9999000
2.872 9997500
2.873 9999000
2.874 9999000
2.875 9997500
2.876 9999000
2.877 9997500
2.878 9999000
2.879 9997500
2.88 9999000
2.881 9999000
2.882 9997500
2.883 9999000
2.884 9997500
2.885 9999000
2.886 9999000
2.887 9997500
2.888 9999000
2.889 9999000
2.89 9999000
2.891 9997500
2.892 9997500
2.893 9999000
2.894 9999000
2.895 9999000
2.896 9997500
2.897 9997500
2.898 9999000
2.899 9999000
2.9 9999000
2.901 9997500
2.902 9997500
2.903 9997500
2.904 9999000
2.905 9999000
2.906 9997500
2.907 9999000
2.908 9997500
2.909 9999000
2.91 9999000
2.911 9997500
2.912 9999000
2.913 9997500
2.914 9999000
2.915 9997500
2.916 9999000
2.917 9999000
2.918 9997500
2.919 9999000
2.92 9997500
2.921 9999000
2.922 9999000
2.923 9997500
2.924 9999000
2.925 9999000
2.926 9999000
2.927 9997500
2.928 9997500
2.929 9999000
2.93 9999000
2.931 9999000
2.932 9997500
2.933 9997500
2.934 9997500
2.935 9999000
2.936 9999000
2.937 9997500
2.938 9997500
2.939 9997500
2.94 9999000
2.941 9999000
2.942 9997500
2.943 9999000
2.944 9999000
2.945 9999000
2.946 9997500
2.947 9997500
2.948 9999000
2.949 9997500
2.95 9999000
2.951 9997500
2.952 9999000
2.953 9999000
2.954 9997500
2.955 9999000
2.956 9997500
2.957 9997500
2.958 9994500
2.959 9996000
2.96 9996000
2.961 9994500
2.962 9996000
2.963 9994500
2.964 9996000
2.965 9996000
2.966 9994500
2.967 9996000
2.968 9994500
2.969 9996000
2.97 9994500
2.971 9996000
2.972 9996000
2.973 9994500
2.974 9996000
2.975 9994500
2.976 9996000
2.977 9997500
2.978 9996000
2.979 9997500
2.98 9996000
2.981 9997500
2.982 9996000
2.983 9996000
2.984 9997500
2.985 9997500
2.986 9997500
2.987 9996000
2.988 9996000
2.989 9997500
2.99 9997500
2.991 9997500
2.992 9996000
2.993 9997500
2.994 9996000
2.995 9997500
2.996 9997500
2.997 9996000
2.998 9997500
2.999 9996000
3 9997500
3.001 9996000
3.002 9997500
3.003 9999000
3.004 9997500
3.005 9999000
3.006 9997500
3.007 9997500
3.008 9997500
3.009 9996000
3.01 9997500
3.011 9997500
3.012 9997500
3.013 9996000
3.014 9996000
3.015 9997500
3.016 9997500
3.017 9997500
3.018 9996000
3.019 9996000
3.02 9997500
3.021 9997500
3.022 9997500
3.023 9996000
3.024 9996000
3.025 9996000
3.026 9997500
3.027 9997500
3.028 9996000
3.029 9997500
3.03 9996000
3.031 9997500
3.032 9997500
3.033 9996000
3.034 9997500
3.035 9996000
3.036 9997500
3.037 9996000
3.038 9999000
3.039 9999000
3.04 9997500
3.041 9999000
3.042 9997500
3.043 9999000
3.044 9999000
3.045 9997500
3.046 9999000
3.047 9997500
3.048 9997500
3.049 9996000
3.05 9996000
3.051 9997500
3.052 9997500
3.053 9997500
3.054 9996000
3.055 9996000
3.056 9996000
3.057 9997500
3.058 9997500
3.059 9996000
3.06 9997500
3.061 9996000
3.062 9997500
3.063 9997500
3.064 9996000
3.065 9997500
3.066 9996000
3.067 9997500
3.068 9997500
3.069 9999000
3.07 9952500
3.071 9891000
3.072 9829500
3.073 9766500
3.074 9706500
3.075 9645000
3.076 9583500
3.077 9522000
3.078 9459000
3.079 9399000
3.08 9336000
3.081 9276000
3.082 9214500
3.083 9151500
3.084 9091500
3.085 9028500
3.086 8967000
3.087 8907000
3.088 8844000
3.089 8784000
3.09 8721000
3.091 8659500
3.092 8598000
3.093 8536500
3.094 8476500
3.095 8413500
3.096 8352000
3.097 8290500
3.098 8229000
3.099 8167500
3.1 8106000
3.101 8044500
3.102 7983000
3.103 7921500
3.104 7858500
3.105 7798500
3.106 7737000
3.107 7675500
3.108 7614000
3.109 7551000
3.11 7491000
3.111 7428000
3.112 7366500
3.113 7306500
3.114 7243500
3.115 7183500
3.116 7120500
3.117 7059000
3.118 6999000
3.119 6936000
3.12 6876000
3.121 6813000
3.122 6751500
3.123 6690000
3.124 6628500
3.125 6567000
3.126 6505500
3.127 6444000
3.128 6382500
3.129 6321000
3.13 6259500
3.131 6198000
3.132 6136500
3.133 6075000
3.134 6013500
3.135 5950500
3.136 5890500
3.137 5829000
3.138 5766000
3.139 5706000
3.14 5643000
3.141 5583000
3.142 5521500
3.143 5458500
3.144 5398500
3.145 5335500
3.146 5275500
3.147 5212500
3.148 5151000
3.149 5091000
3.15 5028000
3.151 4966500
3.152 4905000
3.153 4843500
3.154 4783500
3.155 4720500
3.156 4659000
3.157 4597500
3.158 4536000
3.159 4474500
3.16 4413000
3.161 4351500
3.162 4290000
3.163 4228500
3.164 4165500
3.165 4105500
3.166 4044000
3.167 3982500
3.168 3921000
3.169 3858000
3.17 3798000
3.171 3735000
3.172 3675000
3.173 3613500
3.174 3550500
3.175 3490500
3.176 3427500
3.177 3366000
3.178 3304500
3.179 3243000
3.18 3183000
3.181 3120000
3.182 3058500
3.183 2997000
3.184 2935500
3.185 2875500
3.186 2812500
3.187 2751000
3.188 2689500
3.189 2628000
3.19 2565000
3.191 2505000
3.192 2443500
3.193 2382000
3.194 2320500
3.195 2257500
3.196 2197500
3.197 2136000
3.198 2074500
3.199 2013000
3.2 1950000
3.201 1890000
3.202 1827000
3.203 1765500
3.204 1705500
3.205 1642500
3.206 1582500
3.207 1519500
3.208 1458000
3.209 1398000
3.21 1335000
3.211 1275000
3.212 1212000
3.213 1150500
3.214 1089000
3.215 1027500
3.216 966000
3.217 904500
3.218 843000
3.219 781500
3.22 720000
3.221 658500
3.222 597000
3.223 535500
3.224 474000
3.225 412500
3.226 349500
3.227 289500
3.228 228000
3.229 165000
3.23 105000
3.231 42000
3.232 0
3.233 0
3.234 0
3.235 0
3.236 0
3.237 0
3.238 0
3.239 0
3.24 0
3.241 0
3.242 0
3.243 0
3.244 0
3.245 0
3.246 0
3.247 0
3.248 0
3.249 0
3.25 0
3.251 0
3.252 0
3.253 0
3.254 0
3.255 0
3.256 0
3.257 0
3.258 0
3.259 0
3.26 0
3.261 0
3.262 0
3.263 0
3.264 0
3.265 0
3.266 0
3.267 0
3.268 0
3.269 0
3.27 0
3.271 0
3.272 0
3.273 0
3.274 0
3.275 0
3.276 0
3.277 0
3.278 0
3.279 0
3.28 0
3.281 0
3.282 0
3.283 0
3.284 0
3.285 0
3.286 0
3.287 0
3.288 0
3.289 0
3.29 0
3.291 0
3.292 0
3.293 0
3.294 0
3.295 0
3.296 0
3.297 0
3.298 0
3.299 0
3.3 0
3.301 0
3.302 0
3.303 0
3.304 0
3.305 0
3.306 0
3.307 0
3.308 0
3.309 0
3.31 0
3.311 0
3.312 0
3.313 0
3.314 0
3.315 0
3.316 0
3.317 0
3.318 0
3.319 0
3.32 0
3.321 0
3.322 0
3.323 0
3.324 0
3.325 0
3.326 0
3.327 0
3.328 0
3.329 0
3.33 0
3.331 0
3.332 0
3.333 0
3.334 0
3.335 0
3.336 0
3.337 0
3.338 0
3.339 0
3.34 0
3.341 0
3.342 0
3.343 0
3.344 0
3.345 0
3.346 0
3.347 0
3.348 0
3.349 0
3.35 0
3.351 0
3.352 0
3.353 0
3.354 0
3.355 0
3.356 0
3.357 0
3.358 0
3.359 0
3.36 0
3.361 0
3.362 0
3.363 0
3.364 0
3.365 0
3.366 0
3.367 0
3.368 0
3.369 0
3.37 0
3.371 0
3.372 0
3.373 0
3.374 0
3.375 0
3.376 0
3.377 0
3.378 0
3.379 0
3.38 0
3.381 0
3.382 0
3.383 0
3.384 0
3.385 0
3.386 0
3.387 0
3.388 0
3.389 0
3.39 0
3.391 0
3.392 0
3.393 0
3.394 0
3.395 0
3.396 0
3.397 0
3.398 0
3.399 0
3.4 0
3.401 0
3.402 0
3.403 0
3.404 0
3.405 0
3.406 0
3.407 0
3.408 0
3.409 0
3.41 0
3.411 0
3.412 0
3.413 0
3.414 0
3.415 0
3.416 0
3.417 0
3.418 0
3.419 0
3.42 0
3.421 0
3.422 0
3.423 0
3.424 0
3.425 0
3.426 0
3.427 0
3.428 0
3.429 0
3.43 0
3.431 0
3.432 0
3.433 0
3.434 0
3.435 0
3.436 0
3.437 0
3.438 0
3.439 0
3.44 0
3.441 0
3.442 0
3.443 0
3.444 0
3.445 0
3.446 0
3.447 0
3.448 0
3.449 0
3.45 0
3.451 0
3.452 0
3.453 0
3.454 0
3.455 0
3.456 0
3.457 0
3.458 0
3.459 0
3.46 0
3.461 0
3.462 0
3.463 0
3.464 0
3.465 0
3.466 0
3.467 0
3.468 0
3.469 0
3.47 0
3.471 0
3.472 0
3.473 0
3.474 0
3.475 0
3.476 0
3.477 0
3.478 0
3.479 0
3.48 0
3.481 0
3.482 0
3.483 0
3.484 0
3.485 0
3.486 0
3.487 0
3.488 0
3.489 0
3.49 0
3.491 0
3.492 0
3.493 0
3.494 0
3.495 0
3.496 0
3.497 0
3.498 0
3.499 0
3.5 0
3.501 0
3.502 0
3.503 0
3.504 0
3.505 0
3.506 0
3.507 0
3.508 0
3.509 0
3.51 0
3.511 0
3.512 0
3.513 0
3.514 0
3.515 0
3.516 0
3.517 0
3.518 0
3.519 0
3.52 0
3.521 0
3.522 0
3.523 0
3.524 0
3.525 0
3.526 0
3.527 0
3.528 0
3.529 0
3.53 0
3.531 0
3.532 0
3.533 0
3.534 0
3.535 0
3.536 0
3.537 0
3.538 0
3.539 0
3.54 0
3.541 0
3.542 0
3.543 0
3.544 0
3.545 0
3.546 0
3.547 0
3.548 0
3.549 0
3.55 0
3.551 0
3.552 0
3.553 0
3.554 0
3.555 0
3.556 0
3.557 0
3.558 0
3.559 0
3.56 0
3.561 0
3.562 0
3.563 0
3.564 0
3.565 0
3.566 0
3.567 0
3.568 0
3.569 0
3.57 0
3.571 0
3.572 0
3.573 0
3.574 0
3.575 0
3.576 0
3.577 0
3.578 0
3.579 0
3.58 0
3.581 0
3.582 0
3.583 0
3.584 0
3.585 0
3.586 0
3.587 0
3.588 0
3.589 0
3.59 0
3.591 0
3.592 0
3.593 0
3.594 0
3.595 0
3.596 0
3.597 0
3.598 0
3.599 0
3.6 0
3.601 0
3.602 0
3.603 0
3.604 0
3.605 0
3.606 0
3.607 0
3.608 0
3.609 0
3.61 0
3.611 0
3.612 0
3.613 0
3.614 0
3.615 0
3.616 0
3.617 0
3.618 0
3.619 0
3.62 0
3.621 0
3.622 0
3.623 0
3.624 0
3.625 0
3.626 0
3.627 0
3.628 0
3.629 0
3.63 0
3.631 0
3.632 0
3.633 0
3.634 0
3.635 0
3.636 0
3.637 0
3.638 0
3.639 0
3.64 0
3.641 0
3.642 0
3.643 0
3.644 0
3.645 0
3.646 0
3.647 0
3.648 0
3.649 0
3.65 0
3.651 0
3.652 0
3.653 0
3.654 0
3.655 0
3.656 0
3.657 0
3.658 0
3.659 0
3.66 0
3.661 0
3.662 0
3.663 0
3.664 0
3.665 0
3.666 0
3.667 0
3.668 0
3.669 0
3.67 0
3.671 0
3.672 0
3.673 0
3.674 0
3.675 0
3.676 0
3.677 0
3.678 0
3.679 0
3.68 0
3.681 0
3.682 0
3.683 0
3.684 0
3.685 0
3.686 0
3.687 0
3.688 0
3.689 0
3.69 0
3.691 0
3.692 0
3.693 0
3.694 0
3.695 0
3.696 0
3.697 0
3.698 0
3.699 0
3.7 0
3.701 0
3.702 0
3.703 0
3.704 0
3.705 0
3.706 0
3.707 0
3.708 0
3.709 0
3.71 0
3.711 0
3.712 0
3.713 0
3.714 0
3.715 0
3.716 0
3.717 0
3.718 0
3.719 0
3.72 0
3.721 0
3.722 0
3.723 0
3.724 0
3.725 0
3.726 0
3.727 0
3.728 0
3.729 0
3.73 0
3.731 0
3.732 0
3.733 0
3.734 0
3.735 0
3.736 0
3.737 0
3.738 0
3.739 0
3.74 0
3.741 0
3.742 0
3.743 0
3.744 0
3.745 0
3.746 0
3.747 0
3.748 0
3.749 0
3.75 0
3.751 0
3.752 0
3.753 0
3.754 0
3.755 0
3.756 0
3.757 0
3.758 0
3.759 0
3.76 0
3.761 0
3.762 0
3.763 0
3.764 0
3.765 0
3.766 0
3.767 0
3.768 0
3.769 0
3.77 0
3.771 0
3.772 0
3.773 0
3.774 0
3.775 0
3.776 0
3.777 0
3.778 0
3.779 0
3.78 0
3.781 0
3.782 0
3.783 0
3.784 0
3.785 0
3.786 0
