29.3723 1
29.3741 1
29.3759 1
29.3777 1
29.3795 1
29.3813 1
29.3831 1
29.3849 1
29.3867 1
29.3885 1
29.3903 1
29.3921 1
29.3939 1
29.3957 1
29.3975 1
29.3993 1
29.4011 1
29.4029 1
29.4047 1
29.4065 1
29.4083 1
29.4101 1
29.412 1
29.4138 1
29.4156 1
29.4174 1
29.4192 1
29.421 1
29.4228 1
29.4246 1
29.4264 1
29.4282 1
29.43 1
29.4318 1
29.4336 1
29.4354 1
29.4372 1
29.439 1
29.4408 1
29.4426 1
29.4444 1
29.4462 1
29.448 1
29.4498 1
29.4516 1
29.4534 1
29.4552 1
29.457 1
29.4588 1
29.4606 1
29.4624 1
29.4642 1
29.466 1
29.4678 1
29.4696 1
29.4714 1
29.4732 1
29.475 1
29.4768 1
29.4786 1
29.4804 1
29.4822 1
29.484 1
29.4859 1
29.4877 1
29.4895 1
29.4913 1
29.4931 1
29.4949 1
29.4967 1
29.4985 1
29.5003 1
29.5021 1
29.5039 1
29.5057 1
29.5075 1
29.5093 1
29.5111 1
29.5129 1
29.5147 1
29.5165 1
29.5183 1
29.5201 1
29.5219 1
29.5237 1
29.5255 1
29.5273 1
29.5291 1
29.5309 1
29.5327 1
29.5345 1
29.5363 1
29.5381 1
29.5399 1
29.5417 1
29.5435 1
29.5453 1
29.5471 1
29.5489 1
29.5507 1
29.5525 1
29.5543 1
29.5561 1
29.5579 1
29.5597 1
29.5616 1
29.5634 1
29.5652 1
29.567 1
29.5688 1
29.5706 1
29.5724 1
29.5742 1
29.576 1
29.5778 1
29.5796 1
29.5814 1
29.5832 1
29.585 1
29.5868 1
29.5886 1
29.5904 1
29.5922 1
29.594 1
29.5958 1
29.5976 1
29.5994 1
29.6012 1
29.603 1
29.6048 1
29.6066 1
29.6084 1
29.6102 1
29.612 1
29.6138 1
29.6156 1
29.6174 1
29.6192 1
29.621 1
29.6228 1
29.6246 1
29.6264 1
29.6282 1
29.63 1
29.6318 1
29.6336 1
29.6354 1
29.6373 1
29.6391 1
29.6409 1
29.6427 1
29.6445 1
29.6463 1
29.6481 1
29.6499 1
29.6517 1
29.6535 1
29.6553 1
29.6571 1
29.6589 1
29.6607 1
29.6625 1
29.6643 1
29.6661 1
29.6679 1
29.6697 1
29.6715 1
29.6733 1
29.6751 1
29.6769 1
29.6787 1
29.6805 1
29.6823 1
29.6841 1
29.6859 1
29.6877 1
29.6895 1
29.6913 1
29.6931 1
29.6949 1
29.6967 1
29.6985 1
29.7003 1
29.7021 1
29.7039 1
29.7057 1
29.7075 1
29.7093 1
29.7112 1
29.713 1
29.7148 1
29.7166 1
29.7184 1
29.7202 1
29.722 1
29.7238 1
29.7256 1
29.7274 1
29.7292 1
29.731 1
29.7328 1
29.7346 1
29.7364 1
29.7382 1
29.74 1
29.7418 1
29.7436 1
29.7454 1
29.7472 1
29.749 1
29.7508 1
29.7526 1
29.7544 1
29.7562 1
29.758 1
29.7598 1
29.7616 1
29.7634 1
29.7652 1
29.767 1
29.7688 1
29.7706 1
29.7724 1
29.7742 1
29.776 1
29.7778 1
29.7796 1
29.7814 1
29.7832 1
29.785 1
29.7869 1
29.7887 1
29.7905 1
29.7923 1
29.7941 1
29.7959 1
29.7977 1
29.7995 1
29.8013 1
29.8031 1
29.8049 1
29.8067 1
29.8085 1
29.8103 1
29.8121 1
29.8139 1
29.8157 1
29.8175 1
29.8193 1
29.8211 1
29.8229 1
29.8247 1
29.8265 1
29.8283 1
29.8301 1
29.8319 1
29.8337 1
29.8355 1
29.8373 1
29.8391 1
29.8409 1
29.8427 1
29.8445 1
29.8463 1
29.8481 1
29.8499 1
29.8517 1
29.8535 1
29.8553 1
29.8571 1
29.8589 1
29.8607 1
29.8626 1
29.8644 1
29.8662 1
29.868 1
29.8698 1
29.8716 1
29.8734 1
29.8752 1
29.877 1
29.8788 1
29.8806 1
29.8824 1
29.8842 1
29.886 1
29.8878 1
29.8896 1
29.8914 1
29.8932 1
29.895 1
29.8968 1
29.8986 1
29.9004 1
29.9022 1
29.904 1
29.9058 1
29.9076 1
29.9094 1
29.9112 1
29.913 1
29.9148 1
29.9166 1
29.9184 1
29.9202 1
29.922 1
29.9238 1
29.9256 1
29.9274 1
29.9292 1
29.931 1
29.9328 1
29.9346 1
29.9365 1
29.9383 1
29.9401 1
29.9419 1
29.9437 1
29.9455 1
29.9473 1
29.9491 1
29.9509 1
29.9527 1
29.9545 1
29.9563 1
29.9581 1
29.9599 1
29.9617 1
29.9635 1
29.9653 1
29.9671 1
29.9689 1
29.9707 1
29.9725 1
29.9743 1
29.9761 1
29.9779 1
29.9797 1
29.9815 1
29.9833 1
29.9851 1
29.9869 1
29.9887 1
29.9905 1
29.9923 1
29.9941 1
29.9959 1
29.9977 1
29.9995 1
30.0013 1
30.0031 1
30.0049 1
30.0067 1
30.0085 1
30.0103 1
30.0122 1
30.014 1
30.0158 1
30.0176 1
30.0194 1
30.0212 1
30.023 1
30.0248 1
30.0266 1
30.0284 1
30.0302 1
30.032 1
30.0338 1
30.0356 1
30.0374 1
30.0392 1
30.041 1
30.0428 1
30.0446 1
30.0464 1
30.0482 1
30.05 1
30.0518 1
30.0536 1
30.0554 1
30.0572 1
30.059 1
30.0608 1
30.0626 1
30.0644 1
30.0662 1
30.068 1
30.0698 1
30.0716 1
30.0734 1
30.0752 1
30.077 1
30.0788 1
30.0806 1
30.0824 1
30.0842 1
30.086 1
30.0879 1
30.0897 1
30.0915 1
30.0933 1
30.0951 1
30.0969 1
30.0987 1
30.1005 1
30.1023 1
30.1041 1
30.1059 1
30.1077 1
30.1095 1
30.1113 1
30.1131 1
30.1149 1
30.1167 1
30.1185 1
30.1203 1
30.1221 1
30.1239 1
30.1257 1
30.1275 1
30.1293 1
30.1311 1
30.1329 1
30.1347 1
30.1365 1
30.1383 1
30.1401 1
30.1419 1
30.1437 1
30.1455 1
30.1473 1
30.1491 1
30.1509 1
30.1527 1
30.1545 1
30.1563 1
30.1581 1
30.1599 1
30.1618 1
30.1636 1
30.1654 1
30.1672 1
30.169 1
30.1708 1
30.1726 1
30.1744 1
30.1762 1
30.178 1
30.1798 1
30.1816 1
30.1834 1
30.1852 1
30.187 1
30.1888 1
30.1906 1
30.1924 1
30.1942 1
30.196 1
30.1978 1
30.1996 1
30.2014 1
30.2032 1
30.205 1
30.2068 1
30.2086 1
30.2104 1
30.2122 1
30.214 1
30.2158 1
30.2176 1
30.2194 1
30.2212 1
30.223 1
30.2248 1
30.2266 1
30.2284 1
30.2296 1
30.2314 1
30.2332 1
30.2338 1
30.2356 1
30.2369 1
30.2381 1
30.2399 1
30.2411 1
30.2423 1
30.2435 1
30.2453 1
30.2465 1
30.2477 1
30.2495 1
30.2507 1
30.2519 1
30.2537 1
30.2543 1
30.2561 1
30.2573 1
30.2585 1
30.2603 1
30.2615 1
30.2627 1
30.2645 1
30.2657 1
30.2669 1
30.2681 1
30.2699 1
30.2711 1
30.2723 1
30.2741 1
30.2747 1
30.2765 1
30.2783 1
30.2789 1
30.2807 1
30.2819 1
30.2831 1
30.2849 1
30.2861 1
30.2873 1
30.2885 1
30.2903 1
30.2915 1
30.2927 1
30.2945 1
30.2951 1
30.2969 1
30.2987 1
30.2993 1
30.3011 1
30.3023 1
30.3035 1
30.3053 1
30.3065 1
30.3077 1
30.3089 1
30.3107 1
30.312 1
30.3132 1
30.315 1
30.3156 1
30.3174 1
30.3192 1
30.3198 1
30.3216 1
30.3228 1
30.324 1
30.3258 1
30.327 1
30.3282 1
30.3294 1
30.3312 1
30.3324 1
30.3336 1
30.3354 1
30.336 1
30.3378 1
30.339 1
30.3402 1
30.342 1
30.3432 1
30.3444 1
30.3462 1
30.3474 1
30.3486 1
30.3498 1
30.3516 1
30.3522 1
30.354 1
30.3558 1
30.3564 1
30.3582 1
30.3594 1
30.3606 1
30.3624 1
30.3636 1
30.3648 1
30.366 1
30.3678 1
30.369 1
30.3702 1
30.372 1
30.3726 1
30.3744 1
30.3756 1
30.3768 1
30.3786 1
30.3798 1
30.381 1
30.3822 1
30.384 1
30.3852 1
30.3864 1
30.3883 1
30.3889 1
30.3907 1
30.3919 1
30.3931 1
30.3949 1
30.3961 1
30.3973 1
30.3985 1
30.4003 1
30.4015 1
30.4027 1
30.4045 1
30.4051 1
30.4069 1
30.4081 1
30.4093 1
30.4111 1
30.4123 1
30.4135 1
30.4147 1
30.4165 1
30.4177 1
30.4189 1
30.4207 1
30.4213 1
30.4231 1
30.4243 1
30.4255 1
30.4273 1
30.4285 1
30.4297 1
30.4309 1
30.4327 1
30.4333 1
30.4351 1
30.4369 1
30.4375 1
30.4393 1
30.4405 1
30.4417 1
30.4435 1
30.4447 1
30.4459 1
30.4471 1
30.4489 1
30.4495 1
30.4513 1
30.4525 1
30.4537 1
30.4555 1
30.4567 1
30.4579 1
30.4597 1
30.4609 1
30.4622 1
30.4634 1
30.4652 1
30.4658 1
30.4676 1
30.4688 1
30.47 1
30.4718 1
30.473 1
30.4742 1
30.4754 1
30.4772 1
30.4778 1
30.4796 1
30.4808 1
30.482 1
30.4838 1
30.485 1
30.4862 1
30.488 1
30.4892 1
30.4904 1
30.4916 1
30.4934 1
30.494 1
30.4958 1
30.497 1
30.4982 1
30.5 1
30.5012 1
30.5024 1
30.5036 1
30.5054 1
30.506 1
30.5078 1
30.509 1
30.5102 1
30.512 1
30.5132 1
30.5144 1
30.5156 1
30.5174 1
30.518 1
30.5198 1
30.5216 1
30.5222 1
30.524 1
30.5252 1
30.5264 1
30.5282 1
30.5294 1
30.5306 1
30.5318 1
30.5336 1
30.5342 1
30.536 1
30.5373 1
30.5385 1
30.5403 1
30.5415 1
30.5427 1
30.5439 1
30.5457 1
30.5463 1
30.5481 1
30.5493 1
30.5505 1
30.5523 1
30.5535 1
30.5547 1
30.5559 1
30.5577 1
30.5583 1
30.5601 1
30.5613 1
30.5625 1
30.5643 1
30.5655 1
30.5667 1
30.5679 1
30.5697 1
30.5703 1
30.5721 1
30.5733 1
30.5745 1
30.5763 1
30.5775 1
30.5787 1
30.5799 1
30.5817 1
30.5823 1
30.5841 1
30.5853 1
30.5865 1
30.5883 1
30.5895 1
30.5907 1
30.5919 1
30.5937 1
30.5943 1
30.5961 1
30.5973 1
30.5985 1
30.6003 1
30.6015 1
30.6027 1
30.6039 1
30.6057 1
30.6063 1
30.6081 1
30.6093 1
30.6105 1
30.6124 1
30.6136 1
30.6148 1
30.616 1
30.6178 1
30.6184 1
30.6202 1
30.6214 1
30.6226 1
30.6244 1
30.6256 1
30.6268 1
30.628 1
30.6298 1
30.6304 1
30.6322 1
30.6334 1
30.6346 1
30.6364 1
30.6376 1
30.6382 1
30.64 1
30.6412 1
30.6424 1
30.6442 1
30.6454 1
30.6466 1
30.6478 1
30.6496 1
30.6502 1
30.652 1
30.6532 1
30.6544 1
30.6562 1
30.6574 1
30.6586 1
30.6598 1
30.6616 1
30.6622 1
30.664 1
30.6652 1
30.6664 1
30.6682 1
30.6694 1
30.6706 1
30.6718 1
30.673 1
30.6742 1
30.676 1
30.6772 1
30.6784 1
30.6796 1
30.6814 1
30.682 1
30.6838 1
30.685 1
30.6862 1
30.6881 1
30.6893 1
30.6905 1
30.6917 1
30.6935 1
30.6941 1
30.6959 1
30.6971 1
30.6983 1
30.7001 1
30.7013 1
30.7019 1
30.7037 1
30.7049 1
30.7061 1
30.7079 1
30.7091 1
30.7103 1
30.7115 1
30.7133 1
30.7139 1
30.7157 1
30.7169 1
30.7181 1
30.7199 1
30.7211 1
30.7217 1
30.7235 1
30.7247 1
30.7259 1
30.7277 1
30.7289 1
30.7301 1
30.7313 1
30.7331 1
30.7337 1
30.7355 1
30.7367 1
30.7379 1
30.7397 1
30.7409 1
30.7415 1
30.7433 1
30.7445 1
30.7457 1
30.7475 1
30.7487 1
30.7499 1
30.7511 1
30.7529 1
30.7535 1
30.7553 1
30.7565 1
30.7577 1
30.7595 1
30.7607 1
30.7613 1
30.7632 1
30.7644 1
30.7656 1
30.7674 1
30.7686 1
30.7698 1
30.771 1
30.7728 1
30.7734 1
30.7752 1
30.7764 1
30.7776 1
30.7788 1
30.7806 1
30.7812 1
30.783 1
30.7842 1
30.7854 1
30.7872 1
30.7884 1
30.789 1
30.7908 1
30.792 1
30.7932 1
30.795 1
30.7962 1
30.7974 1
30.7986 1
30.8004 1
30.801 1
30.8028 1
30.804 1
30.8052 1
30.8064 1
30.8082 1
30.8088 1
30.8106 1
30.8118 1
30.813 1
30.8148 1
30.816 1
30.8166 1
30.8184 1
30.8196 1
30.8208 1
30.8226 1
30.8238 1
30.8244 1
30.8262 1
30.8274 1
30.8286 1
30.8304 1
30.8316 1
30.8328 1
30.834 1
30.8358 1
30.8364 1
30.8383 1
30.8395 1
30.8407 1
30.8419 1
30.8437 1
30.8443 1
30.8461 1
30.8473 1
30.8485 1
30.8503 1
30.8515 1
30.8521 1
30.8539 1
30.8551 1
30.8563 1
30.8581 1
30.8593 1
30.8599 1
30.8617 1
30.8629 1
30.8641 1
30.8659 1
30.8671 1
30.8677 1
30.8695 1
30.8707 1
30.8719 1
30.8737 1
30.8749 1
30.8761 1
30.8773 1
30.8785 1
30.8797 1
30.8815 1
30.8827 1
30.8839 1
30.8851 1
30.8869 1
30.8875 1
30.8893 1
30.8905 1
30.8917 1
30.8929 1
30.8947 1
30.8953 1
30.8971 1
30.8983 1
30.8995 1
30.9007 1
30.9025 1
30.9031 1
30.9049 1
30.9061 1
30.9073 1
30.9085 1
30.9103 1
30.9109 1
30.9128 1
30.914 1
30.9152 1
30.917 1
30.9182 1
30.9188 1
30.9206 1
30.9218 1
30.923 1
30.9248 1
30.926 1
30.9266 1
30.9284 1
30.9296 1
30.9308 1
30.9326 1
30.9338 1
30.9344 1
30.9362 1
30.9374 1
30.9386 1
30.9404 1
30.9416 1
30.9422 1
30.944 1
30.9452 1
30.9464 1
30.9482 1
30.9494 1
30.95 1
30.9518 1
30.953 1
30.9542 1
30.956 1
30.9572 1
30.9578 1
30.9596 1
30.9608 1
30.962 1
30.9638 1
30.965 1
30.9656 1
30.9674 1
30.9686 1
30.9698 1
30.9716 1
30.9728 1
30.9734 1
30.9752 1
30.9764 1
30.9776 1
30.9794 1
30.9806 1
30.9812 1
30.983 1
30.9842 1
30.9854 1
30.9866 1
30.9885 1
30.9891 1
30.9909 1
30.9921 1
30.9933 1
30.9945 1
30.9963 1
30.9969 1
30.9987 1
30.9999 1
31.0011 1
31.0023 1
31.0041 1
31.0047 1
31.0065 1
31.0077 1
31.0089 1
31.0101 1
31.0113 1
31.0125 1
31.0143 1
31.0155 1
31.0167 1
31.0179 1
31.0191 1
31.0203 1
31.0221 1
31.0233 1
31.0239 1
31.0257 1
31.0269 1
31.0281 1
31.0299 1
31.0311 1
31.0317 1
31.0335 1
31.0347 1
31.0359 1
31.0377 1
31.0389 1
31.0395 1
31.0413 1
31.0425 1
31.0437 1
31.0455 1
31.0467 1
31.0473 1
31.0491 1
31.0503 1
31.0515 1
31.0527 1
31.0545 1
31.0551 1
31.0569 1
31.0581 1
31.0593 1
31.0605 1
31.0617 1
31.063 1
31.0648 1
31.066 1
31.0666 1
31.0684 1
31.0696 1
31.0708 1
31.0726 1
31.0738 1
31.0744 1
31.0762 1
31.0774 1
31.0786 1
31.0804 1
31.0816 1
31.0822 1
31.084 1
31.0852 1
31.0864 1
31.0876 1
31.0894 1
31.09 1
31.0918 1
31.093 1
31.0942 1
31.0954 1
31.0966 1
31.0978 1
31.0996 1
31.1008 1
31.1014 1
31.1032 1
31.1044 1
31.1056 1
31.1074 1
31.1086 1
31.1092 1
31.111 1
31.1122 1
31.1134 1
31.1152 1
31.1164 1
31.117 1
31.1188 1
31.12 1
31.1212 1
31.1224 1
31.1236 1
31.1248 1
31.1266 1
31.1278 1
31.1284 1
31.1302 1
31.1314 1
31.1326 1
31.1344 1
31.1356 1
31.1362 1
31.1381 1
31.1393 1
31.1405 1
31.1417 1
31.1429 1
31.1441 1
31.1459 1
31.1471 1
31.1477 1
31.1495 1
31.1507 1
31.1519 1
31.1537 1
31.1549 1
31.1555 1
31.1573 1
31.1585 1
31.1597 1
31.1615 1
31.1627 1
31.1633 1
31.1651 1
31.1663 1
31.1675 1
31.1687 1
31.1699 1
31.1711 1
31.1729 1
31.1741 1
31.1747 1
31.1765 1
31.1777 1
31.1789 1
31.1807 1
31.1819 1
31.1825 1
31.1843 1
31.1855 1
31.1867 1
31.1879 1
31.1891 1
31.1903 1
31.1921 1
31.1933 1
31.1939 1
31.1957 1
31.1969 1
31.1981 1
31.1993 1
31.2005 1
31.2017 1
31.2035 1
31.2047 1
31.2053 1
31.2071 1
31.2083 1
31.2095 1
31.2113 1
31.2125 1
31.2132 1
31.215 1
31.2162 1
31.2174 1
31.2186 1
31.2198 1
31.221 1
31.2228 1
31.224 1
31.2246 1
31.2264 1
31.2276 1
31.2288 1
31.2306 1
31.2318 1
31.2324 1
31.2342 1
31.2354 1
31.236 1
31.2378 1
31.239 1
31.2402 1
31.242 1
31.2432 1
31.2438 1
31.2456 1
31.2468 1
31.248 1
31.2492 1
31.2504 1
31.2516 1
31.2534 1
31.2546 1
31.2552 1
31.257 1
31.2582 1
31.2594 1
31.2612 1
31.2618 1
31.263 1
31.2648 1
31.266 1
31.2666 1
31.2684 1
31.2696 1
31.2708 1
31.2726 1
31.2738 1
31.2744 1
31.2762 1
31.2774 1
31.278 1
31.2798 1
31.281 1
31.2822 1
31.284 1
31.2852 1
31.2858 1
31.2876 1
31.2889 1
31.2901 1
31.2913 1
31.2925 1
31.2937 1
31.2955 1
31.2967 1
31.2973 1
31.2991 1
31.3003 1
31.3015 1
31.3027 1
31.3039 1
31.3051 1
31.3069 1
31.3081 1
31.3087 1
31.3105 1
31.3117 1
31.3129 1
31.3141 1
31.3153 1
31.3165 1
31.3183 1
31.3195 1
31.3201 1
31.3219 1
31.3231 1
31.3243 1
31.3255 1
31.3267 1
31.3279 1
31.3297 1
31.3309 1
31.3315 1
31.3333 1
31.3345 1
31.3357 1
31.3369 1
31.3381 1
31.3393 1
31.3411 1
31.3423 1
31.3429 1
31.3447 1
31.3459 1
31.3471 1
31.3483 1
31.3495 1
31.3507 1
31.3525 1
31.3537 1
31.3543 1
31.3561 1
31.3573 1
31.3585 1
31.3597 1
31.3609 1
31.3621 1
31.364 1
31.3652 1
31.3658 1
31.3676 1
31.3688 1
31.37 1
31.3712 1
31.3724 1
31.3736 1
31.3754 1
31.3766 1
31.3772 1
31.379 1
31.3802 1
31.3808 1
31.3826 1
31.3838 1
31.385 1
31.3868 1
31.3874 1
31.3886 1
31.3904 1
31.3916 1
31.3922 1
31.394 1
31.3952 1
31.3964 1
31.3982 1
31.3988 1
31.4 1
31.4018 1
31.403 1
31.4036 1
31.4054 1
31.4066 1
31.4078 1
31.409 1
31.4102 1
31.4114 1
31.4132 1
31.4144 1
31.415 1
31.4168 1
31.418 1
31.4186 1
31.4204 1
31.4216 1
31.4228 1
31.4246 1
31.4252 1
31.4264 1
31.4282 1
31.4294 1
31.43 1
31.4318 1
31.433 1
31.4342 1
31.4354 1
31.4366 1
31.4378 1
31.4397 1
31.4409 1
31.4415 1
31.4433 1
31.4445 1
31.4457 1
31.4469 1
31.4481 1
31.4493 1
31.4511 1
31.4517 1
31.4529 1
31.4547 1
31.4559 1
31.4565 1
31.4583 1
31.4595 1
31.4607 1
31.4619 1
31.4631 1
31.4643 1
31.4661 1
31.4673 1
31.4679 1
31.4697 1
31.4709 1
31.4715 1
31.4733 1
31.4745 1
31.4757 1
31.4775 1
31.4781 1
31.4793 1
31.4811 1
31.4823 1
31.4829 1
31.4847 1
31.4859 1
31.4871 1
31.4883 1
31.4895 1
31.4907 1
31.4925 1
31.4931 1
31.4943 1
31.4961 1
31.4973 1
31.4979 1
31.4997 1
31.5009 1
31.5021 1
31.5033 1
31.5045 1
31.5057 1
31.5075 1
31.5087 1
31.5093 1
31.5111 1
31.5123 1
31.5129 1
31.5148 1
31.516 1
31.5172 1
31.5184 1
31.5196 1
31.5208 1
31.5226 1
31.5238 1
31.5244 1
31.5262 1
31.5274 1
31.528 1
31.5298 1
31.531 1
31.5322 1
31.5334 1
31.5346 1
31.5358 1
31.5376 1
31.5388 1
31.5394 1
31.5412 1
31.5424 1
31.543 1
31.5448 1
31.546 1
31.5472 1
31.5484 1
31.5496 1
31.5508 1
31.5526 1
31.5532 1
31.5544 1
31.5562 1
31.5574 1
31.558 1
31.5598 1
31.561 1
31.5622 1
31.5634 1
31.5646 1
31.5658 1
31.5676 1
31.5682 1
31.5694 1
31.5712 1
31.5724 1
31.573 1
31.5748 1
31.576 1
31.5766 1
31.5784 1
31.5796 1
31.5808 1
31.5826 1
31.5832 1
31.5844 1
31.5862 1
31.5874 1
31.588 1
31.5899 1
31.5911 1
31.5917 1
31.5935 1
31.5947 1
31.5959 1
31.5971 1
31.5983 1
31.5995 1
31.6013 1
31.6019 1
31.6031 1
31.6049 1
31.6061 1
31.6067 1
31.6085 1
31.6097 1
31.6103 1
31.6121 1
31.6133 1
31.6145 1
31.6163 1
31.6169 1
31.6181 1
31.6199 1
31.6211 1
31.6217 1
31.6235 1
31.6247 1
31.6253 1
31.6271 1
31.6283 1
31.6289 1
31.6307 1
31.6319 1
31.6331 1
31.6349 1
31.6355 1
31.6367 1
31.6385 1
31.6397 1
31.6403 1
31.6421 1
31.6433 1
31.6439 1
31.6457 1
31.6469 1
31.6475 1
31.6493 1
31.6505 1
31.6517 1
31.6535 1
31.6541 1
31.6553 1
31.6571 1
31.6583 1
31.6589 1
31.6607 1
31.6619 1
31.6625 1
31.6644 1
31.6656 1
31.6662 1
31.668 1
31.6692 1
31.6704 1
31.6722 1
31.6728 1
31.674 1
31.6758 1
31.6764 1
31.6776 1
31.6794 1
31.6806 1
31.6812 1
31.683 1
31.6842 1
31.6848 1
31.6866 1
31.6878 1
31.689 1
31.6902 1
31.6914 1
31.6926 1
31.6944 1
31.695 1
31.6962 1
31.698 1
31.6992 1
31.6998 1
31.7016 1
31.7028 1
31.7034 1
31.7052 1
31.7064 1
31.707 1
31.7088 1
31.71 1
31.7112 1
31.713 1
31.7136 1
31.7148 1
31.7166 1
31.7172 1
31.7184 1
31.7202 1
31.7214 1
31.722 1
31.7238 1
31.725 1
31.7256 1
31.7274 1
31.7286 1
31.7292 1
31.731 1
31.7322 1
31.7334 1
31.7352 1
31.7358 1
31.737 1
31.7389 1
31.7395 1
31.7407 1
31.7425 1
31.7437 1
31.7443 1
31.7461 1
31.7473 1
31.7479 1
31.7497 1
31.7509 1
31.7515 1
31.7533 1
31.7545 1
31.7557 1
31.7575 1
31.7581 1
31.7593 1
31.7611 1
31.7617 1
31.7629 1
31.7647 1
31.7659 1
31.7665 1
31.7683 1
31.7695 1
31.7701 1
31.7719 1
31.7731 1
31.7737 1
31.7755 1
31.7767 1
31.7773 1
31.7791 1
31.7803 1
31.7815 1
31.7833 1
31.7839 1
31.7851 1
31.7869 1
31.7875 1
31.7887 1
31.7905 1
31.7917 1
31.7923 1
31.7941 1
31.7953 1
31.7959 1
31.7977 1
31.7989 1
31.7995 1
31.8013 1
31.8025 1
31.8031 1
31.8049 1
31.8061 1
31.8073 1
31.8091 1
31.8097 1
31.8109 1
31.8127 1
31.8133 1
31.8146 1
31.8164 1
31.817 1
31.8182 1
31.82 1
31.8212 1
31.8218 1
31.8236 1
31.8248 1
31.8254 1
31.8272 1
31.8284 1
31.829 1
31.8308 1
31.832 1
31.8326 1
31.8344 1
31.8356 1
31.8368 1
31.8386 1
31.8392 1
31.8404 1
31.8422 1
31.8428 1
31.844 1
31.8458 1
31.8464 1
31.8476 1
31.8494 1
31.8506 1
31.8512 1
31.853 1
31.8542 1
31.8548 1
31.8566 1
31.8578 1
31.8584 1
31.8602 1
31.8614 1
31.862 1
31.8638 1
31.865 1
31.8662 1
31.8674 1
31.8686 1
31.8698 1
31.8716 1
31.8722 1
31.8734 1
31.8752 1
31.8758 1
31.877 1
31.8788 1
31.8794 1
31.8806 1
31.8824 1
31.8836 1
31.8842 1
31.886 1
31.8872 1
31.8878 1
31.8897 1
31.8909 1
31.8915 1
31.8933 1
31.8945 1
31.8951 1
31.8969 1
31.8981 1
31.8987 1
31.9005 1
31.9017 1
31.9029 1
31.9047 1
31.9053 1
31.9065 1
31.9083 1
31.9089 1
31.9101 1
31.9119 1
31.9125 1
31.9137 1
31.9155 1
31.9161 1
31.9173 1
31.9191 1
31.9197 1
31.9209 1
31.9227 1
31.9239 1
31.9245 1
31.9263 1
31.9275 1
31.9281 1
31.9299 1
31.9311 1
31.9317 1
31.9335 1
31.9347 1
31.9353 1
31.9371 1
31.9383 1
31.9389 1
31.9407 1
31.9419 1
31.9425 1
31.9443 1
31.9455 1
31.9467 1
31.9485 1
31.9491 1
31.9503 1
31.9521 1
31.9527 1
31.9539 1
31.9557 1
31.9563 1
31.9575 1
31.9593 1
31.9599 1
31.9611 1
31.9629 1
31.9635 1
31.9648 1
31.9666 1
31.9672 1
31.9684 1
31.9702 1
31.9714 1
31.972 1
31.9738 1
31.975 1
31.9756 1
31.9774 1
31.9786 1
31.9792 1
31.981 1
31.9822 1
31.9828 1
31.9846 1
31.9858 1
31.9864 1
31.9882 1
31.9894 1
31.99 1
31.9918 1
31.993 1
31.9936 1
31.9954 1
31.9966 1
31.9972 1
31.999 1
32.0002 1
32.0014 1
32.0032 1
32.0038 1
32.005 1
32.0068 1
32.0074 1
32.0086 1
32.0104 1
32.011 1
32.0122 1
32.014 1
32.0146 1
32.0158 1
32.0176 1
32.0182 1
32.0194 1
32.0212 1
32.0218 1
32.023 1
32.0248 1
32.0254 1
32.0266 1
32.0284 1
32.029 1
32.0302 1
32.032 1
32.0326 1
32.0338 1
32.0356 1
32.0368 1
32.0374 1
32.0393 1
32.0405 1
32.0411 1
32.0429 1
32.0441 1
32.0447 1
32.0465 1
32.0477 1
32.0483 1
32.0501 1
32.0513 1
32.0519 1
32.0537 1
32.0549 1
32.0555 1
32.0573 1
32.0585 1
32.0591 1
32.0609 1
32.0621 1
32.0627 1
32.0645 1
32.0657 1
32.0663 1
32.0681 1
32.0693 1
32.0699 1
32.0717 1
32.0729 1
32.0735 1
32.0753 1
32.0765 1
32.0771 1
32.0789 1
32.0801 1
32.0807 1
32.0825 1
32.0837 1
32.0843 1
32.0861 1
32.0873 1
32.0879 1
32.0897 1
32.0909 1
32.0915 1
32.0933 1
32.0945 1
32.0951 1
32.0969 1
32.0981 1
32.0987 1
32.1005 1
32.1017 1
32.1029 1
32.1047 1
32.1053 1
32.1065 1
32.1083 1
32.1089 1
32.1101 1
32.1119 1
32.1125 1
32.1137 1
32.1156 1
32.1162 1
32.1174 1
32.1192 1
32.1198 1
32.121 1
32.1228 1
32.1234 1
32.1246 1
32.1264 1
32.127 1
32.1282 1
32.13 1
32.1306 1
32.1318 1
32.1336 1
32.1342 1
32.1354 1
32.1372 1
32.1378 1
32.139 1
32.1408 1
32.1414 1
32.1426 1
32.1444 1
32.145 1
32.1462 1
32.148 1
32.1486 1
32.1498 1
32.1516 1
32.1522 1
32.1534 1
32.1552 1
32.1558 1
32.157 1
32.1588 1
32.1594 1
32.1606 1
32.1624 1
32.163 1
32.1642 1
32.166 1
32.1666 1
32.1678 1
32.1696 1
32.1702 1
32.1714 1
32.1732 1
32.1738 1
32.175 1
32.1768 1
32.1774 1
32.1786 1
32.1798 1
32.181 1
32.1822 1
32.1834 1
32.1846 1
32.1858 1
32.187 1
32.1882 1
32.1895 1
32.1907 1
32.1919 1
32.1931 1
32.1943 1
32.1955 1
32.1967 1
32.1979 1
32.1991 1
32.2003 1
32.2015 1
32.2027 1
32.2039 1
32.2051 1
32.2063 1
32.2075 1
32.2087 1
32.2099 1
32.2111 1
32.2123 1
32.2135 1
32.2147 1
32.2159 1
32.2171 1
32.2183 1
32.2195 1
32.2207 1
32.2219 1
32.2231 1
32.2243 1
32.2255 1
32.2267 1
32.2279 1
32.2291 1
32.2303 1
32.2315 1
32.2327 1
32.2339 1
32.2351 1
32.2363 1
32.2375 1
32.2387 1
32.2399 1
32.2411 1
32.2423 1
32.2435 1
32.2447 1
32.2459 1
32.2471 1
32.2483 1
32.2495 1
32.2507 1
32.2519 1
32.2531 1
32.2543 1
32.2555 1
32.2567 1
32.2579 1
32.2591 1
32.2603 1
32.2615 1
32.2627 1
32.2639 1
32.2652 1
32.2664 1
32.2676 1
32.2688 1
32.27 1
32.2712 1
32.2724 1
32.2736 1
32.2748 1
32.276 1
32.2772 1
32.2784 1
32.2796 1
32.2808 1
32.282 1
32.2832 1
32.2844 1
32.2856 1
32.2868 1
32.288 1
32.2892 1
32.2904 1
32.2916 1
32.2928 1
32.294 1
32.2952 1
32.2964 1
32.2976 1
32.2988 1
32.3 1
32.3012 1
32.3024 1
32.3036 1
32.3048 1
32.306 1
32.3072 1
32.3084 1
32.3096 1
32.3108 1
32.312 1
32.3132 1
32.3144 1
32.3156 1
32.3168 1
32.318 1
32.3192 1
32.3204 1
32.3216 1
32.3228 1
32.324 1
32.3252 1
32.3264 1
32.3276 1
32.3288 1
32.33 1
32.3312 1
32.3324 1
32.3336 1
32.3348 1
32.336 1
32.3372 1
32.3384 1
32.3397 1
32.3409 1
32.3421 1
32.3433 1
32.3445 1
32.3457 1
32.3469 1
32.3481 1
32.3493 1
32.3505 1
32.3517 1
32.3529 1
32.3541 1
32.3553 1
32.3565 1
32.3577 1
32.3589 1
32.3601 1
32.3613 1
32.3625 1
32.3637 1
32.3649 1
32.3661 1
32.3673 1
32.3685 1
32.3697 1
32.3709 1
32.3721 1
32.3733 1
32.3745 1
32.3757 1
32.3769 1
32.3781 1
32.3793 1
32.3805 1
32.3817 1
32.3829 1
32.3841 1
32.3853 1
32.3865 1
32.3877 1
32.3889 1
32.3901 1
32.3913 1
32.3925 1
32.3937 1
32.3949 1
32.3961 1
32.3973 1
32.3985 1
32.3997 1
32.4009 1
32.4021 1
32.4033 1
32.4045 1
32.4057 1
32.4069 1
32.4081 1
32.4093 1
32.4105 1
32.4117 1
32.4129 1
32.4141 1
32.4154 1
32.4166 1
32.4178 1
32.419 1
32.4202 1
32.4214 1
32.4226 1
32.4238 1
32.425 1
32.4262 1
32.4274 1
32.4286 1
32.4298 1
32.431 1
32.4322 1
32.4334 1
32.4346 1
32.4358 1
32.437 1
32.4382 1
32.4394 1
32.4406 1
32.4418 1
32.443 1
32.4442 1
32.4454 1
32.4466 1
32.4478 1
32.449 1
32.4502 1
32.4514 1
32.4526 1
32.4538 1
32.455 1
32.4562 1
32.4574 1
32.4586 1
32.4598 1
32.461 1
32.4622 1
32.4634 1
32.4646 1
32.4658 1
32.467 1
32.4682 1
32.4694 1
32.4706 1
32.4718 1
32.473 1
32.4742 1
32.4754 1
32.4766 1
32.4778 1
32.479 1
32.4802 1
32.4814 1
32.4826 1
32.4838 1
32.485 1
32.4862 1
32.4874 1
32.4886 1
32.4899 1
32.4911 1
32.4923 1
32.4935 1
32.4947 1
32.4959 1
32.4971 1
32.4983 1
32.4995 1
32.5007 1
32.5019 1
32.5031 1
32.5043 1
32.5055 1
32.5067 1
32.5079 1
32.5091 1
32.5103 1
32.5115 1
32.5127 1
32.5139 1
32.5151 1
32.5163 1
32.5175 1
32.5187 1
32.5199 1
32.5211 1
32.5223 1
32.5235 1
32.5247 1
32.5259 1
32.5271 1
32.5283 1
32.5295 1
32.5307 1
32.5319 1
32.5331 1
32.5343 1
32.5355 1
32.5367 1
32.5379 1
32.5391 1
32.5403 1
32.5415 1
32.5427 1
32.5439 1
32.5451 1
32.5463 1
32.5475 1
32.5487 1
32.5499 1
32.5511 1
32.5523 1
32.5535 1
32.5547 1
32.5559 1
32.5571 1
32.5583 1
32.5595 1
32.5607 1
32.5619 1
32.5631 1
32.5643 1
32.5656 1
32.5668 1
32.568 1
32.5692 1
32.5704 1
32.5716 1
32.5728 1
32.574 1
32.5752 1
32.5764 1
32.5776 1
32.5788 1
32.58 1
32.5812 1
32.5824 1
32.5836 1
32.5848 1
32.586 1
32.5872 1
32.5884 1
32.5896 1
32.5908 1
32.592 1
32.5932 1
32.5944 1
32.5956 1
32.5968 1
32.598 1
32.5992 1
32.6004 1
32.6016 1
32.6028 1
32.604 1
32.6052 1
32.6064 1
32.6076 1
32.6088 1
32.61 1
32.6112 1
32.6124 1
32.6136 1
32.6148 1
32.616 1
32.6172 1
32.6184 1
32.6196 1
32.6208 1
32.622 1
32.6232 1
32.6244 1
32.6256 1
32.6268 1
32.628 1
32.6292 1
32.6304 1
32.6316 1
32.6328 1
32.634 1
32.6352 1
32.6364 1
32.6376 1
32.6388 1
32.6401 1
32.6413 1
32.6425 1
32.6437 1
32.6449 1
32.6461 1
32.6473 1
32.6485 1
32.6497 1
32.6509 1
32.6521 1
32.6533 1
32.6545 1
32.6557 1
32.6569 1
32.6581 1
32.6593 1
32.6605 1
32.6617 1
32.6629 1
32.6641 1
32.6653 1
32.6665 1
32.6677 1
32.6689 1
32.6701 1
32.6713 1
32.6725 1
32.6737 1
32.6749 1
32.6761 1
32.6773 1
32.6785 1
32.6797 1
32.6809 1
32.6821 1
32.6833 1
32.6845 1
32.6857 1
32.6869 1
32.6881 1
32.6893 1
32.6905 1
32.6917 1
32.6929 1
32.6941 1
32.6953 1
32.6965 1
32.6977 1
32.6989 1
32.7001 1
32.7013 1
32.7025 1
32.7037 1
32.7049 1
32.7061 1
32.7073 1
32.7085 1
32.7097 1
32.7109 1
32.7121 1
32.7133 1
32.7145 1
32.7158 1
32.717 1
32.7182 1
32.7194 1
32.7206 1
32.7218 1
32.723 1
32.7242 1
32.7254 1
32.7266 1
32.7278 1
32.729 1
32.7302 1
32.7314 1
32.7326 1
32.7338 1
32.735 1
32.7362 1
32.7374 1
32.7386 1
32.7398 1
32.741 1
32.7422 1
32.7434 1
32.7446 1
32.7458 1
32.747 1
32.7482 1
32.7494 1
32.7506 1
32.7518 1
32.753 1
32.7542 1
32.7554 1
32.7566 1
32.7578 1
32.759 1
32.7602 1
32.7614 1
32.7626 1
32.7638 1
32.765 1
32.7662 1
32.7674 1
32.7686 1
32.7698 1
32.771 1
32.7722 1
32.7734 1
32.7746 1
32.7758 1
32.777 1
32.7782 1
32.7794 1
32.7806 1
32.7818 1
32.783 1
32.7842 1
32.7854 1
32.7866 1
32.7878 1
32.789 1
32.7903 1
32.7915 1
32.7927 1
32.7939 1
32.7951 1
32.7963 1
32.7975 1
32.7987 1
32.7999 1
32.8011 1
32.8023 1
32.8035 1
32.8047 1
32.8059 1
32.8071 1
32.8083 1
32.8095 1
32.8107 1
32.8119 1
32.8131 1
32.8143 1
32.8155 1
32.8167 1
32.8179 1
32.8191 1
32.8203 1
32.8215 1
32.8227 1
32.8239 1
32.8251 1
32.8263 1
32.8275 1
32.8287 1
32.8299 1
32.8311 1
32.8323 1
32.8335 1
32.8347 1
32.8359 1
32.8371 1
32.8383 1
32.8395 1
32.8407 1
32.8419 1
32.8431 1
32.8443 1
32.8455 1
32.8467 1
32.8479 1
32.8491 1
32.8503 1
32.8515 1
32.8527 1
32.8539 1
32.8551 1
32.8563 1
32.8575 1
32.8587 1
32.8599 1
32.8611 1
32.8623 1
32.8635 1
32.8647 1
32.866 1
32.8672 1
32.8684 1
32.8696 1
32.8708 1
32.872 1
32.8732 1
32.8744 1
32.8756 1
32.8768 1
32.878 1
32.8792 1
32.8804 1
32.8816 1
32.8828 1
32.884 1
32.8852 1
32.8864 1
32.8876 1
32.8888 1
32.89 1
32.8912 1
32.8924 1
32.8936 1
32.8948 1
32.896 1
32.8972 1
32.8984 1
32.8996 1
32.9008 1
32.902 1
32.9032 1
32.9044 1
32.9056 1
32.9068 1
32.908 1
32.9092 1
32.9104 1
32.9116 1
32.9128 1
32.914 1
32.9152 1
32.9164 1
32.9176 1
32.9188 1
32.92 1
32.9212 1
32.9224 1
32.9236 1
32.9248 1
32.926 1
32.9272 1
32.9284 1
32.9296 1
32.9308 1
32.932 1
32.9332 1
32.9344 1
32.9356 1
32.9368 1
32.938 1
32.9392 1
32.9405 1
32.9417 1
32.9429 1
32.9441 1
32.9453 1
32.9465 1
32.9477 1
32.9489 1
32.9501 1
32.9513 1
32.9525 1
32.9537 1
32.9549 1
32.9561 1
32.9573 1
32.9585 1
32.9597 1
32.9609 1
32.9621 1
32.9633 1
32.9645 1
32.9657 1
32.9669 1
32.9681 1
32.9693 1
32.9705 1
32.9717 1
32.9729 1
32.9741 1
32.9753 1
32.9765 1
32.9777 1
32.9789 1
32.9801 1
32.9813 1
32.9825 1
32.9837 1
32.9849 1
32.9861 1
32.9873 1
32.9885 1
32.9897 1
32.9909 1
32.9921 1
32.9933 1
32.9945 1
32.9957 1
32.9969 1
32.9981 1
32.9993 1
33.0005 1
33.0017 1
33.0029 1
33.0041 1
33.0053 1
33.0065 1
33.0077 1
33.0089 1
33.0101 1
33.0113 1
33.0125 1
33.0137 1
33.0149 1
33.0162 1
33.0174 1
33.0186 1
33.0198 1
33.021 1
33.0222 1
33.0234 1
33.0246 1
33.0258 1
33.027 1
33.0282 1
33.0294 1
33.0306 1
33.0318 1
33.033 1
33.0342 1
33.0354 1
33.0366 1
33.0378 1
33.039 1
33.0402 1
33.0414 1
33.0426 1
33.0438 1
33.045 1
33.0462 1
33.0474 1
33.0486 1
33.0498 1
33.051 1
33.0522 1
33.0534 1
33.0546 1
33.0558 1
33.057 1
33.0582 1
33.0594 1
33.0606 1
33.0618 1
33.063 1
33.0642 1
33.0654 1
33.0666 1
33.0678 1
33.069 1
33.0702 1
33.0714 1
33.0726 1
33.0738 1
33.075 1
33.0762 1
33.0774 1
33.0786 1
33.0798 1
33.081 1
33.0822 1
33.0834 1
33.0846 1
33.0858 1
33.087 1
33.0882 1
33.0894 1
33.0907 1
33.0919 1
33.0931 1
33.0943 1
33.0955 1
33.0967 1
33.0979 1
33.0991 1
33.1003 1
33.1015 1
33.1027 1
33.1039 1
33.1051 1
33.1063 1
33.1075 1
33.1087 1
33.1099 1
33.1111 1
33.1123 1
33.1135 1
33.1147 1
33.1159 1
33.1171 1
33.1183 1
33.1195 1
33.1207 1
33.1219 1
33.1231 1
33.1243 1
33.1255 1
33.1267 1
33.1279 1
33.1291 1
33.1303 1
33.1315 1
33.1327 1
33.1339 1
33.1351 1
33.1363 1
33.1375 1
33.1387 1
33.1399 1
33.1411 1
33.1423 1
33.1435 1
33.1447 1
33.1459 1
33.1471 1
33.1483 1
33.1495 1
33.1507 1
33.1519 1
33.1531 1
33.1543 1
33.1555 1
33.1567 1
33.1579 1
33.1591 1
33.1603 1
33.1615 1
33.1627 1
33.1639 1
33.1651 1
33.1664 1
33.1676 1
33.1688 1
33.17 1
33.1712 1
33.1724 1
33.1736 1
33.1748 1
33.176 1
33.1772 1
33.1784 1
33.1796 1
33.1808 1
33.182 1
33.1832 1
33.1844 1
33.1856 1
33.1868 1
33.188 1
33.1892 1
33.1904 1
33.1916 1
33.1928 1
33.194 1
33.1952 1
33.1964 1
33.1976 1
33.1988 1
33.2 1
33.2012 1
33.2024 1
33.2036 1
33.2048 1
33.206 1
33.2072 1
33.2084 1
33.2096 1
33.2108 1
33.212 1
33.2132 1
33.2144 1
33.2156 1
33.2168 1
33.218 1
33.2192 1
33.2204 1
33.2216 1
33.2228 1
33.224 1
33.2252 1
33.2264 1
33.2276 1
33.2288 1
33.23 1
33.2312 1
33.2324 1
33.2336 1
33.2348 1
33.236 1
33.2372 1
33.2384 1
33.2396 1
33.2409 1
33.2421 1
33.2433 1
33.2445 1
33.2457 1
33.2469 1
33.2481 1
33.2493 1
33.2505 1
33.2517 1
33.2529 1
33.2541 1
33.2553 1
33.2565 1
33.2577 1
33.2589 1
33.2601 1
33.2613 1
33.2625 1
33.2637 1
33.2649 1
33.2661 1
33.2673 1
33.2685 1
33.2697 1
33.2709 1
33.2721 1
33.2733 1
33.2745 1
33.2757 1
33.2769 1
33.2781 1
33.2793 1
33.2805 1
33.2817 1
33.2829 1
33.2841 1
33.2853 1
33.2865 1
33.2877 1
33.2889 1
33.2901 1
33.2913 1
33.2925 1
33.2937 1
33.2949 1
33.2961 1
33.2973 1
33.2985 1
33.2997 1
33.3009 1
33.3021 1
33.3033 1
33.3045 1
33.3057 1
33.3069 1
33.3081 1
33.3093 1
33.3105 1
33.3117 1
33.3129 1
33.3141 1
33.3153 1
33.3166 1
33.3178 1
33.319 1
33.3202 1
33.3214 1
33.3226 1
33.3238 1
33.325 1
33.3262 1
33.3274 1
33.3286 1
33.3298 1
33.331 1
33.3322 1
33.3334 1
33.3346 1
33.3358 1
33.337 1
33.3382 1
33.3394 1
33.3406 1
33.3418 1
33.343 1
33.3442 1
33.3454 1
33.3466 1
33.3478 1
33.349 1
33.3502 1
33.3514 1
33.3526 1
33.3538 1
33.355 1
33.3562 1
33.3574 1
33.3586 1
33.3598 1
33.361 1
33.3622 1
33.3634 1
33.3646 1
33.3658 1
33.367 1
33.3682 1
33.3694 1
33.3706 1
33.3718 1
33.373 1
33.3742 1
33.3754 1
33.3766 1
33.3778 1
33.379 1
33.3802 1
33.3814 1
33.3826 1
33.3838 1
33.385 1
33.3862 1
33.3874 1
33.3886 1
33.3898 1
33.3911 1
33.3923 1
33.3935 1
33.3947 1
33.3959 1
33.3971 1
33.3983 1
33.3995 1
33.4007 1
33.4019 1
33.4031 1
33.4043 1
33.4055 1
33.4067 1
33.4079 1
33.4091 1
33.4103 1
33.4115 1
33.4127 1
33.4139 1
33.4151 1
33.4163 1
33.4175 1
33.4187 1
33.4199 1
33.4211 1
33.4223 1
33.4235 1
33.4247 1
33.4259 1
33.4271 1
33.4283 1
33.4295 1
33.4307 1
33.4319 1
33.4331 1
33.4343 1
33.4355 1
33.4367 1
33.4379 1
33.4391 1
33.4403 1
33.4415 1
33.4427 1
33.4439 1
33.4451 1
33.4463 1
33.4475 1
33.4487 1
33.4499 1
33.4511 1
33.4523 1
33.4535 1
33.4547 1
33.4559 1
33.4571 1
33.4583 1
33.4595 1
33.4607 1
33.4619 1
33.4631 1
33.4643 1
33.4655 1
33.4668 1
33.468 1
33.4692 1
33.4704 1
33.4716 1
33.4728 1
33.474 1
33.4752 1
33.4764 1
33.4776 1
37.6124 1
37.6129 1
40.3886 1
40.3886 1
40.3886 1
40.3886 1
40.3886 1
40.3886 1
40.3887 1
40.3887 1
40.3887 1
40.3887 1
40.3887 1
40.3887 1
40.3887 1
40.3887 1
40.3887 1
40.3888 1
40.3888 1
40.3888 1
40.3888 1
40.3888 1
40.3888 1
40.3888 1
40.3888 1
40.3889 1
40.3889 1
40.3889 1
40.3889 1
40.3889 1
40.3889 1
40.3889 1
40.389 1
40.389 1
40.389 1
40.389 1
40.389 1
40.389 1
40.389 1
40.389 1
40.389 1
40.3891 1
40.3891 1
40.3891 1
40.3891 1
40.3891 1
40.3891 1
40.3891 1
40.3891 1
40.3892 1
40.3892 1
40.3892 1
40.3892 1
40.3892 1
40.3892 1
40.3892 1
40.3892 1
40.3893 1
40.3893 1
40.3893 1
40.3893 1
40.3893 1
40.3893 1
40.3893 1
40.3893 1
40.3893 1
40.3894 1
40.3894 1
40.3894 1
40.3894 1
40.3894 1
40.3894 1
40.3894 1
40.3894 1
40.3895 1
40.3895 1
40.3895 1
40.3895 1
40.3895 1
40.3895 1
40.3895 1
40.3896 1
40.3896 1
40.3896 1
40.3896 1
40.3896 1
40.3896 1
40.3896 1
40.3896 1
40.3896 1
40.3897 1
40.3897 1
40.3897 1
40.3897 1
40.3897 1
40.3897 1
40.3897 1
40.3897 1
40.3898 1
40.3898 1
40.3898 1
40.3898 1
40.3898 1
40.3898 1
40.3898 1
40.3898 1
40.3899 1
40.3899 1
40.3899 1
40.3899 1
40.3904 1
40.391 1
40.3916 1
40.3922 1
40.3928 1
40.3934 1
40.4012 1
40.4613 1
40.5081 1
40.5472 1
40.582 1
40.6127 1
40.6415 1
40.6679 1
40.6932 1
40.7166 1
40.7394 1
40.7611 1
40.7815 1
40.8013 1
40.8205 1
40.8392 1
40.8572 1
40.8746 1
40.8914 1
40.9083 1
40.9245 1
40.9401 1
40.9557 1
40.9707 1
40.9858 1
41.0002 1
41.0146 1
41.029 1
41.0428 1
41.0567 1
41.0699 1
41.0831 1
41.0963 1
41.1089 1
41.1215 1
41.1342 1
41.1468 1
41.1588 1
41.1708 1
41.1828 1
41.1948 1
41.2063 1
41.2177 1
41.2291 1
41.2405 1
41.2519 1
41.2627 1
41.2735 1
41.2844 1
41.2952 1
41.306 1
41.3168 1
41.3276 1
41.3372 1
41.3474 1
41.3577 1
41.3679 1
41.3781 1
41.3883 1
41.3985 1
41.4081 1
41.4177 1
41.4274 1
41.437 1
41.4466 1
41.4562 1
41.4658 1
41.4754 1
41.485 1
41.494 1
41.5031 1
41.5121 1
41.5211 1
41.5301 1
41.5391 1
41.5481 1
41.5571 1
41.5661 1
41.5751 1
41.5842 1
41.5926 1
41.601 1
41.6094 1
41.6178 1
41.6262 1
41.6346 1
41.643 1
41.6514 1
41.6599 1
41.6683 1
41.6767 1
41.6851 1
41.6935 1
41.7019 1
41.7103 1
