0 0
0.001 0
0.002 0
0.003 0
0.004 0
0.005 0
0.006 0
0.007 0
0.008 0
0.009 0
0.01 0
0.011 0
0.012 0
0.013 0
0.014 0
0.015 0
0.016 0
0.017 0
0.018 0
0.019 0
0.02 0
0.021 0
0.022 0
0.023 0
0.024 0
0.025 0
0.026 0
0.027 0
0.028 0
0.029 0
0.03 0
0.031 0
0.032 0
0.033 0
0.034 0
0.035 0
0.036 0
0.037 0
0.038 0
0.039 0
0.04 0
0.041 0
0.042 0
0.043 0
0.044 0
0.045 0
0.046 0
0.047 0
0.048 0
0.049 0
0.05 0
0.051 0
0.052 0
0.053 0
0.054 0
0.055 0
0.056 0
0.057 0
0.058 0
0.059 0
0.06 0
0.061 0
0.062 0
0.063 0
0.064 0
0.065 0
0.066 0
0.067 0
0.068 0
0.069 0
0.07 0
0.071 0
0.072 0
0.073 0
0.074 0
0.075 0
0.076 0
0.077 0
0.078 0
0.079 0
0.08 0
0.081 0
0.082 0
0.083 0
0.084 0
0.085 0
0.086 0
0.087 0
0.088 0
0.089 0
0.09 0
0.091 0
0.092 0
0.093 0
0.094 0
0.095 0
0.096 0
0.097 0
0.098 0
0.099 0
0.1 0
0.101 0
0.102 0
0.103 0
0.104 0
0.105 0
0.106 0
0.107 0
0.108 0
0.109 0
0.11 0
0.111 0
0.112 0
0.113 0
0.114 0
0.115 0
0.116 0
0.117 0
0.118 0
0.119 0
0.12 0
0.121 0
0.122 0
0.123 0
0.124 0
0.125 0
0.126 0
0.127 0
0.128 0
0.129 0
0.13 0
0.131 0
0.132 0
0.133 0
0.134 0
0.135 0
0.136 0
0.137 0
0.138 0
0.139 0
0.14 0
0.141 0
0.142 0
0.143 0
0.144 0
0.145 0
0.146 0
0.147 0
0.148 0
0.149 0
0.15 0
0.151 0
0.152 0
0.153 0
0.154 0
0.155 0
0.156 0
0.157 0
0.158 0
0.159 0
0.16 0
0.161 0
0.162 0
0.163 0
0.164 0
0.165 0
0.166 0
0.167 0
0.168 0
0.169 0
0.17 0
0.171 0
0.172 0
0.173 0
0.174 0
0.175 0
0.176 0
0.177 0
0.178 0
0.179 0
0.18 0
0.181 0
0.182 0
0.183 0
0.184 0
0.185 0
0.186 0
0.187 0
0.188 0
0.189 0
0.19 0
0.191 0
0.192 0
0.193 0
0.194 0
0.195 0
0.196 0
0.197 0
0.198 0
0.199 0
0.2 0
0.201 0
0.202 0
0.203 0
0.204 0
0.205 0
0.206 0
0.207 0
0.208 0
0.209 0
0.21 0
0.211 0
0.212 0
0.213 0
0.214 0
0.215 0
0.216 0
0.217 0
0.218 0
0.219 0
0.22 0
0.221 0
0.222 0
0.223 0
0.224 0
0.225 0
0.226 0
0.227 0
0.228 0
0.229 0
0.23 0
0.231 0
0.232 0
0.233 0
0.234 0
0.235 0
0.236 0
0.237 0
0.238 0
0.239 0
0.24 0
0.241 0
0.242 0
0.243 0
0.244 0
0.245 0
0.246 0
0.247 0
0.248 0
0.249 0
0.25 0
0.251 0
0.252 0
0.253 0
0.254 0
0.255 0
0.256 0
0.257 0
0.258 0
0.259 0
0.26 0
0.261 0
0.262 0
0.263 0
0.264 0
0.265 0
0.266 0
0.267 0
0.268 0
0.269 0
0.27 0
0.271 0
0.272 0
0.273 0
0.274 0
0.275 0
0.276 0
0.277 0
0.278 0
0.279 0
0.28 0
0.281 0
0.282 0
0.283 0
0.284 0
0.285 0
0.286 0
0.287 0
0.288 0
0.289 0
0.29 0
0.291 0
0.292 0
0.293 0
0.294 0
0.295 0
0.296 0
0.297 0
0.298 0
0.299 0
0.3 0
0.301 0
0.302 0
0.303 0
0.304 0
0.305 0
0.306 0
0.307 0
0.308 0
0.309 0
0.31 0
0.311 0
0.312 0
0.313 0
0.314 0
0.315 0
0.316 0
0.317 0
0.318 0
0.319 0
0.32 0
0.321 0
0.322 0
0.323 0
0.324 0
0.325 0
0.326 0
0.327 0
0.328 0
0.329 0
0.33 0
0.331 0
0.332 0
0.333 0
0.334 0
0.335 0
0.336 0
0.337 0
0.338 0
0.339 0
0.34 0
0.341 0
0.342 0
0.343 0
0.344 0
0.345 0
0.346 0
0.347 0
0.348 0
0.349 0
0.35 0
0.351 0
0.352 0
0.353 0
0.354 0
0.355 0
0.356 0
0.357 0
0.358 0
0.359 0
0.36 0
0.361 0
0.362 0
0.363 0
0.364 0
0.365 0
0.366 0
0.367 0
0.368 0
0.369 0
0.37 0
0.371 0
0.372 0
0.373 0
0.374 0
0.375 0
0.376 0
0.377 0
0.378 0
0.379 0
0.38 0
0.381 0
0.382 0
0.383 0
0.384 0
0.385 0
0.386 0
0.387 0
0.388 0
0.389 0
0.39 0
0.391 0
0.392 0
0.393 0
0.394 0
0.395 0
0.396 0
0.397 0
0.398 0
0.399 0
0.4 0
0.401 0
0.402 0
0.403 0
0.404 0
0.405 0
0.406 0
0.407 0
0.408 0
0.409 0
0.41 0
0.411 0
0.412 0
0.413 0
0.414 0
0.415 0
0.416 0
0.417 0
0.418 0
0.419 0
0.42 0
0.421 0
0.422 0
0.423 0
0.424 0
0.425 0
0.426 0
0.427 0
0.428 0
0.429 0
0.43 0
0.431 0
0.432 0
0.433 0
0.434 0
0.435 0
0.436 0
0.437 0
0.438 0
0.439 0
0.44 0
0.441 0
0.442 0
0.443 0
0.444 0
0.445 0
0.446 0
0.447 0
0.448 0
0.449 0
0.45 0
0.451 0
0.452 0
0.453 0
0.454 0
0.455 0
0.456 0
0.457 0
0.458 0
0.459 0
0.46 0
0.461 0
0.462 0
0.463 0
0.464 0
0.465 0
0.466 0
0.467 0
0.468 0
0.469 0
0.47 0
0.471 0
0.472 0
0.473 0
0.474 0
0.475 0
0.476 0
0.477 0
0.478 0
0.479 0
0.48 0
0.481 0
0.482 0
0.483 0
0.484 0
0.485 0
0.486 0
0.487 0
0.488 0
0.489 0
0.49 0
0.491 0
0.492 0
0.493 0
0.494 0
0.495 0
0.496 0
0.497 0
0.498 0
0.499 0
0.5 0
0.501 0
0.502 0
0.503 0
0.504 0
0.505 0
0.506 0
0.507 0
0.508 0
0.509 0
0.51 0
0.511 0
0.512 0
0.513 0
0.514 0
0.515 0
0.516 0
0.517 0
0.518 0
0.519 0
0.52 0
0.521 0
0.522 0
0.523 0
0.524 0
0.525 0
0.526 0
0.527 0
0.528 0
0.529 0
0.53 0
0.531 0
0.532 0
0.533 0
0.534 0
0.535 0
0.536 0
0.537 0
0.538 0
0.539 0
0.54 0
0.541 0
0.542 0
0.543 0
0.544 0
0.545 0
0.546 0
0.547 0
0.548 0
0.549 0
0.55 0
0.551 0
0.552 0
0.553 0
0.554 0
0.555 0
0.556 0
0.557 0
0.558 0
0.559 0
0.56 0
0.561 0
0.562 0
0.563 0
0.564 0
0.565 0
0.566 0
0.567 0
0.568 0
0.569 0
0.57 0
0.571 0
0.572 0
0.573 0
0.574 0
0.575 0
0.576 0
0.577 0
0.578 0
0.579 0
0.58 0
0.581 0
0.582 0
0.583 0
0.584 0
0.585 0
0.586 0
0.587 0
0.588 0
0.589 0
0.59 0
0.591 0
0.592 0
0.593 0
0.594 0
0.595 0
0.596 0
0.597 0
0.598 0
0.599 0
0.6 0
0.601 0
0.602 0
0.603 0
0.604 0
0.605 0
0.606 0
0.607 0
0.608 0
0.609 0
0.61 0
0.611 0
0.612 0
0.613 0
0.614 0
0.615 0
0.616 0
0.617 0
0.618 0
0.619 0
0.62 0
0.621 0
0.622 0
0.623 0
0.624 0
0.625 0
0.626 0
0.627 0
0.628 0
0.629 0
0.63 0
0.631 0
0.632 0
0.633 0
0.634 0
0.635 0
0.636 0
0.637 0
0.638 0
0.639 0
0.64 0
0.641 0
0.642 0
0.643 0
0.644 0
0.645 0
0.646 0
0.647 0
0.648 0
0.649 0
0.65 0
0.651 0
0.652 0
0.653 0
0.654 0
0.655 0
0.656 0
0.657 0
0.658 0
0.659 0
0.66 0
0.661 0
0.662 0
0.663 0
0.664 0
0.665 0
0.666 0
0.667 0
0.668 0
0.669 0
0.67 0
0.671 0
0.672 0
0.673 0
0.674 0
0.675 0
0.676 0
0.677 0
0.678 0
0.679 0
0.68 0
0.681 0
0.682 0
0.683 0
0.684 0
0.685 0
0.686 0
0.687 0
0.688 0
0.689 0
0.69 0
0.691 0
0.692 0
0.693 0
0.694 0
0.695 0
0.696 0
0.697 0
0.698 0
0.699 0
0.7 0
0.701 0
0.702 0
0.703 0
0.704 0
0.705 0
0.706 0
0.707 0
0.708 0
0.709 0
0.71 0
0.711 0
0.712 0
0.713 0
0.714 0
0.715 0
0.716 0
0.717 0
0.718 0
0.719 0
0.72 0
0.721 0
0.722 0
0.723 0
0.724 0
0.725 0
0.726 0
0.727 0
0.728 0
0.729 0
0.73 0
0.731 0
0.732 0
0.733 0
0.734 0
0.735 0
0.736 0
0.737 0
0.738 0
0.739 0
0.74 0
0.741 0
0.742 0
0.743 0
0.744 0
0.745 0
0.746 0
0.747 0
0.748 0
0.749 0
0.75 0
0.751 0
0.752 0
0.753 0
0.754 0
0.755 0
0.756 0
0.757 0
0.758 0
0.759 0
0.76 0
0.761 0
0.762 0
0.763 0
0.764 0
0.765 0
0.766 0
0.767 0
0.768 0
0.769 0
0.77 0
0.771 0
0.772 0
0.773 0
0.774 0
0.775 0
0.776 0
0.777 0
0.778 0
0.779 0
0.78 0
0.781 0
0.782 0
0.783 0
0.784 0
0.785 0
0.786 0
0.787 0
0.788 0
0.789 0
0.79 0
0.791 0
0.792 0
0.793 0
0.794 0
0.795 0
0.796 0
0.797 0
0.798 0
0.799 0
0.8 0
0.801 0
0.802 0
0.803 0
0.804 0
0.805 0
0.806 0
0.807 0
0.808 0
0.809 0
0.81 0
0.811 0
0.812 0
0.813 0
0.814 0
0.815 0
0.816 0
0.817 0
0.818 0
0.819 0
0.82 0
0.821 0
0.822 0
0.823 0
0.824 0
0.825 0
0.826 0
0.827 0
0.828 0
0.829 0
0.83 0
0.831 0
0.832 0
0.833 0
0.834 0
0.835 0
0.836 0
0.837 0
0.838 0
0.839 0
0.84 0
0.841 0
0.842 0
0.843 0
0.844 0
0.845 0
0.846 0
0.847 0
0.848 0
0.849 0
0.85 0
0.851 0
0.852 0
0.853 0
0.854 0
0.855 0
0.856 0
0.857 0
0.858 0
0.859 0
0.86 0
0.861 0
0.862 0
0.863 0
0.864 0
0.865 0
0.866 0
0.867 0
0.868 0
0.869 0
0.87 0
0.871 0
0.872 0
0.873 0
0.874 0
0.875 0
0.876 0
0.877 0
0.878 0
0.879 0
0.88 0
0.881 0
0.882 0
0.883 0
0.884 0
0.885 0
0.886 0
0.887 0
0.888 0
0.889 0
0.89 0
0.891 0
0.892 0
0.893 0
0.894 0
0.895 0
0.896 0
0.897 0
0.898 0
0.899 0
0.9 0
0.901 0
0.902 0
0.903 0
0.904 0
0.905 0
0.906 0
0.907 0
0.908 0
0.909 0
0.91 0
0.911 0
0.912 0
0.913 0
0.914 0
0.915 0
0.916 0
0.917 0
0.918 0
0.919 0
0.92 0
0.921 0
0.922 0
0.923 0
0.924 0
0.925 0
0.926 0
0.927 0
0.928 0
0.929 0
0.93 0
0.931 0
0.932 0
0.933 0
0.934 0
0.935 0
0.936 0
0.937 0
0.938 0
0.939 0
0.94 0
0.941 0
0.942 0
0.943 0
0.944 0
0.945 0
0.946 0
0.947 0
0.948 0
0.949 0
0.95 0
0.951 0
0.952 0
0.953 0
0.954 0
0.955 0
0.956 0
0.957 0
0.958 0
0.959 0
0.96 0
0.961 0
0.962 0
0.963 0
0.964 0
0.965 0
0.966 0
0.967 0
0.968 0
0.969 0
0.97 0
0.971 0
0.972 0
0.973 0
0.974 0
0.975 0
0.976 0
0.977 0
0.978 0
0.979 0
0.98 0
0.981 0
0.982 0
0.983 0
0.984 0
0.985 0
0.986 0
0.987 0
0.988 0
0.989 0
0.99 0
0.991 0
0.992 0
0.993 0
0.994 0
0.995 0
0.996 0
0.997 0
0.998 0
0.999 0
1 0
1.001 0
1.002 0
1.003 0
1.004 0
1.005 0
1.006 0
1.007 0
1.008 0
1.009 0
1.01 0
1.011 0
1.012 0
1.013 0
1.014 0
1.015 0
1.016 0
1.017 0
1.018 0
1.019 0
1.02 0
1.021 0
1.022 0
1.023 0
1.024 0
1.025 0
1.026 0
1.027 0
1.028 0
1.029 0
1.03 0
1.031 0
1.032 0
1.033 0
1.034 0
1.035 0
1.036 0
1.037 0
1.038 0
1.039 0
1.04 0
1.041 0
1.042 0
1.043 0
1.044 0
1.045 0
1.046 0
1.047 0
1.048 0
1.049 0
1.05 0
1.051 0
1.052 0
1.053 0
1.054 0
1.055 0
1.056 0
1.057 0
1.058 0
1.059 0
1.06 0
1.061 0
1.062 0
1.063 0
1.064 0
1.065 0
1.066 0
1.067 0
1.068 0
1.069 0
1.07 0
1.071 0
1.072 0
1.073 0
1.074 0
1.075 0
1.076 0
1.077 0
1.078 0
1.079 0
1.08 0
1.081 0
1.082 0
1.083 0
1.084 0
1.085 0
1.086 0
1.087 0
1.088 0
1.089 0
1.09 0
1.091 0
1.092 0
1.093 0
1.094 0
1.095 0
1.096 0
1.097 0
1.098 0
1.099 0
1.1 0
1.101 0
1.102 0
1.103 0
1.104 0
1.105 0
1.106 0
1.107 0
1.108 0
1.109 0
1.11 0
1.111 0
1.112 0
1.113 0
1.114 0
1.115 0
1.116 0
1.117 0
1.118 0
1.119 0
1.12 0
1.121 0
1.122 0
1.123 0
1.124 0
1.125 0
1.126 0
1.127 0
1.128 0
1.129 0
1.13 0
1.131 0
1.132 0
1.133 0
1.134 0
1.135 0
1.136 0
1.137 0
1.138 0
1.139 0
1.14 0
1.141 0
1.142 0
1.143 0
1.144 0
1.145 0
1.146 0
1.147 0
1.148 0
1.149 0
1.15 0
1.151 0
1.152 0
1.153 0
1.154 0
1.155 0
1.156 0
1.157 0
1.158 0
1.159 0
1.16 0
1.161 0
1.162 0
1.163 0
1.164 0
1.165 0
1.166 0
1.167 0
1.168 0
1.169 0
1.17 0
1.171 0
1.172 0
1.173 0
1.174 0
1.175 0
1.176 0
1.177 0
1.178 0
1.179 0
1.18 0
1.181 0
1.182 0
1.183 0
1.184 0
1.185 0
1.186 0
1.187 0
1.188 0
1.189 0
1.19 0
1.191 0
1.192 0
1.193 0
1.194 0
1.195 0
1.196 0
1.197 0
1.198 0
1.199 0
1.2 0
1.201 0
1.202 0
1.203 0
1.204 0
1.205 0
1.206 0
1.207 0
1.208 0
1.209 0
1.21 0
1.211 0
1.212 0
1.213 0
1.214 0
1.215 0
1.216 0
1.217 0
1.218 0
1.219 0
1.22 0
1.221 0
1.222 0
1.223 0
1.224 0
1.225 0
1.226 0
1.227 0
1.228 0
1.229 0
1.23 0
1.231 0
1.232 0
1.233 0
1.234 0
1.235 0
1.236 0
1.237 0
1.238 0
1.239 0
1.24 0
1.241 0
1.242 0
1.243 0
1.244 0
1.245 0
1.246 0
1.247 0
1.248 0
1.249 0
1.25 0
1.251 0
1.252 0
1.253 0
1.254 0
1.255 0
1.256 0
1.257 0
1.258 0
1.259 0
1.26 0
1.261 0
1.262 0
1.263 0
1.264 0
1.265 0
1.266 0
1.267 0
1.268 0
1.269 0
1.27 0
1.271 0
1.272 0
1.273 0
1.274 0
1.275 0
1.276 0
1.277 0
1.278 0
1.279 0
1.28 0
1.281 0
1.282 0
1.283 0
1.284 0
1.285 0
1.286 0
1.287 0
1.288 0
1.289 0
1.29 0
1.291 0
1.292 0
1.293 0
1.294 0
1.295 0
1.296 0
1.297 0
1.298 0
1.299 0
1.3 0
1.301 0
1.302 0
1.303 0
1.304 0
1.305 0
1.306 0
1.307 0
1.308 0
1.309 0
1.31 0
1.311 0
1.312 0
1.313 0
1.314 0
1.315 0
1.316 0
1.317 0
1.318 0
1.319 0
1.32 0
1.321 0
1.322 0
1.323 0
1.324 0
1.325 0
1.326 0
1.327 0
1.328 0
1.329 0
1.33 0
1.331 0
1.332 0
1.333 0
1.334 0
1.335 0
1.336 0
1.337 0
1.338 0
1.339 0
1.34 0
1.341 0
1.342 0
1.343 0
1.344 0
1.345 0
1.346 0
1.347 0
1.348 0
1.349 0
1.35 0
1.351 0
1.352 0
1.353 0
1.354 0
1.355 0
1.356 0
1.357 0
1.358 0
1.359 0
1.36 0
1.361 0
1.362 0
1.363 0
1.364 0
1.365 0
1.366 0
1.367 0
1.368 0
1.369 0
1.37 0
1.371 0
1.372 0
1.373 0
1.374 0
1.375 0
1.376 0
1.377 0
1.378 0
1.379 0
1.38 0
1.381 0
1.382 0
1.383 0
1.384 0
1.385 0
1.386 0
1.387 0
1.388 0
1.389 0
1.39 0
1.391 0
1.392 0
1.393 0
1.394 0
1.395 0
1.396 0
1.397 0
1.398 0
1.399 0
1.4 0
1.401 0
1.402 0
1.403 0
1.404 0
1.405 0
1.406 0
1.407 0
1.408 0
1.409 0
1.41 0
1.411 0
1.412 0
1.413 0
1.414 0
1.415 0
1.416 0
1.417 0
1.418 0
1.419 0
1.42 0
1.421 0
1.422 0
1.423 0
1.424 0
1.425 0
1.426 0
1.427 0
1.428 0
1.429 0
1.43 0
1.431 0
1.432 0
1.433 0
1.434 0
1.435 0
1.436 0
1.437 0
1.438 0
1.439 0
1.44 0
1.441 0
1.442 0
1.443 0
1.444 0
1.445 0
1.446 0
1.447 0
1.448 0
1.449 0
1.45 0
1.451 0
1.452 0
1.453 0
1.454 0
1.455 0
1.456 0
1.457 0
1.458 0
1.459 0
1.46 0
1.461 0
1.462 0
1.463 0
1.464 0
1.465 0
1.466 0
1.467 0
1.468 0
1.469 0
1.47 0
1.471 0
1.472 0
1.473 0
1.474 0
1.475 0
1.476 0
1.477 0
1.478 0
1.479 0
1.48 0
1.481 0
1.482 0
1.483 0
1.484 0
1.485 0
1.486 0
1.487 0
1.488 0
1.489 0
1.49 0
1.491 0
1.492 0
1.493 0
1.494 0
1.495 0
1.496 0
1.497 0
1.498 0
1.499 0
1.5 0
1.501 0
1.502 0
1.503 0
1.504 0
1.505 0
1.506 0
1.507 0
1.508 0
1.509 0
1.51 0
1.511 0
1.512 0
1.513 0
1.514 0
1.515 0
1.516 0
1.517 0
1.518 0
1.519 0
1.52 0
1.521 0
1.522 0
1.523 0
1.524 0
1.525 0
1.526 0
1.527 0
1.528 0
1.529 0
1.53 0
1.531 0
1.532 0
1.533 0
1.534 0
1.535 0
1.536 0
1.537 0
1.538 0
1.539 0
1.54 0
1.541 0
1.542 0
1.543 0
1.544 0
1.545 0
1.546 0
1.547 0
1.548 0
1.549 0
1.55 0
1.551 0
1.552 0
1.553 0
1.554 0
1.555 0
1.556 0
1.557 0
1.558 0
1.559 0
1.56 0
1.561 0
1.562 0
1.563 0
1.564 0
1.565 0
1.566 0
1.567 0
1.568 0
1.569 0
1.57 0
1.571 0
1.572 0
1.573 0
1.574 0
1.575 0
1.576 0
1.577 0
1.578 0
1.579 0
1.58 0
1.581 0
1.582 0
1.583 0
1.584 0
1.585 0
1.586 0
1.587 0
1.588 0
1.589 0
1.59 0
1.591 0
1.592 0
1.593 0
1.594 0
1.595 0
1.596 0
1.597 0
1.598 0
1.599 0
1.6 0
1.601 0
1.602 0
1.603 0
1.604 0
1.605 0
1.606 0
1.607 0
1.608 0
1.609 0
1.61 0
1.611 0
1.612 0
1.613 0
1.614 0
1.615 0
1.616 0
1.617 0
1.618 0
1.619 0
1.62 0
1.621 0
1.622 0
1.623 0
1.624 0
1.625 0
1.626 0
1.627 0
1.628 0
1.629 0
1.63 0
1.631 0
1.632 0
1.633 0
1.634 0
1.635 0
1.636 0
1.637 0
1.638 0
1.639 0
1.64 0
1.641 0
1.642 0
1.643 0
1.644 0
1.645 0
1.646 0
1.647 0
1.648 0
1.649 0
1.65 0
1.651 0
1.652 0
1.653 0
1.654 0
1.655 0
1.656 0
1.657 0
1.658 0
1.659 0
1.66 0
1.661 0
1.662 0
1.663 0
1.664 0
1.665 0
1.666 0
1.667 0
1.668 0
1.669 0
1.67 0
1.671 0
1.672 0
1.673 0
1.674 0
1.675 0
1.676 0
1.677 0
1.678 0
1.679 0
1.68 0
1.681 0
1.682 0
1.683 0
1.684 0
1.685 0
1.686 0
1.687 0
1.688 0
1.689 0
1.69 0
1.691 0
1.692 0
1.693 0
1.694 0
1.695 0
1.696 0
1.697 0
1.698 0
1.699 0
1.7 0
1.701 0
1.702 0
1.703 0
1.704 0
1.705 0
1.706 0
1.707 0
1.708 0
1.709 0
1.71 0
1.711 0
1.712 0
1.713 0
1.714 0
1.715 0
1.716 0
1.717 0
1.718 0
1.719 0
1.72 0
1.721 0
1.722 0
1.723 0
1.724 0
1.725 0
1.726 0
1.727 0
1.728 0
1.729 0
1.73 0
1.731 0
1.732 0
1.733 0
1.734 0
1.735 0
1.736 0
1.737 0
1.738 0
1.739 0
1.74 0
1.741 0
1.742 0
1.743 0
1.744 0
1.745 0
1.746 0
1.747 0
1.748 0
1.749 0
1.75 0
1.751 0
1.752 0
1.753 0
1.754 0
1.755 0
1.756 0
1.757 0
1.758 0
1.759 0
1.76 0
1.761 0
1.762 0
1.763 0
1.764 0
1.765 0
1.766 0
1.767 0
1.768 0
1.769 0
1.77 0
1.771 0
1.772 0
1.773 0
1.774 0
1.775 0
1.776 0
1.777 0
1.778 0
1.779 0
1.78 0
1.781 0
1.782 0
1.783 0
1.784 0
1.785 0
1.786 0
1.787 0
1.788 0
1.789 0
1.79 0
1.791 0
1.792 0
1.793 0
1.794 0
1.795 0
1.796 0
1.797 0
1.798 0
1.799 0
1.8 0
1.801 0
1.802 0
1.803 0
1.804 0
1.805 0
1.806 0
1.807 0
1.808 0
1.809 0
1.81 0
1.811 0
1.812 0
1.813 0
1.814 0
1.815 0
1.816 0
1.817 0
1.818 0
1.819 0
1.82 0
1.821 0
1.822 0
1.823 0
1.824 0
1.825 0
1.826 0
1.827 0
1.828 0
1.829 0
1.83 0
1.831 0
1.832 0
1.833 0
1.834 0
1.835 0
1.836 0
1.837 0
1.838 0
1.839 0
1.84 0
1.841 0
1.842 0
1.843 0
1.844 0
1.845 0
1.846 0
1.847 0
1.848 0
1.849 0
1.85 0
1.851 0
1.852 0
1.853 0
1.854 0
1.855 0
1.856 0
1.857 0
1.858 0
1.859 0
1.86 0
1.861 0
1.862 0
1.863 0
1.864 0
1.865 0
1.866 0
1.867 0
1.868 0
1.869 0
1.87 0
1.871 0
1.872 0
1.873 0
1.874 0
1.875 0
1.876 0
1.877 0
1.878 0
1.879 0
1.88 0
1.881 0
1.882 0
1.883 0
1.884 0
1.885 0
1.886 0
1.887 0
1.888 0
1.889 0
1.89 0
1.891 0
1.892 0
1.893 0
1.894 0
1.895 0
1.896 0
1.897 0
1.898 0
1.899 0
1.9 0
1.901 0
1.902 0
1.903 0
1.904 0
1.905 0
1.906 0
1.907 0
1.908 0
1.909 0
1.91 0
1.911 0
1.912 0
1.913 0
1.914 0
1.915 0
1.916 0
1.917 0
1.918 0
1.919 0
1.92 0
1.921 0
1.922 0
1.923 0
1.924 0
1.925 0
1.926 0
1.927 0
1.928 0
1.929 0
1.93 0
1.931 0
1.932 0
1.933 0
1.934 0
1.935 0
1.936 0
1.937 0
1.938 0
1.939 0
1.94 0
1.941 0
1.942 0
1.943 0
1.944 0
1.945 0
1.946 0
1.947 0
1.948 0
1.949 0
1.95 0
1.951 0
1.952 0
1.953 0
1.954 0
1.955 0
1.956 0
1.957 0
1.958 0
1.959 0
1.96 0
1.961 0
1.962 0
1.963 0
1.964 0
1.965 0
1.966 0
1.967 0
1.968 0
1.969 0
1.97 0
1.971 0
1.972 0
1.973 0
1.974 0
1.975 0
1.976 0
1.977 0
1.978 0
1.979 0
1.98 0
1.981 0
1.982 0
1.983 0
1.984 0
1.985 0
1.986 0
1.987 0
1.988 0
1.989 0
1.99 0
1.991 0
1.992 0
1.993 0
1.994 0
1.995 0
1.996 0
1.997 0
1.998 0
1.999 0
2 0
2.001 0
2.002 0
2.003 0
2.004 0
2.005 0
2.006 0
2.007 0
2.008 0
2.009 0
2.01 0
2.011 0
2.012 0
2.013 0
2.014 0
2.015 0
2.016 0
2.017 0
2.018 0
2.019 0
2.02 0
2.021 0
2.022 0
2.023 0
2.024 0
2.025 0
2.026 0
2.027 0
2.028 0
2.029 0
2.03 0
2.031 0
2.032 0
2.033 0
2.034 0
2.035 0
2.036 0
2.037 0
2.038 0
2.039 0
2.04 0
2.041 0
2.042 0
2.043 0
2.044 0
2.045 0
2.046 0
2.047 0
2.048 0
2.049 0
2.05 0
2.051 0
2.052 0
2.053 0
2.054 0
2.055 0
2.056 0
2.057 0
2.058 0
2.059 0
2.06 0
2.061 0
2.062 0
2.063 0
2.064 0
2.065 0
2.066 0
2.067 0
2.068 0
2.069 0
2.07 0
2.071 0
2.072 0
2.073 0
2.074 0
2.075 0
2.076 0
2.077 0
2.078 0
2.079 0
2.08 0
2.081 0
2.082 0
2.083 0
2.084 0
2.085 0
2.086 0
2.087 1500
2.088 3000
2.089 4500
2.09 7500
2.091 10500
2.092 16500
2.093 19500
2.094 24000
2.095 30000
2.096 34500
2.097 42000
2.098 48000
2.099 54000
2.1 63000
2.101 70500
2.102 78000
2.103 88500
2.104 97500
2.105 108000
2.106 118500
2.107 129000
2.108 141000
2.109 153000
2.11 166500
2.111 180000
2.112 193500
2.113 208500
2.114 223500
2.115 240000
2.116 256500
2.117 274500
2.118 292500
2.119 312000
2.12 331500
2.121 352500
2.122 373500
2.123 396000
2.124 417000
2.125 439500
2.126 463500
2.127 487500
2.128 513000
2.129 538500
2.13 564000
2.131 591000
2.132 618000
2.133 648000
2.134 676500
2.135 705000
2.136 736500
2.137 766500
2.138 798000
2.139 831000
2.14 864000
2.141 898500
2.142 933000
2.143 967500
2.144 1003500
2.145 1039500
2.146 1078500
2.147 1116000
2.148 1153500
2.149 1194000
2.15 1231500
2.151 1267500
2.152 1305000
2.153 1341000
2.154 1380000
2.155 1417500
2.156 1455000
2.157 1495500
2.158 1536000
2.159 1578000
2.16 1617000
2.161 1659000
2.162 1702500
2.163 1743000
2.164 1789500
2.165 1831500
2.166 1878000
2.167 1923000
2.168 1969500
2.169 2017500
2.17 2065500
2.171 2113500
2.172 2163000
2.173 2214000
2.174 2265000
2.175 2317500
2.176 2368500
2.177 2424000
2.178 2478000
2.179 2532000
2.18 2590500
2.181 2647500
2.182 2706000
2.183 2766000
2.184 2826000
2.185 2889000
2.186 2950500
2.187 3013500
2.188 3075000
2.189 3138000
2.19 3201000
2.191 3262500
2.192 3324000
2.193 3387000
2.194 3450000
2.195 3513000
2.196 3574500
2.197 3636000
2.198 3700500
2.199 3762000
2.2 3825000
2.201 3886500
2.202 3948000
2.203 4012500
2.204 4074000
2.205 4137000
2.206 4198500
2.207 4261500
2.208 4324500
2.209 4386000
2.21 4447500
2.211 4510500
2.212 4573500
2.213 4636500
2.214 4698000
2.215 4759500
2.216 4824000
2.217 4885500
2.218 4948500
2.219 5010000
2.22 5071500
2.221 5136000
2.222 5197500
2.223 5260500
2.224 5322000
2.225 5385000
2.226 5448000
2.227 5509500
2.228 5571000
2.229 5634000
2.23 5697000
2.231 5760000
2.232 5821500
2.233 5883000
2.234 5947500
2.235 6009000
2.236 6072000
2.237 6133500
2.238 6195000
2.239 6259500
2.24 6321000
2.241 6384000
2.242 6445500
2.243 6508500
2.244 6571500
2.245 6633000
2.246 6694500
2.247 6757500
2.248 6820500
2.249 6883500
2.25 6945000
2.251 7006500
2.252 7071000
2.253 7132500
2.254 7195500
2.255 7257000
2.256 7318500
2.257 7383000
2.258 7444500
2.259 7507500
2.26 7569000
2.261 7632000
2.262 7695000
2.263 7756500
2.264 7818000
2.265 7881000
2.266 7944000
2.267 8007000
2.268 8068500
2.269 8130000
2.27 8194500
2.271 8256000
2.272 8319000
2.273 8380500
2.274 8442000
2.275 8506500
2.276 8568000
2.277 8631000
2.278 8692500
2.279 8755500
2.28 8818500
2.281 8880000
2.282 8941500
2.283 9004500
2.284 9067500
2.285 9130500
2.286 9192000
2.287 9253500
2.288 9318000
2.289 9379500
2.29 9442500
2.291 9504000
2.292 9565500
2.293 9630000
2.294 9691500
2.295 9754500
2.296 9816000
2.297 9879000
2.298 9942000
2.299 9999000
2.3 9997500
2.301 9999000
2.302 9999000
2.303 9999000
2.304 9999000
2.305 9997500
2.306 9999000
2.307 9999000
2.308 9999000
2.309 9999000
2.31 9997500
2.311 9999000
2.312 9999000
2.313 9999000
2.314 9999000
2.315 9999000
2.316 9999000
2.317 9999000
2.318 9997500
2.319 9999000
2.32 9999000
2.321 9999000
2.322 9999000
2.323 9997500
2.324 9999000
2.325 9999000
2.326 9999000
2.327 9999000
2.328 9997500
2.329 9999000
2.33 9997500
2.331 9999000
2.332 9997500
2.333 9997500
2.334 9999000
2.335 9997500
2.336 9997500
2.337 9997500
2.338 9997500
2.339 9999000
2.34 9997500
2.341 9997500
2.342 9999000
2.343 9997500
2.344 9999000
2.345 9997500
2.346 9997500
2.347 9999000
2.348 9997500
2.349 9999000
2.35 9997500
2.351 9997500
2.352 9999000
2.353 9997500
2.354 9997500
2.355 9997500
2.356 9997500
2.357 9999000
2.358 9997500
2.359 9997500
2.36 9999000
2.361 9997500
2.362 9999000
2.363 9997500
2.364 9997500
2.365 9999000
2.366 9997500
2.367 9999000
2.368 9997500
2.369 9997500
2.37 9999000
2.371 9997500
2.372 9997500
2.373 9997500
2.374 9997500
2.375 9999000
2.376 9997500
2.377 9997500
2.378 9999000
2.379 9997500
2.38 9999000
2.381 9997500
2.382 9997500
2.383 9999000
2.384 9997500
2.385 9999000
2.386 9997500
2.387 9997500
2.388 9999000
2.389 9997500
2.39 9997500
2.391 9997500
2.392 9997500
2.393 9999000
2.394 9997500
2.395 9997500
2.396 9999000
2.397 9997500
2.398 9999000
2.399 9997500
2.4 9997500
2.401 9999000
2.402 9997500
2.403 9999000
2.404 9997500
2.405 9997500
2.406 9999000
2.407 9997500
2.408 9997500
2.409 9997500
2.41 9997500
2.411 9999000
2.412 9997500
2.413 9997500
2.414 9999000
2.415 9997500
2.416 9999000
2.417 9997500
2.418 9997500
2.419 9999000
2.42 9997500
2.421 9999000
2.422 9997500
2.423 9997500
2.424 9999000
2.425 9997500
2.426 9997500
2.427 9997500
2.428 9997500
2.429 9999000
2.43 9997500
2.431 9997500
2.432 9999000
2.433 9997500
2.434 9999000
2.435 9997500
2.436 9997500
2.437 9999000
2.438 9997500
2.439 9999000
2.44 9997500
2.441 9997500
2.442 9999000
2.443 9997500
2.444 9997500
2.445 9997500
2.446 9997500
2.447 9999000
2.448 9997500
2.449 9997500
2.45 9999000
2.451 9997500
2.452 9999000
2.453 9997500
2.454 9997500
2.455 9999000
2.456 9997500
2.457 9999000
2.458 9997500
2.459 9997500
2.46 9999000
2.461 9997500
2.462 9997500
2.463 9997500
2.464 9997500
2.465 9999000
2.466 9997500
2.467 9997500
2.468 9999000
2.469 9997500
2.47 9999000
2.471 9997500
2.472 9997500
2.473 9999000
2.474 9997500
2.475 9999000
2.476 9997500
2.477 9997500
2.478 9999000
2.479 9997500
2.48 9997500
2.481 9997500
2.482 9997500
2.483 9999000
2.484 9997500
2.485 9997500
2.486 9999000
2.487 9997500
2.488 9999000
2.489 9997500
2.49 9997500
2.491 9999000
2.492 9997500
2.493 9999000
2.494 9997500
2.495 9997500
2.496 9999000
2.497 9997500
2.498 9997500
2.499 9997500
2.5 9997500
2.501 9999000
2.502 9997500
2.503 9997500
2.504 9999000
2.505 9997500
2.506 9999000
2.507 9997500
2.508 9997500
2.509 9999000
2.51 9997500
2.511 9999000
2.512 9997500
2.513 9997500
2.514 9999000
2.515 9997500
2.516 9997500
2.517 9997500
2.518 9997500
2.519 9999000
2.52 9997500
2.521 9997500
2.522 9999000
2.523 9997500
2.524 9999000
2.525 9997500
2.526 9997500
2.527 9999000
2.528 9997500
2.529 9999000
2.53 9997500
2.531 9997500
2.532 9999000
2.533 9997500
2.534 9997500
2.535 9997500
2.536 9997500
2.537 9999000
2.538 9997500
2.539 9997500
2.54 9999000
2.541 9997500
2.542 9999000
2.543 9997500
2.544 9997500
2.545 9999000
2.546 9997500
2.547 9999000
2.548 9997500
2.549 9997500
2.55 9999000
2.551 9997500
2.552 9997500
2.553 9997500
2.554 9997500
2.555 9999000
2.556 9997500
2.557 9997500
2.558 9999000
2.559 9997500
2.56 9999000
2.561 9997500
2.562 9997500
2.563 9999000
2.564 9997500
2.565 9999000
2.566 9997500
2.567 9997500
2.568 9999000
2.569 9997500
2.57 9997500
2.571 9997500
2.572 9997500
2.573 9999000
2.574 9997500
2.575 9997500
2.576 9999000
2.577 9997500
2.578 9999000
2.579 9997500
2.58 9997500
2.581 9999000
2.582 9997500
2.583 9999000
2.584 9997500
2.585 9997500
2.586 9999000
2.587 9997500
2.588 9997500
2.589 9997500
2.59 9997500
2.591 9999000
2.592 9997500
2.593 9997500
2.594 9999000
2.595 9997500
2.596 9999000
2.597 9997500
2.598 9997500
2.599 9999000
2.6 9997500
2.601 9999000
2.602 9997500
2.603 9997500
2.604 9999000
2.605 9997500
2.606 9997500
2.607 9997500
2.608 9997500
2.609 9999000
2.61 9997500
2.611 9997500
2.612 9999000
2.613 9997500
2.614 9999000
2.615 9997500
2.616 9997500
2.617 9999000
2.618 9997500
2.619 9999000
2.62 9997500
2.621 9997500
2.622 9999000
2.623 9997500
2.624 9997500
2.625 9997500
2.626 9997500
2.627 9999000
2.628 9997500
2.629 9997500
2.63 9999000
2.631 9997500
2.632 9999000
2.633 9997500
2.634 9997500
2.635 9999000
2.636 9997500
2.637 9999000
2.638 9997500
2.639 9997500
2.64 9999000
2.641 9997500
2.642 9997500
2.643 9997500
2.644 9997500
2.645 9999000
2.646 9997500
2.647 9997500
2.648 9999000
2.649 9997500
2.65 9999000
2.651 9997500
2.652 9997500
2.653 9999000
2.654 9997500
2.655 9997500
2.656 9997500
2.657 9997500
2.658 9999000
2.659 9997500
2.66 9997500
2.661 9997500
2.662 9997500
2.663 9999000
2.664 9997500
2.665 9997500
2.666 9999000
2.667 9997500
2.668 9999000
2.669 9997500
2.67 9997500
2.671 9999000
2.672 9997500
2.673 9997500
2.674 9997500
2.675 9997500
2.676 9999000
2.677 9997500
2.678 9997500
2.679 9997500
2.68 9997500
2.681 9999000
2.682 9997500
2.683 9997500
2.684 9999000
2.685 9997500
2.686 9999000
2.687 9997500
2.688 9997500
2.689 9999000
2.69 9999000
2.691 9997500
2.692 9999000
2.693 9999000
2.694 9999000
2.695 9999000
2.696 9997500
2.697 9999000
2.698 9999000
2.699 9999000
2.7 9999000
2.701 9997500
2.702 9999000
2.703 9999000
2.704 9999000
2.705 9999000
2.706 9997500
2.707 9999000
2.708 9999000
2.709 9997500
2.71 9999000
2.711 9999000
2.712 9999000
2.713 9999000
2.714 9997500
2.715 9999000
2.716 9999000
2.717 9999000
2.718 9999000
2.719 9997500
2.72 9999000
2.721 9997500
2.722 9999000
2.723 9997500
2.724 9997500
2.725 9999000
2.726 9997500
2.727 9997500
2.728 9997500
2.729 9997500
2.73 9999000
2.731 9997500
2.732 9997500
2.733 9997500
2.734 9997500
2.735 9999000
2.736 9997500
2.737 9997500
2.738 9999000
2.739 9997500
2.74 9999000
2.741 9997500
2.742 9997500
2.743 9999000
2.744 9997500
2.745 9997500
2.746 9997500
2.747 9997500
2.748 9999000
2.749 9997500
2.75 9997500
2.751 9997500
2.752 9997500
2.753 9999000
2.754 9997500
2.755 9997500
2.756 9999000
2.757 9997500
2.758 9999000
2.759 9997500
2.76 9997500
2.761 9999000
2.762 9997500
2.763 9997500
2.764 9997500
2.765 9997500
2.766 9999000
2.767 9997500
2.768 9997500
2.769 9997500
2.77 9997500
2.771 9999000
2.772 9997500
2.773 9997500
2.774 9999000
2.775 9997500
2.776 9999000
2.777 9997500
2.778 9997500
2.779 9999000
2.78 9997500
2.781 9997500
2.782 9997500
2.783 9997500
2.784 9999000
2.785 9997500
2.786 9997500
2.787 9997500
2.788 9997500
2.789 9999000
2.79 9997500
2.791 9997500
2.792 9999000
2.793 9997500
2.794 9999000
2.795 9997500
2.796 9997500
2.797 9999000
2.798 9997500
2.799 9997500
2.8 9997500
2.801 9997500
2.802 9999000
2.803 9997500
2.804 9997500
2.805 9997500
2.806 9997500
2.807 9999000
2.808 9997500
2.809 9997500
2.81 9999000
2.811 9997500
2.812 9999000
2.813 9997500
2.814 9997500
2.815 9999000
2.816 9997500
2.817 9997500
2.818 9997500
2.819 9997500
2.82 9969000
2.821 9906000
2.822 9843000
2.823 9781500
2.824 9718500
2.825 9657000
2.826 9594000
2.827 9531000
2.828 9469500
2.829 9406500
2.83 9345000
2.831 9282000
2.832 9219000
2.833 9157500
2.834 9094500
2.835 9031500
2.836 8970000
2.837 8907000
2.838 8845500
2.839 8782500
2.84 8719500
2.841 8658000
2.842 8595000
2.843 8533500
2.844 8470500
2.845 8407500
2.846 8346000
2.847 8283000
2.848 8221500
2.849 8199000
2.85 8197500
2.851 8199000
2.852 8197500
2.853 8197500
2.854 8197500
2.855 8197500
2.856 8199000
2.857 8197500
2.858 8197500
2.859 8197500
2.86 8197500
2.861 8199000
2.862 8197500
2.863 8197500
2.864 8199000
2.865 8197500
2.866 8199000
2.867 8197500
2.868 8197500
2.869 8199000
2.87 8197500
2.871 8197500
2.872 8197500
2.873 8197500
2.874 8199000
2.875 8197500
2.876 8197500
2.877 8197500
2.878 8197500
2.879 8199000
2.88 8197500
2.881 8197500
2.882 8199000
2.883 8197500
2.884 8199000
2.885 8197500
2.886 8197500
2.887 8199000
2.888 8197500
2.889 8197500
2.89 8197500
2.891 8197500
2.892 8199000
2.893 8197500
2.894 8197500
2.895 8197500
2.896 8197500
2.897 8199000
2.898 8197500
2.899 8197500
2.9 8199000
2.901 8197500
2.902 8199000
2.903 8197500
2.904 8197500
2.905 8199000
2.906 8197500
2.907 8197500
2.908 8197500
2.909 8197500
2.91 8199000
2.911 8197500
2.912 8197500
2.913 8197500
2.914 8197500
2.915 8199000
2.916 8197500
2.917 8197500
2.918 8199000
2.919 8197500
2.92 8199000
2.921 8197500
2.922 8197500
2.923 8199000
2.924 8197500
2.925 8197500
2.926 8197500
2.927 8197500
2.928 8199000
2.929 8197500
2.93 8197500
2.931 8197500
2.932 8197500
2.933 8199000
2.934 8197500
2.935 8197500
2.936 8199000
2.937 8197500
2.938 8199000
2.939 8197500
2.94 8197500
2.941 8199000
2.942 8197500
2.943 8197500
2.944 8197500
2.945 8197500
2.946 8199000
2.947 8197500
2.948 8197500
2.949 8197500
2.95 8178000
2.951 8137500
2.952 8097000
2.953 8055000
2.954 8014500
2.955 7974000
2.956 7933500
2.957 7891500
2.958 7849500
2.959 7810500
2.96 7768500
2.961 7726500
2.962 7686000
2.963 7645500
2.964 7605000
2.965 7563000
2.966 7521000
2.967 7482000
2.968 7440000
2.969 7399500
2.97 7357500
2.971 7317000
2.972 7276500
2.973 7234500
2.974 7194000
2.975 7153500
2.976 7111500
2.977 7071000
2.978 7029000
2.979 6988500
2.98 6948000
2.981 6906000
2.982 6865500
2.983 6825000
2.984 6783000
2.985 6742500
2.986 6700500
2.987 6661500
2.988 6619500
2.989 6577500
2.99 6537000
2.991 6496500
2.992 6456000
2.993 6414000
2.994 6373500
2.995 6333000
2.996 6291000
2.997 6249000
2.998 6210000
2.999 6168000
3 6127500
3.001 6085500
3.002 6045000
3.003 6004500
3.004 5962500
3.005 5922000
3.006 5881500
3.007 5839500
3.008 5799000
3.009 5757000
3.01 5718000
3.011 5676000
3.012 5634000
3.013 5593500
3.014 5553000
3.015 5511000
3.016 5470500
3.017 5428500
3.018 5389500
3.019 5347500
3.02 5305500
3.021 5265000
3.022 5224500
3.023 5184000
3.024 5142000
3.025 5100000
3.026 5061000
3.027 5019000
3.028 4978500
3.029 4938000
3.03 4896000
3.031 4855500
3.032 4813500
3.033 4773000
3.034 4732500
3.035 4690500
3.036 4650000
3.037 4609500
3.038 4567500
3.039 4527000
3.04 4485000
3.041 4446000
3.042 4404000
3.043 4362000
3.044 4321500
3.045 4281000
3.046 4240500
3.047 4198500
3.048 4156500
3.049 4117500
3.05 4075500
3.051 4033500
3.052 3993000
3.053 3952500
3.054 3912000
3.055 3870000
3.056 3828000
3.057 3789000
3.058 3747000
3.059 3706500
3.06 3664500
3.061 3624000
3.062 3583500
3.063 3541500
3.064 3501000
3.065 3460500
3.066 3418500
3.067 3378000
3.068 3337500
3.069 3295500
3.07 3255000
3.071 3213000
3.072 3174000
3.073 3132000
3.074 3090000
3.075 3049500
3.076 3009000
3.077 2968500
3.078 2926500
3.079 2884500
3.08 2845500
3.081 2803500
3.082 2763000
3.083 2721000
3.084 2680500
3.085 2640000
3.086 2598000
3.087 2556000
3.088 2517000
3.089 2475000
3.09 2434500
3.091 2392500
3.092 2352000
3.093 2311500
3.094 2269500
3.095 2229000
3.096 2188500
3.097 2146500
3.098 2106000
3.099 2064000
3.1 2025000
3.101 1983000
3.102 1941000
3.103 1902000
3.104 1860000
3.105 1818000
3.106 1777500
3.107 1737000
3.108 1696500
3.109 1654500
3.11 1612500
3.111 1573500
3.112 1531500
3.113 1491000
3.114 1449000
3.115 1408500
3.116 1368000
3.117 1326000
3.118 1285500
3.119 1245000
3.12 1203000
3.121 1162500
3.122 1120500
3.123 1080000
3.124 1039500
3.125 997500
3.126 957000
3.127 916500
3.128 874500
3.129 834000
3.13 792000
3.131 753000
3.132 711000
3.133 669000
3.134 628500
3.135 588000
3.136 547500
3.137 505500
3.138 463500
3.139 424500
3.14 382500
3.141 340500
3.142 301500
3.143 259500
3.144 219000
3.145 177000
3.146 136500
3.147 96000
3.148 54000
3.149 13500
3.15 0
3.151 0
3.152 0
3.153 0
3.154 0
3.155 0
3.156 0
3.157 0
3.158 0
3.159 0
3.16 0
3.161 0
3.162 0
3.163 0
3.164 0
3.165 0
3.166 0
3.167 0
3.168 0
3.169 0
3.17 0
3.171 0
3.172 0
3.173 0
3.174 0
3.175 0
3.176 0
3.177 0
3.178 0
3.179 0
3.18 0
3.181 0
3.182 0
3.183 0
3.184 0
3.185 0
3.186 0
3.187 0
3.188 0
3.189 0
3.19 0
3.191 0
3.192 0
3.193 0
3.194 0
3.195 0
3.196 0
3.197 0
3.198 0
3.199 0
3.2 0
3.201 0
3.202 0
3.203 0
3.204 0
3.205 0
3.206 0
3.207 0
3.208 0
3.209 0
3.21 0
3.211 0
3.212 0
3.213 0
3.214 0
3.215 0
3.216 0
3.217 0
3.218 0
3.219 0
3.22 0
3.221 0
3.222 0
3.223 0
3.224 0
3.225 0
3.226 0
3.227 0
3.228 0
3.229 0
3.23 0
3.231 0
3.232 0
3.233 0
3.234 0
3.235 0
3.236 0
3.237 0
3.238 12000
3.239 27000
3.24 40500
3.241 57000
3.242 70500
3.243 85500
3.244 100500
3.245 115500
3.246 130500
3.247 145500
3.248 159000
3.249 175500
3.25 189000
3.251 205500
3.252 219000
3.253 234000
3.254 249000
3.255 264000
3.256 279000
3.257 294000
3.258 307500
3.259 324000
3.26 337500
3.261 352500
3.262 367500
3.263 382500
3.264 397500
3.265 412500
3.266 426000
3.267 442500
3.268 456000
3.269 472500
3.27 486000
3.271 501000
3.272 516000
3.273 531000
3.274 546000
3.275 561000
3.276 574500
3.277 591000
3.278 604500
3.279 619500
3.28 634500
3.281 649500
3.282 664500
3.283 679500
3.284 693000
3.285 709500
3.286 723000
3.287 739500
3.288 753000
3.289 768000
3.29 783000
3.291 798000
3.292 813000
3.293 828000
3.294 841500
3.295 858000
3.296 871500
3.297 886500
3.298 901500
3.299 916500
3.3 931500
3.301 946500
3.302 960000
3.303 976500
3.304 990000
3.305 1006500
3.306 1020000
3.307 1035000
3.308 1050000
3.309 1065000
3.31 1080000
3.311 1095000
3.312 1108500
3.313 1125000
3.314 1138500
3.315 1153500
3.316 1168500
3.317 1183500
3.318 1198500
3.319 1213500
3.32 1227000
3.321 1243500
3.322 1257000
3.323 1273500
3.324 1287000
3.325 1302000
3.326 1317000
3.327 1332000
3.328 1347000
3.329 1362000
3.33 1375500
3.331 1392000
3.332 1405500
3.333 1420500
3.334 1435500
3.335 1450500
3.336 1465500
3.337 1480500
3.338 1468500
3.339 1453500
3.34 1437000
3.341 1422000
3.342 1405500
3.343 1389000
3.344 1374000
3.345 1357500
3.346 1341000
3.347 1324500
3.348 1308000
3.349 1293000
3.35 1276500
3.351 1260000
3.352 1245000
3.353 1228500
3.354 1213500
3.355 1197000
3.356 1179000
3.357 1164000
3.358 1147500
3.359 1132500
3.36 1116000
3.361 1099500
3.362 1084500
3.363 1068000
3.364 1053000
3.365 1036500
3.366 1018500
3.367 1003500
3.368 987000
3.369 970500
3.37 955500
3.371 939000
3.372 924000
3.373 907500
3.374 891000
3.375 876000
3.376 858000
3.377 843000
3.378 826500
3.379 810000
3.38 795000
3.381 778500
3.382 763500
3.383 747000
3.384 730500
3.385 715500
3.386 699000
3.387 681000
3.388 666000
3.389 649500
3.39 634500
3.391 618000
3.392 601500
3.393 586500
3.394 570000
3.395 555000
3.396 538500
3.397 520500
3.398 505500
3.399 489000
3.4 472500
3.401 457500
3.402 441000
3.403 426000
3.404 409500
3.405 393000
3.406 378000
3.407 360000
3.408 345000
3.409 328500
3.41 312000
3.411 297000
3.412 280500
3.413 265500
3.414 249000
3.415 232500
3.416 217500
3.417 199500
3.418 183000
3.419 168000
3.42 151500
3.421 136500
3.422 120000
3.423 103500
3.424 88500
3.425 72000
3.426 57000
3.427 39000
3.428 22500
3.429 7500
3.43 0
3.431 0
3.432 0
3.433 0
3.434 0
3.435 0
3.436 0
3.437 0
3.438 0
3.439 0
3.44 0
3.441 0
3.442 0
3.443 0
3.444 0
3.445 0
3.446 0
3.447 0
3.448 0
3.449 0
3.45 0
3.451 0
3.452 0
3.453 0
3.454 0
3.455 0
3.456 0
3.457 0
3.458 0
3.459 0
3.46 0
3.461 0
3.462 0
3.463 0
3.464 0
3.465 0
3.466 0
3.467 0
3.468 0
3.469 0
3.47 0
3.471 0
3.472 0
3.473 0
3.474 0
3.475 0
3.476 0
3.477 0
3.478 0
3.479 0
3.48 0
3.481 0
3.482 0
3.483 0
3.484 0
3.485 0
3.486 0
3.487 0
3.488 0
3.489 0
3.49 0
3.491 0
3.492 0
3.493 0
3.494 0
3.495 0
3.496 0
3.497 0
3.498 0
3.499 0
3.5 0
3.501 0
3.502 0
3.503 0
3.504 0
3.505 0
3.506 0
3.507 0
3.508 0
3.509 0
3.51 0
3.511 0
3.512 0
3.513 0
3.514 0
3.515 0
3.516 0
3.517 0
3.518 0
3.519 0
3.52 0
3.521 0
3.522 0
3.523 0
3.524 0
3.525 0
3.526 0
3.527 0
3.528 0
3.529 0
3.53 0
3.531 0
3.532 0
3.533 0
3.534 0
3.535 0
3.536 0
3.537 0
3.538 0
3.539 0
3.54 0
3.541 0
3.542 0
3.543 0
3.544 0
3.545 0
3.546 0
3.547 0
3.548 0
3.549 0
3.55 0
3.551 0
3.552 0
3.553 0
3.554 0
3.555 0
3.556 0
3.557 0
3.558 0
3.559 0
3.56 0
3.561 0
3.562 0
3.563 0
3.564 0
3.565 0
3.566 0
3.567 0
3.568 0
3.569 0
3.57 0
3.571 0
3.572 0
3.573 0
3.574 0
3.575 0
3.576 0
3.577 0
3.578 0
3.579 0
3.58 0
3.581 0
3.582 0
3.583 0
3.584 0
3.585 0
3.586 0
3.587 0
3.588 0
3.589 0
3.59 0
3.591 0
3.592 0
3.593 0
3.594 0
3.595 0
3.596 0
3.597 0
3.598 0
3.599 0
3.6 0
3.601 0
3.602 0
3.603 0
3.604 0
3.605 0
3.606 0
3.607 0
3.608 0
3.609 0
3.61 0
3.611 0
3.612 0
3.613 0
3.614 0
3.615 0
3.616 0
3.617 0
3.618 0
3.619 0
3.62 0
3.621 0
3.622 0
3.623 0
3.624 0
3.625 0
3.626 0
3.627 0
3.628 0
3.629 0
3.63 0
3.631 0
3.632 0
3.633 0
3.634 0
3.635 0
3.636 0
3.637 0
3.638 0
3.639 0
3.64 0
3.641 0
3.642 0
3.643 0
3.644 0
3.645 0
3.646 0
3.647 0
3.648 0
3.649 0
3.65 0
3.651 0
3.652 0
3.653 0
3.654 0
3.655 0
3.656 0
3.657 0
3.658 0
3.659 0
3.66 0
3.661 0
3.662 0
3.663 0
3.664 0
3.665 0
3.666 0
3.667 0
3.668 0
3.669 0
3.67 0
3.671 0
3.672 0
3.673 0
3.674 0
3.675 0
3.676 0
3.677 0
3.678 0
3.679 0
3.68 0
3.681 0
3.682 0
3.683 0
3.684 0
3.685 0
3.686 0
3.687 0
3.688 0
3.689 0
3.69 0
3.691 0
3.692 0
3.693 0
3.694 0
3.695 0
3.696 0
3.697 0
3.698 0
3.699 0
3.7 0
3.701 0
3.702 0
3.703 0
3.704 0
3.705 0
3.706 0
3.707 0
3.708 0
3.709 0
3.71 0
3.711 0
3.712 0
3.713 0
3.714 0
3.715 0
3.716 0
3.717 0
3.718 0
3.719 0
3.72 0
3.721 0
3.722 0
3.723 0
3.724 0
3.725 0
3.726 0
3.727 0
3.728 0
3.729 0
3.73 0
3.731 0
3.732 0
3.733 0
3.734 0
3.735 0
3.736 0
3.737 0
3.738 0
3.739 0
3.74 0
3.741 0
3.742 0
3.743 0
3.744 0
3.745 0
3.746 0
3.747 0
3.748 0
3.749 0
3.75 0
3.751 0
3.752 0
3.753 0
3.754 0
3.755 0
3.756 0
3.757 0
3.758 0
3.759 0
3.76 0
3.761 0
3.762 0
3.763 0
3.764 0
3.765 0
3.766 0
3.767 0
3.768 0
3.769 0
3.77 0
3.771 0
3.772 0
3.773 0
3.774 0
3.775 0
3.776 0
3.777 0
3.778 0
3.779 0
3.78 0
3.781 0
3.782 0
3.783 0
3.784 0
3.785 0
3.786 0
3.787 0
3.788 0
3.789 0
3.79 0
3.791 0
3.792 0
3.793 0
3.794 0
3.795 0
3.796 0
3.797 0
3.798 0
3.799 0
3.8 0
3.801 0
3.802 0
3.803 0
3.804 0
3.805 0
3.806 0
3.807 0
3.808 0
3.809 0
3.81 0
3.811 0
3.812 0
3.813 0
3.814 0
3.815 0
3.816 0
3.817 0
3.818 0
3.819 0
3.82 0
3.821 0
3.822 0
3.823 0
3.824 0
3.825 0
3.826 0
3.827 0
3.828 0
3.829 0
3.83 0
3.831 0
3.832 0
3.833 0
3.834 0
3.835 0
3.836 0
